LECROYWP740Zi,51411,Waveform
Segments,1,SegmentSize,20002
Segment,TrigTime,TimeSinceSegment1
#1,04-Aug-2023 13:12:44,0                 
Time,Ampl
2.38195e-06,-0.0110029
2.382e-06,-0.0110029
2.38205e-06,-0.01089808
2.3821e-06,-0.0108146
2.38215e-06,-0.01079907
2.3822e-06,-0.01078354
2.38225e-06,-0.01075054
2.3823e-06,-0.01078548
2.38235e-06,-0.01092137
2.3824e-06,-0.01104949
2.38245e-06,-0.01105143
2.3825e-06,-0.01095437
2.38255e-06,-0.01087866
2.3826e-06,-0.0109039
2.38265e-06,-0.01099514
2.3827e-06,-0.01105337
2.38275e-06,-0.01101843
2.3828e-06,-0.01091166
2.38285e-06,-0.01081848
2.3829e-06,-0.01079519
2.38295e-06,-0.01081072
2.383e-06,-0.01079907
2.38305e-06,-0.01075054
2.3831e-06,-0.0107486
2.38315e-06,-0.01083207
2.3832e-06,-0.01092525
2.38325e-06,-0.01092913
2.3833e-06,-0.01087478
2.38335e-06,-0.01087672
2.3834e-06,-0.01095243
2.38345e-06,-0.01097572
2.3835e-06,-0.01086313
2.38355e-06,-0.01073695
2.3836e-06,-0.01079325
2.38365e-06,-0.01103008
2.3837e-06,-0.01119702
2.38375e-06,-0.01107279
2.3838e-06,-0.01075248
2.38385e-06,-0.01055448
2.3839e-06,-0.01064377
2.38395e-06,-0.01085925
2.384e-06,-0.01094466
2.38405e-06,-0.01087672
2.3841e-06,-0.01083207
2.38415e-06,-0.01089808
2.3842e-06,-0.01096019
2.38425e-06,-0.01089419
2.3843e-06,-0.01075637
2.38435e-06,-0.01071366
2.3844e-06,-0.0108146
2.38445e-06,-0.01094855
2.3845e-06,-0.0109932
2.38455e-06,-0.01096019
2.3846e-06,-0.01092137
2.38465e-06,-0.01089031
2.3847e-06,-0.0108379
2.38475e-06,-0.01077578
2.3848e-06,-0.01077772
2.38485e-06,-0.01088449
2.3849e-06,-0.01103008
2.38495e-06,-0.01108637
2.385e-06,-0.01098737
2.38505e-06,-0.01081072
2.3851e-06,-0.01070201
2.38515e-06,-0.01072531
2.3852e-06,-0.01079713
2.38525e-06,-0.01079907
2.3853e-06,-0.01073695
2.38535e-06,-0.01072336
2.3854e-06,-0.01082431
2.38545e-06,-0.01096602
2.3855e-06,-0.01101261
2.38555e-06,-0.01091943
2.3856e-06,-0.01079713
2.38565e-06,-0.01079907
2.3857e-06,-0.01094078
2.38575e-06,-0.01105143
2.3858e-06,-0.01097572
2.38585e-06,-0.01078937
2.3859e-06,-0.01071754
2.38595e-06,-0.01084566
2.386e-06,-0.01099514
2.38605e-06,-0.01097378
2.3861e-06,-0.01082625
2.38615e-06,-0.01074666
2.3862e-06,-0.01080101
2.38625e-06,-0.01089031
2.3863e-06,-0.01093108
2.38635e-06,-0.0109699
2.3864e-06,-0.01105143
2.38645e-06,-0.01111549
2.3865e-06,-0.01108249
2.38655e-06,-0.01097767
2.3866e-06,-0.01089225
2.38665e-06,-0.01084954
2.3867e-06,-0.01080101
2.38675e-06,-0.01073695
2.3868e-06,-0.01070589
2.38685e-06,-0.01074666
2.3869e-06,-0.01083984
2.38695e-06,-0.01093108
2.387e-06,-0.01098155
2.38705e-06,-0.01096019
2.3871e-06,-0.01086896
2.38715e-06,-0.01077578
2.3872e-06,-0.01076413
2.38725e-06,-0.01083596
2.3873e-06,-0.01089613
2.38735e-06,-0.01088837
2.3874e-06,-0.01085343
2.38745e-06,-0.01085149
2.3875e-06,-0.01085731
2.38755e-06,-0.01082431
2.3876e-06,-0.0107719
2.38765e-06,-0.0107719
2.3877e-06,-0.01083207
2.38775e-06,-0.01090778
2.3878e-06,-0.01096214
2.38785e-06,-0.01100678
2.3879e-06,-0.01104561
2.38795e-06,-0.01105531
2.388e-06,-0.01100678
2.38805e-06,-0.01089808
2.3881e-06,-0.01076025
2.38815e-06,-0.01064766
2.3882e-06,-0.01062824
2.38825e-06,-0.01071172
2.3883e-06,-0.01081266
2.38835e-06,-0.01083013
2.3884e-06,-0.01076219
2.38845e-06,-0.01071172
2.3885e-06,-0.01073889
2.38855e-06,-0.01079131
2.3886e-06,-0.01078742
2.38865e-06,-0.01075054
2.3887e-06,-0.01076995
2.38875e-06,-0.01087284
2.3888e-06,-0.01096214
2.38885e-06,-0.01093884
2.3889e-06,-0.01083207
2.38895e-06,-0.01075248
2.389e-06,-0.01074666
2.38905e-06,-0.01076219
2.3891e-06,-0.01072919
2.38915e-06,-0.01067872
2.3892e-06,-0.01069619
2.38925e-06,-0.01080101
2.3893e-06,-0.01091555
2.38935e-06,-0.01095437
2.3894e-06,-0.01094466
2.38945e-06,-0.01096019
2.3895e-06,-0.0109932
2.38955e-06,-0.01096214
2.3896e-06,-0.0108476
2.38965e-06,-0.01076607
2.3897e-06,-0.0108146
2.38975e-06,-0.01093108
2.3898e-06,-0.01095437
2.38985e-06,-0.01083596
2.3899e-06,-0.01069425
2.38995e-06,-0.01066319
2.39e-06,-0.01074084
2.39005e-06,-0.01081266
2.3901e-06,-0.01082237
2.39015e-06,-0.0108049
2.3902e-06,-0.0108146
2.39025e-06,-0.01085343
2.3903e-06,-0.01090584
2.39035e-06,-0.01096019
2.3904e-06,-0.01097961
2.39045e-06,-0.01091943
2.3905e-06,-0.01079713
2.39055e-06,-0.01070007
2.3906e-06,-0.01067677
2.39065e-06,-0.01067289
2.3907e-06,-0.01063601
2.39075e-06,-0.01062242
2.3908e-06,-0.01071172
2.39085e-06,-0.01085731
2.3909e-06,-0.01094661
2.39095e-06,-0.01095437
2.391e-06,-0.01095049
2.39105e-06,-0.01097767
2.3911e-06,-0.0110029
2.39115e-06,-0.01098349
2.3912e-06,-0.01093108
2.39125e-06,-0.01086119
2.3913e-06,-0.01076801
2.39135e-06,-0.01064766
2.3914e-06,-0.01056418
2.39145e-06,-0.0105933
2.3915e-06,-0.01072919
2.39155e-06,-0.01085925
2.3916e-06,-0.01088449
2.39165e-06,-0.01083207
2.3917e-06,-0.0108146
2.39175e-06,-0.01087284
2.3918e-06,-0.01091943
2.39185e-06,-0.01088255
2.3919e-06,-0.01079907
2.39195e-06,-0.01074666
2.392e-06,-0.01074278
2.39205e-06,-0.01075248
2.3921e-06,-0.01076607
2.39215e-06,-0.0107719
2.3922e-06,-0.01074472
2.39225e-06,-0.01067483
2.3923e-06,-0.01061466
2.39235e-06,-0.01062436
2.3924e-06,-0.01072142
2.39245e-06,-0.01085731
2.3925e-06,-0.01096019
2.39255e-06,-0.01097184
2.3926e-06,-0.01090002
2.39265e-06,-0.01081848
2.3927e-06,-0.01081266
2.39275e-06,-0.01088449
2.3928e-06,-0.01095049
2.39285e-06,-0.01094661
2.3929e-06,-0.01088643
2.39295e-06,-0.01083207
2.393e-06,-0.01081654
2.39305e-06,-0.01083207
2.3931e-06,-0.01085537
2.39315e-06,-0.01087866
2.3932e-06,-0.01090584
2.39325e-06,-0.01094855
2.3933e-06,-0.01100096
2.39335e-06,-0.01103202
2.3934e-06,-0.01100873
2.39345e-06,-0.0109369
2.3935e-06,-0.01086313
2.39355e-06,-0.01082237
2.3936e-06,-0.01080878
2.39365e-06,-0.01080101
2.3937e-06,-0.01079519
2.39375e-06,-0.01080295
2.3938e-06,-0.01081266
2.39385e-06,-0.01080684
2.3939e-06,-0.01079519
2.39395e-06,-0.01082625
2.394e-06,-0.01091943
2.39405e-06,-0.01101649
2.3941e-06,-0.01106502
2.39415e-06,-0.01107279
2.3942e-06,-0.0110592
2.39425e-06,-0.01100484
2.3943e-06,-0.01088643
2.39435e-06,-0.01075248
2.3944e-06,-0.01068648
2.39445e-06,-0.01070978
2.3945e-06,-0.01075442
2.39455e-06,-0.01074472
2.3946e-06,-0.01070783
2.39465e-06,-0.01071754
2.3947e-06,-0.01078742
2.39475e-06,-0.01084954
2.3948e-06,-0.01086702
2.39485e-06,-0.0109039
2.3949e-06,-0.01098737
2.39495e-06,-0.01104755
2.395e-06,-0.01100678
2.39505e-06,-0.01090584
2.3951e-06,-0.01082625
2.39515e-06,-0.01076413
2.3952e-06,-0.01067677
2.39525e-06,-0.01060301
2.3953e-06,-0.01062048
2.39535e-06,-0.01071754
2.3954e-06,-0.01077772
2.39545e-06,-0.01073501
2.3955e-06,-0.01065154
2.39555e-06,-0.01063019
2.3956e-06,-0.01070007
2.39565e-06,-0.01078548
2.3957e-06,-0.01079519
2.39575e-06,-0.01071948
2.3958e-06,-0.01064766
2.39585e-06,-0.01066707
2.3959e-06,-0.01075637
2.39595e-06,-0.01081848
2.396e-06,-0.01080101
2.39605e-06,-0.01073889
2.3961e-06,-0.01070201
2.39615e-06,-0.01072725
2.3962e-06,-0.01078548
2.39625e-06,-0.01082237
2.3963e-06,-0.01081654
2.39635e-06,-0.01079907
2.3964e-06,-0.01081266
2.39645e-06,-0.01085925
2.3965e-06,-0.01090972
2.39655e-06,-0.01091943
2.3966e-06,-0.01086702
2.39665e-06,-0.01077772
2.3967e-06,-0.01069619
2.39675e-06,-0.01064571
2.3968e-06,-0.01060689
2.39685e-06,-0.01057001
2.3969e-06,-0.01056224
2.39695e-06,-0.01061271
2.397e-06,-0.01069619
2.39705e-06,-0.01076607
2.3971e-06,-0.0108049
2.39715e-06,-0.01082431
2.3972e-06,-0.01082237
2.39725e-06,-0.01079519
2.3973e-06,-0.01077772
2.39735e-06,-0.01079907
2.3974e-06,-0.01081848
2.39745e-06,-0.01075637
2.3975e-06,-0.0106166
2.39755e-06,-0.01052924
2.3976e-06,-0.01062242
2.39765e-06,-0.01083596
2.3977e-06,-0.01095631
2.39775e-06,-0.01085925
2.3978e-06,-0.01066707
2.39785e-06,-0.01061271
2.3979e-06,-0.01075442
2.39795e-06,-0.01093496
2.398e-06,-0.01100096
2.39805e-06,-0.01094272
2.3981e-06,-0.01084178
2.39815e-06,-0.01075248
2.3982e-06,-0.0106923
2.39825e-06,-0.01066124
2.3983e-06,-0.01064571
2.39835e-06,-0.0106263
2.3984e-06,-0.01061854
2.39845e-06,-0.01065154
2.3985e-06,-0.01071172
2.39855e-06,-0.01076607
2.3986e-06,-0.01081654
2.39865e-06,-0.01088643
2.3987e-06,-0.01092913
2.39875e-06,-0.01085537
2.3988e-06,-0.01068454
2.39885e-06,-0.01057389
2.3989e-06,-0.01060689
2.39895e-06,-0.01067677
2.399e-06,-0.01064766
2.39905e-06,-0.01054477
2.3991e-06,-0.01048653
2.39915e-06,-0.01050789
2.3992e-06,-0.01054865
2.39925e-06,-0.01058554
2.3993e-06,-0.0106496
2.39935e-06,-0.01074472
2.3994e-06,-0.01082043
2.39945e-06,-0.01082625
2.3995e-06,-0.01076607
2.39955e-06,-0.01068648
2.3996e-06,-0.01064183
2.39965e-06,-0.01066901
2.3997e-06,-0.01073307
2.39975e-06,-0.01074472
2.3998e-06,-0.01066707
2.39985e-06,-0.01056807
2.3999e-06,-0.01053701
2.39995e-06,-0.01056807
2.4e-06,-0.0105933
2.40005e-06,-0.01060883
2.4001e-06,-0.01067095
2.40015e-06,-0.01078742
2.4002e-06,-0.01088449
2.40025e-06,-0.01089419
2.4003e-06,-0.01083984
2.40035e-06,-0.01078937
2.4004e-06,-0.01077772
2.40045e-06,-0.01078548
2.4005e-06,-0.01077384
2.40055e-06,-0.01072142
2.4006e-06,-0.01064377
2.40065e-06,-0.0105836
2.4007e-06,-0.01058942
2.40075e-06,-0.01066124
2.4008e-06,-0.01073307
2.40085e-06,-0.01074278
2.4009e-06,-0.01071754
2.40095e-06,-0.01074084
2.401e-06,-0.01082237
2.40105e-06,-0.01085731
2.4011e-06,-0.01076607
2.40115e-06,-0.0106263
2.4012e-06,-0.01057777
2.40125e-06,-0.01064377
2.4013e-06,-0.01070007
2.40135e-06,-0.01065542
2.4014e-06,-0.01055254
2.40145e-06,-0.01050595
2.4015e-06,-0.01057001
2.40155e-06,-0.01070201
2.4016e-06,-0.01081654
2.40165e-06,-0.01086507
2.4017e-06,-0.01085925
2.40175e-06,-0.01085149
2.4018e-06,-0.01084954
2.40185e-06,-0.01081848
2.4019e-06,-0.01074084
2.40195e-06,-0.01067095
2.402e-06,-0.01065154
2.40205e-06,-0.01065542
2.4021e-06,-0.01060883
2.40215e-06,-0.01053118
2.4022e-06,-0.01052148
2.40225e-06,-0.01063407
2.4023e-06,-0.0107816
2.40235e-06,-0.01082431
2.4024e-06,-0.01075637
2.40245e-06,-0.01072336
2.4025e-06,-0.01082043
2.40255e-06,-0.01093108
2.4026e-06,-0.01087478
2.40265e-06,-0.01068454
2.4027e-06,-0.01060301
2.40275e-06,-0.01074278
2.4028e-06,-0.01092913
2.40285e-06,-0.01093302
2.4029e-06,-0.01076025
2.40295e-06,-0.0105933
2.403e-06,-0.01054283
2.40305e-06,-0.01057583
2.4031e-06,-0.01062824
2.40315e-06,-0.0106826
2.4032e-06,-0.01070783
2.40325e-06,-0.01068648
2.4033e-06,-0.01066901
2.40335e-06,-0.01074278
2.4034e-06,-0.01087672
2.40345e-06,-0.01092719
2.4035e-06,-0.01082043
2.40355e-06,-0.01066124
2.4036e-06,-0.01059136
2.40365e-06,-0.0106166
2.4037e-06,-0.01063795
2.40375e-06,-0.01059524
2.4038e-06,-0.01052342
2.40385e-06,-0.01051177
2.4039e-06,-0.01061854
2.40395e-06,-0.01081654
2.404e-06,-0.0109932
2.40405e-06,-0.01104367
2.4041e-06,-0.01095049
2.40415e-06,-0.01079131
2.4042e-06,-0.01066707
2.40425e-06,-0.0106263
2.4043e-06,-0.01065154
2.40435e-06,-0.0106826
2.4044e-06,-0.01068842
2.40445e-06,-0.01068648
2.4045e-06,-0.01069036
2.40455e-06,-0.0106593
2.4046e-06,-0.01057583
2.40465e-06,-0.01050789
2.4047e-06,-0.01055448
2.40475e-06,-0.01069619
2.4048e-06,-0.01079325
2.40485e-06,-0.01077772
2.4049e-06,-0.01073113
2.40495e-06,-0.01074084
2.405e-06,-0.01075442
2.40505e-06,-0.01068842
2.4051e-06,-0.01059136
2.40515e-06,-0.01060301
2.4052e-06,-0.01074278
2.40525e-06,-0.01087672
2.4053e-06,-0.01087866
2.40535e-06,-0.01079325
2.4054e-06,-0.01074472
2.40545e-06,-0.01077578
2.4055e-06,-0.01082043
2.40555e-06,-0.01081654
2.4056e-06,-0.01077772
2.40565e-06,-0.01074472
2.4057e-06,-0.01073695
2.40575e-06,-0.01074666
2.4058e-06,-0.01076025
2.40585e-06,-0.01075442
2.4059e-06,-0.01070201
2.40595e-06,-0.01061271
2.406e-06,-0.01055059
2.40605e-06,-0.01057971
2.4061e-06,-0.01067483
2.40615e-06,-0.0107486
2.4062e-06,-0.01076025
2.40625e-06,-0.01076025
2.4063e-06,-0.01079713
2.40635e-06,-0.01084566
2.4064e-06,-0.01086313
2.40645e-06,-0.01085731
2.4065e-06,-0.01085537
2.40655e-06,-0.0108379
2.4066e-06,-0.01078548
2.40665e-06,-0.01073307
2.4067e-06,-0.0107156
2.40675e-06,-0.01070978
2.4068e-06,-0.01066319
2.40685e-06,-0.01060689
2.4069e-06,-0.01061271
2.40695e-06,-0.01069036
2.407e-06,-0.01075054
2.40705e-06,-0.01073501
2.4071e-06,-0.01068842
2.40715e-06,-0.01071172
2.4072e-06,-0.0108146
2.40725e-06,-0.01089225
2.4073e-06,-0.01083207
2.40735e-06,-0.01065348
2.4074e-06,-0.01050206
2.40745e-06,-0.01048265
2.4075e-06,-0.01057001
2.40755e-06,-0.01066901
2.4076e-06,-0.01072725
2.40765e-06,-0.01074084
2.4077e-06,-0.01070395
2.40775e-06,-0.01064183
2.4078e-06,-0.01062436
2.40785e-06,-0.01070201
2.4079e-06,-0.01081848
2.40795e-06,-0.01088255
2.408e-06,-0.0108806
2.40805e-06,-0.01087478
2.4081e-06,-0.01089613
2.40815e-06,-0.01089031
2.4082e-06,-0.01080101
2.40825e-06,-0.0106496
2.4083e-06,-0.01053895
2.40835e-06,-0.01054865
2.4084e-06,-0.01066124
2.40845e-06,-0.01079907
2.4085e-06,-0.01089613
2.40855e-06,-0.01092137
2.4086e-06,-0.01087284
2.40865e-06,-0.01074666
2.4087e-06,-0.01060495
2.40875e-06,-0.01056612
2.4088e-06,-0.01069425
2.40885e-06,-0.0108709
2.4089e-06,-0.01090584
2.40895e-06,-0.01076607
2.409e-06,-0.0106166
2.40905e-06,-0.0105933
2.4091e-06,-0.01063213
2.40915e-06,-0.01060301
2.4092e-06,-0.01052342
2.40925e-06,-0.01054283
2.4093e-06,-0.01069425
2.40935e-06,-0.01084566
2.4094e-06,-0.01087866
2.40945e-06,-0.01083013
2.4095e-06,-0.01079519
2.40955e-06,-0.01079325
2.4096e-06,-0.01079907
2.40965e-06,-0.0108146
2.4097e-06,-0.01083984
2.40975e-06,-0.0108146
2.4098e-06,-0.01070783
2.40985e-06,-0.01062048
2.4099e-06,-0.0106923
2.40995e-06,-0.01086507
2.41e-06,-0.01091166
2.41005e-06,-0.01075831
2.4101e-06,-0.01062436
2.41015e-06,-0.01071172
2.4102e-06,-0.01091749
2.41025e-06,-0.01098543
2.4103e-06,-0.01085149
2.41035e-06,-0.0106923
2.4104e-06,-0.01065736
2.41045e-06,-0.01072142
2.4105e-06,-0.01076413
2.41055e-06,-0.01070783
2.4106e-06,-0.01058554
2.41065e-06,-0.01051371
2.4107e-06,-0.01057583
2.41075e-06,-0.01072531
2.4108e-06,-0.0108146
2.41085e-06,-0.01077772
2.4109e-06,-0.0107156
2.41095e-06,-0.01074666
2.411e-06,-0.01082625
2.41105e-06,-0.0108146
2.4111e-06,-0.01068842
2.41115e-06,-0.01058165
2.4112e-06,-0.01061466
2.41125e-06,-0.01073501
2.4113e-06,-0.01080684
2.41135e-06,-0.01076025
2.4114e-06,-0.01066124
2.41145e-06,-0.01059136
2.4115e-06,-0.0105603
2.41155e-06,-0.01054671
2.4116e-06,-0.01059136
2.41165e-06,-0.01075248
2.4117e-06,-0.0109699
2.41175e-06,-0.0110689
2.4118e-06,-0.0109699
2.41185e-06,-0.01080101
2.4119e-06,-0.01074666
2.41195e-06,-0.01080878
2.412e-06,-0.01081848
2.41205e-06,-0.01069619
2.4121e-06,-0.0105603
2.41215e-06,-0.01056418
2.4122e-06,-0.01068842
2.41225e-06,-0.01077578
2.4123e-06,-0.01075248
2.41235e-06,-0.01070201
2.4124e-06,-0.01071366
2.41245e-06,-0.01076801
2.4125e-06,-0.01079907
2.41255e-06,-0.01080684
2.4126e-06,-0.0108379
2.41265e-06,-0.01088837
2.4127e-06,-0.0108806
2.41275e-06,-0.01076995
2.4128e-06,-0.01062824
2.41285e-06,-0.01055642
2.4129e-06,-0.01058554
2.41295e-06,-0.01065736
2.413e-06,-0.01070201
2.41305e-06,-0.01069036
2.4131e-06,-0.01065736
2.41315e-06,-0.01066707
2.4132e-06,-0.0107486
2.41325e-06,-0.01087284
2.4133e-06,-0.0109699
2.41335e-06,-0.01099514
2.4134e-06,-0.01095825
2.41345e-06,-0.01088837
2.4135e-06,-0.0108049
2.41355e-06,-0.01070783
2.4136e-06,-0.0106166
2.41365e-06,-0.0105603
2.4137e-06,-0.01055448
2.41375e-06,-0.01058942
2.4138e-06,-0.01064183
2.41385e-06,-0.01068066
2.4139e-06,-0.01070201
2.41395e-06,-0.01072725
2.414e-06,-0.01077772
2.41405e-06,-0.01084178
2.4141e-06,-0.01088643
2.41415e-06,-0.01089419
2.4142e-06,-0.01085343
2.41425e-06,-0.01077772
2.4143e-06,-0.01071172
2.41435e-06,-0.0106923
2.4144e-06,-0.0107156
2.41445e-06,-0.01072919
2.4145e-06,-0.01070589
2.41455e-06,-0.01068454
2.4146e-06,-0.01072919
2.41465e-06,-0.01081848
2.4147e-06,-0.01084372
2.41475e-06,-0.01075831
2.4148e-06,-0.0106826
2.41485e-06,-0.01074472
2.4149e-06,-0.01088449
2.41495e-06,-0.01089808
2.415e-06,-0.01072725
2.41505e-06,-0.01055254
2.4151e-06,-0.01053312
2.41515e-06,-0.01061854
2.4152e-06,-0.01066707
2.41525e-06,-0.01066707
2.4153e-06,-0.01070201
2.41535e-06,-0.01077772
2.4154e-06,-0.0108146
2.41545e-06,-0.01078742
2.4155e-06,-0.01076219
2.41555e-06,-0.01077966
2.4156e-06,-0.01082043
2.41565e-06,-0.01085343
2.4157e-06,-0.01088255
2.41575e-06,-0.01089225
2.4158e-06,-0.01083401
2.41585e-06,-0.0107156
2.4159e-06,-0.0106166
2.41595e-06,-0.01059913
2.416e-06,-0.01064183
2.41605e-06,-0.01066901
2.4161e-06,-0.01066513
2.41615e-06,-0.01067483
2.4162e-06,-0.01071754
2.41625e-06,-0.01074472
2.4163e-06,-0.01070395
2.41635e-06,-0.01063989
2.4164e-06,-0.01066124
2.41645e-06,-0.01080101
2.4165e-06,-0.01094466
2.41655e-06,-0.01093108
2.4166e-06,-0.0107486
2.41665e-06,-0.01056224
2.4167e-06,-0.01054283
2.41675e-06,-0.01066319
2.4168e-06,-0.01076995
2.41685e-06,-0.01077966
2.4169e-06,-0.01075248
2.41695e-06,-0.01074084
2.417e-06,-0.01072725
2.41705e-06,-0.01070978
2.4171e-06,-0.01076025
2.41715e-06,-0.01089613
2.4172e-06,-0.01098737
2.41725e-06,-0.01091749
2.4173e-06,-0.01076219
2.41735e-06,-0.01070783
2.4174e-06,-0.01077966
2.41745e-06,-0.01083984
2.4175e-06,-0.01080295
2.41755e-06,-0.0107486
2.4176e-06,-0.01074084
2.41765e-06,-0.01073501
2.4177e-06,-0.01068648
2.41775e-06,-0.01066707
2.4178e-06,-0.01074666
2.41785e-06,-0.01087478
2.4179e-06,-0.01092525
2.41795e-06,-0.01085537
2.418e-06,-0.01075054
2.41805e-06,-0.01071948
2.4181e-06,-0.01077578
2.41815e-06,-0.01083401
2.4182e-06,-0.01083207
2.41825e-06,-0.01079325
2.4183e-06,-0.01077772
2.41835e-06,-0.01077966
2.4184e-06,-0.01076607
2.41845e-06,-0.01076025
2.4185e-06,-0.0108146
2.41855e-06,-0.0109039
2.4186e-06,-0.01092137
2.41865e-06,-0.01082043
2.4187e-06,-0.01070395
2.41875e-06,-0.01071366
2.4188e-06,-0.01084178
2.41885e-06,-0.01094272
2.4189e-06,-0.01090972
2.41895e-06,-0.01078937
2.419e-06,-0.01071366
2.41905e-06,-0.01075248
2.4191e-06,-0.0108476
2.41915e-06,-0.01089031
2.4192e-06,-0.01084566
2.41925e-06,-0.01077772
2.4193e-06,-0.01076801
2.41935e-06,-0.01083207
2.4194e-06,-0.01089613
2.41945e-06,-0.01089613
2.4195e-06,-0.01085343
2.41955e-06,-0.01083984
2.4196e-06,-0.01086896
2.41965e-06,-0.0108709
2.4197e-06,-0.0108146
2.41975e-06,-0.01076413
2.4198e-06,-0.01076219
2.41985e-06,-0.01077578
2.4199e-06,-0.01075637
2.41995e-06,-0.01072531
2.42e-06,-0.01072725
2.42005e-06,-0.0107486
2.4201e-06,-0.01075831
2.42015e-06,-0.01076607
2.4202e-06,-0.0108146
2.42025e-06,-0.01089419
2.4203e-06,-0.0109369
2.42035e-06,-0.0109039
2.4204e-06,-0.01082625
2.42045e-06,-0.01077384
2.4205e-06,-0.01076607
2.42055e-06,-0.01075637
2.4206e-06,-0.01071754
2.42065e-06,-0.01070783
2.4207e-06,-0.01076413
2.42075e-06,-0.0108146
2.4208e-06,-0.01076025
2.42085e-06,-0.01065154
2.4209e-06,-0.01064183
2.42095e-06,-0.01075248
2.421e-06,-0.01081848
2.42105e-06,-0.01073889
2.4211e-06,-0.01062824
2.42115e-06,-0.01064377
2.4212e-06,-0.01075442
2.42125e-06,-0.01079325
2.4213e-06,-0.01071948
2.42135e-06,-0.01066124
2.4214e-06,-0.01070783
2.42145e-06,-0.01076995
2.4215e-06,-0.01074666
2.42155e-06,-0.01070395
2.4216e-06,-0.01077966
2.42165e-06,-0.01094078
2.4217e-06,-0.01101649
2.42175e-06,-0.01094272
2.4218e-06,-0.01086702
2.42185e-06,-0.01091749
2.4219e-06,-0.01102426
2.42195e-06,-0.01101649
2.422e-06,-0.01087478
2.42205e-06,-0.01076025
2.4221e-06,-0.01078548
2.42215e-06,-0.01086313
2.4222e-06,-0.01084372
2.42225e-06,-0.01072336
2.4223e-06,-0.01063407
2.42235e-06,-0.0106593
2.4224e-06,-0.01077772
2.42245e-06,-0.01093108
2.4225e-06,-0.01106114
2.42255e-06,-0.01108832
2.4226e-06,-0.01098155
2.42265e-06,-0.01082819
2.4227e-06,-0.0107486
2.42275e-06,-0.01075442
2.4228e-06,-0.01076219
2.42285e-06,-0.01073307
2.4229e-06,-0.01070589
2.42295e-06,-0.01070589
2.423e-06,-0.01070783
2.42305e-06,-0.01068648
2.4231e-06,-0.01067095
2.42315e-06,-0.01071754
2.4232e-06,-0.01084954
2.42325e-06,-0.01100484
2.4233e-06,-0.01109608
2.42335e-06,-0.01109608
2.4234e-06,-0.0110359
2.42345e-06,-0.01094466
2.4235e-06,-0.01084372
2.42355e-06,-0.01078742
2.4236e-06,-0.01081654
2.42365e-06,-0.01085925
2.4237e-06,-0.01079519
2.42375e-06,-0.0106263
2.4238e-06,-0.01052342
2.42385e-06,-0.01063213
2.4239e-06,-0.01086313
2.42395e-06,-0.01098737
2.424e-06,-0.01090972
2.42405e-06,-0.01077384
2.4241e-06,-0.0107486
2.42415e-06,-0.01083207
2.4242e-06,-0.01090196
2.42425e-06,-0.01087866
2.4243e-06,-0.01076801
2.42435e-06,-0.01063019
2.4244e-06,-0.01055642
2.42445e-06,-0.01062242
2.4245e-06,-0.01079713
2.42455e-06,-0.01093884
2.4246e-06,-0.01092913
2.42465e-06,-0.01079713
2.4247e-06,-0.01068648
2.42475e-06,-0.01069036
2.4248e-06,-0.01077966
2.42485e-06,-0.01086119
2.4249e-06,-0.01088255
2.42495e-06,-0.01085731
2.425e-06,-0.01080878
2.42505e-06,-0.01073307
2.4251e-06,-0.01063989
2.42515e-06,-0.0105836
2.4252e-06,-0.01063989
2.42525e-06,-0.0107816
2.4253e-06,-0.01087866
2.42535e-06,-0.01081654
2.4254e-06,-0.01063601
2.42545e-06,-0.01050401
2.4255e-06,-0.01052536
2.42555e-06,-0.01064766
2.4256e-06,-0.01075248
2.42565e-06,-0.01079519
2.4257e-06,-0.01080684
2.42575e-06,-0.0108049
2.4258e-06,-0.01076801
2.42585e-06,-0.01070783
2.4259e-06,-0.0106593
2.42595e-06,-0.01063601
2.426e-06,-0.01063213
2.42605e-06,-0.01066124
2.4261e-06,-0.01074278
2.42615e-06,-0.01084372
2.4262e-06,-0.0109136
2.42625e-06,-0.01094855
2.4263e-06,-0.01097184
2.42635e-06,-0.01096408
2.4264e-06,-0.01089419
2.42645e-06,-0.0108049
2.4265e-06,-0.01078742
2.42655e-06,-0.01084954
2.4266e-06,-0.01088255
2.42665e-06,-0.01080684
2.4267e-06,-0.01068648
2.42675e-06,-0.01063989
2.4268e-06,-0.01068454
2.42685e-06,-0.01072725
2.4269e-06,-0.0107156
2.42695e-06,-0.01070395
2.427e-06,-0.0107486
2.42705e-06,-0.01083596
2.4271e-06,-0.01090584
2.42715e-06,-0.01091749
2.4272e-06,-0.01087478
2.42725e-06,-0.01081072
2.4273e-06,-0.01076801
2.42735e-06,-0.01077966
2.4274e-06,-0.01083207
2.42745e-06,-0.01087478
2.4275e-06,-0.01086119
2.42755e-06,-0.01079713
2.4276e-06,-0.01074472
2.42765e-06,-0.01076607
2.4277e-06,-0.0108709
2.42775e-06,-0.01098349
2.4278e-06,-0.01102231
2.42785e-06,-0.01098543
2.4279e-06,-0.01095243
2.42795e-06,-0.01097767
2.428e-06,-0.01102037
2.42805e-06,-0.01100096
2.4281e-06,-0.01091749
2.42815e-06,-0.01084566
2.4282e-06,-0.01083013
2.42825e-06,-0.01083013
2.4283e-06,-0.01080878
2.42835e-06,-0.01078354
2.4284e-06,-0.01079713
2.42845e-06,-0.01086313
2.4285e-06,-0.01094272
2.42855e-06,-0.01098931
2.4286e-06,-0.01097767
2.42865e-06,-0.01092719
2.4287e-06,-0.01089225
2.42875e-06,-0.01089808
2.4288e-06,-0.01091943
2.42885e-06,-0.01091555
2.4289e-06,-0.01089419
2.42895e-06,-0.01089031
2.429e-06,-0.01090196
2.42905e-06,-0.01089031
2.4291e-06,-0.01083401
2.42915e-06,-0.01076607
2.4292e-06,-0.01075442
2.42925e-06,-0.01082819
2.4293e-06,-0.01094272
2.42935e-06,-0.0110262
2.4294e-06,-0.01104755
2.42945e-06,-0.01104367
2.4295e-06,-0.01104367
2.42955e-06,-0.01102814
2.4296e-06,-0.0109699
2.42965e-06,-0.01090002
2.4297e-06,-0.01087672
2.42975e-06,-0.01087866
2.4298e-06,-0.01083207
2.42985e-06,-0.01072531
2.4299e-06,-0.01066319
2.42995e-06,-0.01072336
2.43e-06,-0.01084372
2.43005e-06,-0.01090196
2.4301e-06,-0.01088449
2.43015e-06,-0.01088255
2.4302e-06,-0.01095631
2.43025e-06,-0.0110359
2.4303e-06,-0.01102037
2.43035e-06,-0.01091749
2.4304e-06,-0.01083013
2.43045e-06,-0.01081654
2.4305e-06,-0.01083401
2.43055e-06,-0.01081848
2.4306e-06,-0.01077772
2.43065e-06,-0.01074666
2.4307e-06,-0.01073307
2.43075e-06,-0.01075637
2.4308e-06,-0.01085537
2.43085e-06,-0.0110029
2.4309e-06,-0.01107861
2.43095e-06,-0.01102426
2.431e-06,-0.01094855
2.43105e-06,-0.01097572
2.4311e-06,-0.01104367
2.43115e-06,-0.01099902
2.4312e-06,-0.01084954
2.43125e-06,-0.01077966
2.4313e-06,-0.0108806
2.43135e-06,-0.01101067
2.4314e-06,-0.01098543
2.43145e-06,-0.01083207
2.4315e-06,-0.01075831
2.43155e-06,-0.01089031
2.4316e-06,-0.01111938
2.43165e-06,-0.01123197
2.4317e-06,-0.01115626
2.43175e-06,-0.01103396
2.4318e-06,-0.01101649
2.43185e-06,-0.01106502
2.4319e-06,-0.0110359
2.43195e-06,-0.01092525
2.432e-06,-0.01088837
2.43205e-06,-0.01098737
2.4321e-06,-0.01106696
2.43215e-06,-0.01097572
2.4322e-06,-0.0108049
2.43225e-06,-0.01078742
2.4323e-06,-0.01099708
2.43235e-06,-0.01123779
2.4324e-06,-0.01128438
2.43245e-06,-0.01112714
2.4325e-06,-0.01097378
2.43255e-06,-0.01097961
2.4326e-06,-0.0110922
2.43265e-06,-0.01113879
2.4327e-06,-0.0110359
2.43275e-06,-0.0108709
2.4328e-06,-0.01077772
2.43285e-06,-0.01079907
2.4329e-06,-0.0108709
2.43295e-06,-0.01090972
2.433e-06,-0.0109039
2.43305e-06,-0.01090972
2.4331e-06,-0.01097767
2.43315e-06,-0.01106696
2.4332e-06,-0.01110385
2.43325e-06,-0.01106308
2.4333e-06,-0.01098931
2.43335e-06,-0.01092719
2.4334e-06,-0.01088643
2.43345e-06,-0.01089808
2.4335e-06,-0.01097184
2.43355e-06,-0.01102037
2.4336e-06,-0.01092719
2.43365e-06,-0.01072919
2.4337e-06,-0.01062242
2.43375e-06,-0.01073307
2.4338e-06,-0.01093302
2.43385e-06,-0.01098737
2.4339e-06,-0.01086507
2.43395e-06,-0.01076801
2.434e-06,-0.01086507
2.43405e-06,-0.01107279
2.4341e-06,-0.0111912
2.43415e-06,-0.01113879
2.4342e-06,-0.0110029
2.43425e-06,-0.01087866
2.4343e-06,-0.01078937
2.43435e-06,-0.01074084
2.4344e-06,-0.01076413
2.43445e-06,-0.01083984
2.4345e-06,-0.01087866
2.43455e-06,-0.01083207
2.4346e-06,-0.01077966
2.43465e-06,-0.01084566
2.4347e-06,-0.01101455
2.43475e-06,-0.0111252
2.4348e-06,-0.01108055
2.43485e-06,-0.01097572
2.4349e-06,-0.0109699
2.43495e-06,-0.01107279
2.435e-06,-0.01114849
2.43505e-06,-0.0111019
2.4351e-06,-0.01096602
2.43515e-06,-0.01083401
2.4352e-06,-0.01077966
2.43525e-06,-0.01083401
2.4353e-06,-0.01093302
2.43535e-06,-0.01093108
2.4354e-06,-0.01076025
2.43545e-06,-0.01057777
2.4355e-06,-0.01061466
2.43555e-06,-0.01085731
2.4356e-06,-0.0110262
2.43565e-06,-0.01094078
2.4357e-06,-0.01074666
2.43575e-06,-0.0107156
2.4358e-06,-0.01088837
2.43585e-06,-0.01103784
2.4359e-06,-0.01097572
2.43595e-06,-0.01076995
2.436e-06,-0.01064377
2.43605e-06,-0.01071172
2.4361e-06,-0.01086313
2.43615e-06,-0.01093302
2.4362e-06,-0.01090778
2.43625e-06,-0.01089419
2.4363e-06,-0.01094272
2.43635e-06,-0.01099125
2.4364e-06,-0.01098931
2.43645e-06,-0.01096408
2.4365e-06,-0.01095437
2.43655e-06,-0.0109369
2.4366e-06,-0.01090778
2.43665e-06,-0.01090972
2.4367e-06,-0.01096214
2.43675e-06,-0.01097961
2.4368e-06,-0.01086507
2.43685e-06,-0.01067677
2.4369e-06,-0.01059136
2.43695e-06,-0.01071366
2.437e-06,-0.01093108
2.43705e-06,-0.01103008
2.4371e-06,-0.01094272
2.43715e-06,-0.01083013
2.4372e-06,-0.01085731
2.43725e-06,-0.01098155
2.4373e-06,-0.01101843
2.43735e-06,-0.01089031
2.4374e-06,-0.01072336
2.43745e-06,-0.01067677
2.4375e-06,-0.01078354
2.43755e-06,-0.01093496
2.4376e-06,-0.0109932
2.43765e-06,-0.01090584
2.4377e-06,-0.01076219
2.43775e-06,-0.01070007
2.4378e-06,-0.01076801
2.43785e-06,-0.01085925
2.4379e-06,-0.01083596
2.43795e-06,-0.01071172
2.438e-06,-0.01065542
2.43805e-06,-0.01076413
2.4381e-06,-0.01090972
2.43815e-06,-0.01087478
2.4382e-06,-0.01064183
2.43825e-06,-0.01043412
2.4383e-06,-0.01045159
2.43835e-06,-0.01064571
2.4384e-06,-0.0108146
2.43845e-06,-0.0108476
2.4385e-06,-0.01080878
2.43855e-06,-0.01079907
2.4386e-06,-0.01083401
2.43865e-06,-0.0108806
2.4387e-06,-0.01090196
2.43875e-06,-0.01086119
2.4388e-06,-0.01073695
2.43885e-06,-0.01058165
2.4389e-06,-0.01052342
2.43895e-06,-0.01061271
2.439e-06,-0.01073695
2.43905e-06,-0.0107486
2.4391e-06,-0.01065542
2.43915e-06,-0.01060301
2.4392e-06,-0.0106826
2.43925e-06,-0.01080684
2.4393e-06,-0.01082625
2.43935e-06,-0.01072725
2.4394e-06,-0.0106496
2.43945e-06,-0.01069813
2.4395e-06,-0.01081848
2.43955e-06,-0.01086702
2.4396e-06,-0.01080295
2.43965e-06,-0.01070589
2.4397e-06,-0.01066319
2.43975e-06,-0.01067677
2.4398e-06,-0.01071366
2.43985e-06,-0.01074666
2.4399e-06,-0.01075831
2.43995e-06,-0.01074472
2.44e-06,-0.01072531
2.44005e-06,-0.01072919
2.4401e-06,-0.01074472
2.44015e-06,-0.01073501
2.4402e-06,-0.0107156
2.44025e-06,-0.01074472
2.4403e-06,-0.01082431
2.44035e-06,-0.01087284
2.4404e-06,-0.01082819
2.44045e-06,-0.01072531
2.4405e-06,-0.01064183
2.44055e-06,-0.01059524
2.4406e-06,-0.0105603
2.44065e-06,-0.01054671
2.4407e-06,-0.01059718
2.44075e-06,-0.01068648
2.4408e-06,-0.01072336
2.44085e-06,-0.01067483
2.4409e-06,-0.01061077
2.44095e-06,-0.01061077
2.441e-06,-0.01066319
2.44105e-06,-0.01072142
2.4411e-06,-0.01077384
2.44115e-06,-0.01083596
2.4412e-06,-0.01088449
2.44125e-06,-0.01088449
2.4413e-06,-0.0108476
2.44135e-06,-0.01081266
2.4414e-06,-0.01077578
2.44145e-06,-0.01070589
2.4415e-06,-0.01063795
2.44155e-06,-0.01065348
2.4416e-06,-0.01076413
2.44165e-06,-0.0108806
2.4417e-06,-0.01090196
2.44175e-06,-0.01083984
2.4418e-06,-0.0107816
2.44185e-06,-0.0107816
2.4419e-06,-0.01081072
2.44195e-06,-0.01082431
2.442e-06,-0.01082431
2.44205e-06,-0.01080295
2.4421e-06,-0.01072531
2.44215e-06,-0.01060495
2.4422e-06,-0.01054283
2.44225e-06,-0.01061077
2.4423e-06,-0.01073695
2.44235e-06,-0.01080101
2.4424e-06,-0.01079519
2.44245e-06,-0.0108146
2.4425e-06,-0.01089808
2.44255e-06,-0.01095631
2.4426e-06,-0.01090002
2.44265e-06,-0.01075637
2.4427e-06,-0.01064183
2.44275e-06,-0.01063795
2.4428e-06,-0.01072919
2.44285e-06,-0.01082043
2.4429e-06,-0.01082431
2.44295e-06,-0.01075442
2.443e-06,-0.01071366
2.44305e-06,-0.01076219
2.4431e-06,-0.01083596
2.44315e-06,-0.0108379
2.4432e-06,-0.01079519
2.44325e-06,-0.01083013
2.4433e-06,-0.01097767
2.44335e-06,-0.01110773
2.4434e-06,-0.01107473
2.44345e-06,-0.01091555
2.4435e-06,-0.01079131
2.44355e-06,-0.01079907
2.4436e-06,-0.01086896
2.44365e-06,-0.01089225
2.4437e-06,-0.01084954
2.44375e-06,-0.01082431
2.4438e-06,-0.01085731
2.44385e-06,-0.01091555
2.4439e-06,-0.0109369
2.44395e-06,-0.01089613
2.444e-06,-0.0108379
2.44405e-06,-0.01083596
2.4441e-06,-0.01092331
2.44415e-06,-0.01103202
2.4442e-06,-0.01106696
2.44425e-06,-0.01101649
2.4443e-06,-0.01094855
2.44435e-06,-0.01090972
2.4444e-06,-0.0108709
2.44445e-06,-0.01082237
2.4445e-06,-0.01080295
2.44455e-06,-0.01083596
2.4446e-06,-0.01087672
2.44465e-06,-0.01088837
2.4447e-06,-0.01089225
2.44475e-06,-0.01091166
2.4448e-06,-0.01090972
2.44485e-06,-0.01085149
2.4449e-06,-0.01080878
2.44495e-06,-0.0108709
2.445e-06,-0.01098737
2.44505e-06,-0.01098931
2.4451e-06,-0.01082237
2.44515e-06,-0.01064183
2.4452e-06,-0.01060689
2.44525e-06,-0.01070783
2.4453e-06,-0.01081266
2.44535e-06,-0.01085343
2.4454e-06,-0.01085343
2.44545e-06,-0.01083596
2.4455e-06,-0.01079519
2.44555e-06,-0.01076413
2.4456e-06,-0.01080878
2.44565e-06,-0.01092913
2.4457e-06,-0.01101843
2.44575e-06,-0.01098543
2.4458e-06,-0.01087478
2.44585e-06,-0.01081266
2.4459e-06,-0.01081654
2.44595e-06,-0.01079907
2.446e-06,-0.01072142
2.44605e-06,-0.01067095
2.4461e-06,-0.01073695
2.44615e-06,-0.01086119
2.4462e-06,-0.01090778
2.44625e-06,-0.01084372
2.4463e-06,-0.01079131
2.44635e-06,-0.01086119
2.4464e-06,-0.01101261
2.44645e-06,-0.01109414
2.4465e-06,-0.01103008
2.44655e-06,-0.01090584
2.4466e-06,-0.01083207
2.44665e-06,-0.0108146
2.4467e-06,-0.01076801
2.44675e-06,-0.01067872
2.4468e-06,-0.01064766
2.44685e-06,-0.01074084
2.4469e-06,-0.01087284
2.44695e-06,-0.0109039
2.447e-06,-0.01082043
2.44705e-06,-0.0107486
2.4471e-06,-0.01079713
2.44715e-06,-0.01092137
2.4472e-06,-0.01097961
2.44725e-06,-0.01090002
2.4473e-06,-0.01076801
2.44735e-06,-0.01071754
2.4474e-06,-0.01076995
2.44745e-06,-0.01081072
2.4475e-06,-0.01074084
2.44755e-06,-0.01061077
2.4476e-06,-0.01054089
2.44765e-06,-0.01058748
2.4477e-06,-0.0106923
2.44775e-06,-0.01076413
2.4478e-06,-0.01078742
2.44785e-06,-0.01079907
2.4479e-06,-0.0108146
2.44795e-06,-0.01082043
2.448e-06,-0.01082431
2.44805e-06,-0.01085343
2.4481e-06,-0.01088643
2.44815e-06,-0.01084954
2.4482e-06,-0.0107156
2.44825e-06,-0.01056612
2.4483e-06,-0.01050595
2.44835e-06,-0.01056224
2.4484e-06,-0.0106496
2.44845e-06,-0.01066124
2.4485e-06,-0.01057001
2.44855e-06,-0.01049042
2.4486e-06,-0.01055059
2.44865e-06,-0.01073501
2.4487e-06,-0.01085343
2.44875e-06,-0.0107816
2.4488e-06,-0.01062824
2.44885e-06,-0.01060689
2.4489e-06,-0.01072531
2.44895e-06,-0.0107816
2.449e-06,-0.01063795
2.44905e-06,-0.01042053
2.4491e-06,-0.01036812
2.44915e-06,-0.01053701
2.4492e-06,-0.01072142
2.44925e-06,-0.01071754
2.4493e-06,-0.0105603
2.44935e-06,-0.01046712
2.4494e-06,-0.01056612
2.44945e-06,-0.01077578
2.4495e-06,-0.01094078
2.44955e-06,-0.01098931
2.4496e-06,-0.01094078
2.44965e-06,-0.0108379
2.4497e-06,-0.01072142
2.44975e-06,-0.01064183
2.4498e-06,-0.01063989
2.44985e-06,-0.01069036
2.4499e-06,-0.01070589
2.44995e-06,-0.01063601
2.45e-06,-0.01054671
2.45005e-06,-0.01057195
2.4501e-06,-0.01075831
2.45015e-06,-0.01100096
2.4502e-06,-0.01113296
2.45025e-06,-0.01107473
2.4503e-06,-0.01090196
2.45035e-06,-0.01076025
2.4504e-06,-0.01074278
2.45045e-06,-0.01079519
2.4505e-06,-0.01078742
2.45055e-06,-0.01066319
2.4506e-06,-0.01053312
2.45065e-06,-0.01053701
2.4507e-06,-0.01065736
2.45075e-06,-0.01075248
2.4508e-06,-0.01075248
2.45085e-06,-0.01074278
2.4509e-06,-0.0108049
2.45095e-06,-0.01089031
2.451e-06,-0.01090002
2.45105e-06,-0.01084566
2.4511e-06,-0.01080878
2.45115e-06,-0.01081072
2.4512e-06,-0.01078548
2.45125e-06,-0.01071172
2.4513e-06,-0.01063601
2.45135e-06,-0.01060107
2.4514e-06,-0.01058554
2.45145e-06,-0.01058748
2.4515e-06,-0.0106496
2.45155e-06,-0.01077772
2.4516e-06,-0.01090972
2.45165e-06,-0.01097184
2.4517e-06,-0.01095049
2.45175e-06,-0.01089031
2.4518e-06,-0.0108379
2.45185e-06,-0.01084372
2.4519e-06,-0.0109136
2.45195e-06,-0.01097378
2.452e-06,-0.01092137
2.45205e-06,-0.01076995
2.4521e-06,-0.0106593
2.45215e-06,-0.01069036
2.4522e-06,-0.01080101
2.45225e-06,-0.01085149
2.4523e-06,-0.01081072
2.45235e-06,-0.0107719
2.4524e-06,-0.01081654
2.45245e-06,-0.01093108
2.4525e-06,-0.01102814
2.45255e-06,-0.01104173
2.4526e-06,-0.01097572
2.45265e-06,-0.01087672
2.4527e-06,-0.0108049
2.45275e-06,-0.0107816
2.4528e-06,-0.01078937
2.45285e-06,-0.01079519
2.4529e-06,-0.01077966
2.45295e-06,-0.0107486
2.453e-06,-0.01071172
2.45305e-06,-0.01067872
2.4531e-06,-0.01066707
2.45315e-06,-0.01069813
2.4532e-06,-0.01077966
2.45325e-06,-0.01089225
2.4533e-06,-0.01098543
2.45335e-06,-0.0110029
2.4534e-06,-0.01092913
2.45345e-06,-0.01079519
2.4535e-06,-0.01066901
2.45355e-06,-0.01060107
2.4536e-06,-0.01060495
2.45365e-06,-0.01065348
2.4537e-06,-0.01070007
2.45375e-06,-0.01072336
2.4538e-06,-0.01073307
2.45385e-06,-0.01076995
2.4539e-06,-0.01083984
2.45395e-06,-0.01090584
2.454e-06,-0.01092719
2.45405e-06,-0.01092331
2.4541e-06,-0.01093496
2.45415e-06,-0.01095825
2.4542e-06,-0.01093496
2.45425e-06,-0.01085343
2.4543e-06,-0.0107816
2.45435e-06,-0.01079131
2.4544e-06,-0.0108476
2.45445e-06,-0.01084178
2.4545e-06,-0.01073113
2.45455e-06,-0.01062242
2.4546e-06,-0.01065154
2.45465e-06,-0.01080295
2.4547e-06,-0.01094078
2.45475e-06,-0.01098155
2.4548e-06,-0.01097184
2.45485e-06,-0.01097961
2.4549e-06,-0.01097961
2.45495e-06,-0.01092913
2.455e-06,-0.01086702
2.45505e-06,-0.01086507
2.4551e-06,-0.01090196
2.45515e-06,-0.01087284
2.4552e-06,-0.01075831
2.45525e-06,-0.01068066
2.4553e-06,-0.01073307
2.45535e-06,-0.0108476
2.4554e-06,-0.01086507
2.45545e-06,-0.0107719
2.4555e-06,-0.01073889
2.45555e-06,-0.01088449
2.4556e-06,-0.01108443
2.45565e-06,-0.01111355
2.4557e-06,-0.01092719
2.45575e-06,-0.01072725
2.4558e-06,-0.01070007
2.45585e-06,-0.01080101
2.4559e-06,-0.01085149
2.45595e-06,-0.01077384
2.456e-06,-0.01067483
2.45605e-06,-0.01068842
2.4561e-06,-0.01080295
2.45615e-06,-0.01087672
2.4562e-06,-0.01084178
2.45625e-06,-0.01079325
2.4563e-06,-0.01085731
2.45635e-06,-0.01099902
2.4564e-06,-0.01107279
2.45645e-06,-0.01102814
2.4565e-06,-0.01095631
2.45655e-06,-0.01091943
2.4566e-06,-0.01086702
2.45665e-06,-0.01075831
2.4567e-06,-0.01067095
2.45675e-06,-0.01069813
2.4568e-06,-0.0108049
2.45685e-06,-0.01089225
2.4569e-06,-0.01091943
2.45695e-06,-0.01091166
2.457e-06,-0.0108806
2.45705e-06,-0.01083596
2.4571e-06,-0.01082625
2.45715e-06,-0.01088643
2.4572e-06,-0.01097184
2.45725e-06,-0.01100484
2.4573e-06,-0.01098349
2.45735e-06,-0.01096602
2.4574e-06,-0.01096796
2.45745e-06,-0.01094661
2.4575e-06,-0.01087284
2.45755e-06,-0.01079131
2.4576e-06,-0.01077578
2.45765e-06,-0.0108379
2.4577e-06,-0.01091166
2.45775e-06,-0.01091749
2.4578e-06,-0.01087284
2.45785e-06,-0.01086119
2.4579e-06,-0.0109136
2.45795e-06,-0.01096408
2.458e-06,-0.01094661
2.45805e-06,-0.01089031
2.4581e-06,-0.0108709
2.45815e-06,-0.01088837
2.4582e-06,-0.01088255
2.45825e-06,-0.01085149
2.4583e-06,-0.01084372
2.45835e-06,-0.01085925
2.4584e-06,-0.01083013
2.45845e-06,-0.01075248
2.4585e-06,-0.01072336
2.45855e-06,-0.01081654
2.4586e-06,-0.01094272
2.45865e-06,-0.01096019
2.4587e-06,-0.01085537
2.45875e-06,-0.01075831
2.4588e-06,-0.01077772
2.45885e-06,-0.01090002
2.4589e-06,-0.01101843
2.45895e-06,-0.01106308
2.459e-06,-0.01103396
2.45905e-06,-0.01094661
2.4591e-06,-0.01083013
2.45915e-06,-0.01073113
2.4592e-06,-0.01072142
2.45925e-06,-0.01082431
2.4593e-06,-0.01095437
2.45935e-06,-0.01099708
2.4594e-06,-0.01093496
2.45945e-06,-0.01085925
2.4595e-06,-0.0108476
2.45955e-06,-0.0108709
2.4596e-06,-0.01086119
2.45965e-06,-0.01082819
2.4597e-06,-0.01083596
2.45975e-06,-0.0109136
2.4598e-06,-0.01099514
2.45985e-06,-0.01097961
2.4599e-06,-0.01085343
2.45995e-06,-0.01070783
2.46e-06,-0.01065542
2.46005e-06,-0.01072142
2.4601e-06,-0.01084372
2.46015e-06,-0.01092913
2.4602e-06,-0.01092719
2.46025e-06,-0.01085925
2.4603e-06,-0.01079713
2.46035e-06,-0.01079713
2.4604e-06,-0.01084372
2.46045e-06,-0.01088837
2.4605e-06,-0.01088837
2.46055e-06,-0.01083013
2.4606e-06,-0.01073501
2.46065e-06,-0.01064183
2.4607e-06,-0.01056224
2.46075e-06,-0.01050595
2.4608e-06,-0.01053312
2.46085e-06,-0.0106923
2.4609e-06,-0.01090196
2.46095e-06,-0.01098737
2.461e-06,-0.01088255
2.46105e-06,-0.01072336
2.4611e-06,-0.01067677
2.46115e-06,-0.01075831
2.4612e-06,-0.0108476
2.46125e-06,-0.01084372
2.4613e-06,-0.01075248
2.46135e-06,-0.01065348
2.4614e-06,-0.01062242
2.46145e-06,-0.01067872
2.4615e-06,-0.01076995
2.46155e-06,-0.01080684
2.4616e-06,-0.01075637
2.46165e-06,-0.01067483
2.4617e-06,-0.0106496
2.46175e-06,-0.01070201
2.4618e-06,-0.01075637
2.46185e-06,-0.01075442
2.4619e-06,-0.01073695
2.46195e-06,-0.0107719
2.462e-06,-0.01084954
2.46205e-06,-0.0108709
2.4621e-06,-0.01075831
2.46215e-06,-0.01058165
2.4622e-06,-0.01050206
2.46225e-06,-0.01060689
2.4623e-06,-0.01076995
2.46235e-06,-0.01079325
2.4624e-06,-0.01063601
2.46245e-06,-0.01049624
2.4625e-06,-0.01055254
2.46255e-06,-0.01074666
2.4626e-06,-0.01085731
2.46265e-06,-0.01082237
2.4627e-06,-0.01078742
2.46275e-06,-0.01085343
2.4628e-06,-0.01088837
2.46285e-06,-0.01073501
2.4629e-06,-0.0104943
2.46295e-06,-0.01043606
2.463e-06,-0.01062048
2.46305e-06,-0.01080101
2.4631e-06,-0.01076607
2.46315e-06,-0.01061271
2.4632e-06,-0.01057389
2.46325e-06,-0.01070395
2.4633e-06,-0.01085343
2.46335e-06,-0.01089031
2.4634e-06,-0.01082043
2.46345e-06,-0.01071172
2.4635e-06,-0.01062048
2.46355e-06,-0.0105933
2.4636e-06,-0.01064571
2.46365e-06,-0.01072142
2.4637e-06,-0.01072142
2.46375e-06,-0.01061466
2.4638e-06,-0.01050206
2.46385e-06,-0.01050595
2.4639e-06,-0.01063407
2.46395e-06,-0.01077966
2.464e-06,-0.01085925
2.46405e-06,-0.01088643
2.4641e-06,-0.01090584
2.46415e-06,-0.0109136
2.4642e-06,-0.01090584
2.46425e-06,-0.01090002
2.4643e-06,-0.01090002
2.46435e-06,-0.0108476
2.4644e-06,-0.01071172
2.46445e-06,-0.01057001
2.4645e-06,-0.01052536
2.46455e-06,-0.01058165
2.4646e-06,-0.01065736
2.46465e-06,-0.01070783
2.4647e-06,-0.01074666
2.46475e-06,-0.01079713
2.4648e-06,-0.01085537
2.46485e-06,-0.01088837
2.4649e-06,-0.01085343
2.46495e-06,-0.01076413
2.465e-06,-0.01070978
2.46505e-06,-0.01075831
2.4651e-06,-0.01083984
2.46515e-06,-0.01082431
2.4652e-06,-0.01072531
2.46525e-06,-0.01069036
2.4653e-06,-0.01076995
2.46535e-06,-0.01082625
2.4654e-06,-0.0107486
2.46545e-06,-0.0106263
2.4655e-06,-0.01061854
2.46555e-06,-0.01073113
2.4656e-06,-0.01083984
2.46565e-06,-0.01089419
2.4657e-06,-0.01093496
2.46575e-06,-0.01096214
2.4658e-06,-0.01092331
2.46585e-06,-0.01083013
2.4659e-06,-0.01079131
2.46595e-06,-0.01085343
2.466e-06,-0.01091749
2.46605e-06,-0.01089613
2.4661e-06,-0.01082237
2.46615e-06,-0.01079325
2.4662e-06,-0.01081072
2.46625e-06,-0.01080684
2.4663e-06,-0.01078354
2.46635e-06,-0.01081072
2.4664e-06,-0.0109039
2.46645e-06,-0.01098931
2.4665e-06,-0.01102426
2.46655e-06,-0.01104755
2.4666e-06,-0.01109026
2.46665e-06,-0.01109414
2.4667e-06,-0.01100484
2.46675e-06,-0.01084954
2.4668e-06,-0.01072531
2.46685e-06,-0.01071754
2.4669e-06,-0.01083207
2.46695e-06,-0.01096796
2.467e-06,-0.01100096
2.46705e-06,-0.01090778
2.4671e-06,-0.01079713
2.46715e-06,-0.01078548
2.4672e-06,-0.01085925
2.46725e-06,-0.01092331
2.4673e-06,-0.01093302
2.46735e-06,-0.01093108
2.4674e-06,-0.01094272
2.46745e-06,-0.01092331
2.4675e-06,-0.01082431
2.46755e-06,-0.01069036
2.4676e-06,-0.01061854
2.46765e-06,-0.01065154
2.4677e-06,-0.01073501
2.46775e-06,-0.01077966
2.4678e-06,-0.01076025
2.46785e-06,-0.01073113
2.4679e-06,-0.0107719
2.46795e-06,-0.01087284
2.468e-06,-0.0109369
2.46805e-06,-0.01090002
2.4681e-06,-0.01083207
2.46815e-06,-0.01083401
2.4682e-06,-0.01089419
2.46825e-06,-0.01090972
2.4683e-06,-0.0108379
2.46835e-06,-0.01077384
2.4684e-06,-0.01081654
2.46845e-06,-0.01094661
2.4685e-06,-0.01103008
2.46855e-06,-0.01097767
2.4686e-06,-0.01084372
2.46865e-06,-0.01075442
2.4687e-06,-0.01076219
2.46875e-06,-0.01082431
2.4688e-06,-0.01089225
2.46885e-06,-0.01096408
2.4689e-06,-0.01101455
2.46895e-06,-0.01097184
2.469e-06,-0.0108379
2.46905e-06,-0.01073307
2.4691e-06,-0.01075831
2.46915e-06,-0.0108476
2.4692e-06,-0.01086702
2.46925e-06,-0.01082237
2.4693e-06,-0.01083596
2.46935e-06,-0.01093884
2.4694e-06,-0.01101261
2.46945e-06,-0.01097572
2.4695e-06,-0.01090972
2.46955e-06,-0.01093108
2.4696e-06,-0.01102231
2.46965e-06,-0.01103978
2.4697e-06,-0.01091166
2.46975e-06,-0.01075054
2.4698e-06,-0.01072336
2.46985e-06,-0.0108146
2.4699e-06,-0.01085537
2.46995e-06,-0.01077772
2.47e-06,-0.01072142
2.47005e-06,-0.01080684
2.4701e-06,-0.01096214
2.47015e-06,-0.01102814
2.4702e-06,-0.01099708
2.47025e-06,-0.01096019
2.4703e-06,-0.01094855
2.47035e-06,-0.0109136
2.4704e-06,-0.01085731
2.47045e-06,-0.01083401
2.4705e-06,-0.01083596
2.47055e-06,-0.01080684
2.4706e-06,-0.01076413
2.47065e-06,-0.01079907
2.4707e-06,-0.01090972
2.47075e-06,-0.01096796
2.4708e-06,-0.01090778
2.47085e-06,-0.01081848
2.4709e-06,-0.01082237
2.47095e-06,-0.01091749
2.471e-06,-0.01100873
2.47105e-06,-0.01102814
2.4711e-06,-0.01097961
2.47115e-06,-0.01091943
2.4712e-06,-0.01088449
2.47125e-06,-0.01086896
2.4713e-06,-0.01083984
2.47135e-06,-0.01077578
2.4714e-06,-0.01069425
2.47145e-06,-0.0106593
2.4715e-06,-0.01072531
2.47155e-06,-0.01087284
2.4716e-06,-0.01099125
2.47165e-06,-0.01096796
2.4717e-06,-0.01081654
2.47175e-06,-0.0106923
2.4718e-06,-0.01072919
2.47185e-06,-0.01087672
2.4719e-06,-0.01096214
2.47195e-06,-0.01090584
2.472e-06,-0.01080684
2.47205e-06,-0.01078548
2.4721e-06,-0.0108146
2.47215e-06,-0.01077772
2.4722e-06,-0.01066319
2.47225e-06,-0.01059136
2.4723e-06,-0.01066124
2.47235e-06,-0.01082237
2.4724e-06,-0.01095049
2.47245e-06,-0.01097961
2.4725e-06,-0.01094078
2.47255e-06,-0.01089225
2.4726e-06,-0.01087284
2.47265e-06,-0.01088449
2.4727e-06,-0.01090196
2.47275e-06,-0.0108806
2.4728e-06,-0.01079519
2.47285e-06,-0.01069425
2.4729e-06,-0.01069036
2.47295e-06,-0.01082237
2.473e-06,-0.01097572
2.47305e-06,-0.01099708
2.4731e-06,-0.01090196
2.47315e-06,-0.01082431
2.4732e-06,-0.01083013
2.47325e-06,-0.0108709
2.4733e-06,-0.01092719
2.47335e-06,-0.0110359
2.4734e-06,-0.01112132
2.47345e-06,-0.01101649
2.4735e-06,-0.01072919
2.47355e-06,-0.01053312
2.4736e-06,-0.0106496
2.47365e-06,-0.0109369
2.4737e-06,-0.01106502
2.47375e-06,-0.01090972
2.4738e-06,-0.01066707
2.47385e-06,-0.01059524
2.4739e-06,-0.01075248
2.47395e-06,-0.01098931
2.474e-06,-0.01111549
2.47405e-06,-0.01108249
2.4741e-06,-0.01100096
2.47415e-06,-0.01099708
2.4742e-06,-0.01107861
2.47425e-06,-0.01113491
2.4743e-06,-0.01106502
2.47435e-06,-0.01088837
2.4744e-06,-0.01072142
2.47445e-06,-0.01066319
2.4745e-06,-0.01071172
2.47455e-06,-0.01078937
2.4746e-06,-0.01082625
2.47465e-06,-0.01082431
2.4747e-06,-0.01081848
2.47475e-06,-0.01085149
2.4748e-06,-0.01092719
2.47485e-06,-0.01100873
2.4749e-06,-0.01103008
2.47495e-06,-0.01099125
2.475e-06,-0.01097767
2.47505e-06,-0.01105531
2.4751e-06,-0.01114461
2.47515e-06,-0.01111549
2.4752e-06,-0.01096408
2.47525e-06,-0.01084566
2.4753e-06,-0.01090002
2.47535e-06,-0.01106502
2.4754e-06,-0.01113685
2.47545e-06,-0.0110029
2.4755e-06,-0.01080295
2.47555e-06,-0.01077772
2.4756e-06,-0.01097767
2.47565e-06,-0.01118732
2.4757e-06,-0.01120285
2.47575e-06,-0.0110689
2.4758e-06,-0.01098349
2.47585e-06,-0.01102814
2.4759e-06,-0.01109608
2.47595e-06,-0.01106114
2.476e-06,-0.01093302
2.47605e-06,-0.01083984
2.4761e-06,-0.01086896
2.47615e-06,-0.01097572
2.4762e-06,-0.01103784
2.47625e-06,-0.01100873
2.4763e-06,-0.01097572
2.47635e-06,-0.01102037
2.4764e-06,-0.01110967
2.47645e-06,-0.01113296
2.4765e-06,-0.01107084
2.47655e-06,-0.01099708
2.4766e-06,-0.01095243
2.47665e-06,-0.01089031
2.4767e-06,-0.01079519
2.47675e-06,-0.01073695
2.4768e-06,-0.01079325
2.47685e-06,-0.01091166
2.4769e-06,-0.01097572
2.47695e-06,-0.01093884
2.477e-06,-0.01087672
2.47705e-06,-0.01087672
2.4771e-06,-0.01092719
2.47715e-06,-0.01094466
2.4772e-06,-0.01090002
2.47725e-06,-0.0108709
2.4773e-06,-0.01092331
2.47735e-06,-0.01100678
2.4774e-06,-0.01101067
2.47745e-06,-0.01091555
2.4775e-06,-0.01083013
2.47755e-06,-0.01083984
2.4776e-06,-0.01090584
2.47765e-06,-0.01093108
2.4777e-06,-0.01091166
2.47775e-06,-0.01091555
2.4778e-06,-0.01098737
2.47785e-06,-0.01107473
2.4779e-06,-0.01109414
2.47795e-06,-0.01102426
2.478e-06,-0.01094078
2.47805e-06,-0.01092331
2.4781e-06,-0.01097184
2.47815e-06,-0.01101261
2.4782e-06,-0.01098155
2.47825e-06,-0.01089613
2.4783e-06,-0.01080878
2.47835e-06,-0.01073307
2.4784e-06,-0.01066513
2.47845e-06,-0.01064377
2.4785e-06,-0.01070201
2.47855e-06,-0.01078742
2.4786e-06,-0.01081848
2.47865e-06,-0.0108146
2.4787e-06,-0.01088643
2.47875e-06,-0.01104561
2.4788e-06,-0.01114267
2.47885e-06,-0.01107084
2.4789e-06,-0.01092913
2.47895e-06,-0.01088255
2.479e-06,-0.01094466
2.47905e-06,-0.0109699
2.4791e-06,-0.01087284
2.47915e-06,-0.01074278
2.4792e-06,-0.01071172
2.47925e-06,-0.01081072
2.4793e-06,-0.01096602
2.47935e-06,-0.0110689
2.4794e-06,-0.0110592
2.47945e-06,-0.01097767
2.4795e-06,-0.01091555
2.47955e-06,-0.01092719
2.4796e-06,-0.01097378
2.47965e-06,-0.01098931
2.4797e-06,-0.01097378
2.47975e-06,-0.01096602
2.4798e-06,-0.01097572
2.47985e-06,-0.01095825
2.4799e-06,-0.01089225
2.47995e-06,-0.01082043
2.48e-06,-0.01081654
2.48005e-06,-0.01088449
2.4801e-06,-0.01095825
2.48015e-06,-0.01097572
2.4802e-06,-0.01095049
2.48025e-06,-0.01092137
2.4803e-06,-0.01089031
2.48035e-06,-0.01084178
2.4804e-06,-0.01080295
2.48045e-06,-0.01081654
2.4805e-06,-0.01084566
2.48055e-06,-0.01082431
2.4806e-06,-0.01076413
2.48065e-06,-0.01075831
2.4807e-06,-0.01083013
2.48075e-06,-0.01090002
2.4808e-06,-0.01092137
2.48085e-06,-0.0109699
2.4809e-06,-0.0110922
2.48095e-06,-0.01119314
2.481e-06,-0.01114655
2.48105e-06,-0.01101261
2.4811e-06,-0.01095243
2.48115e-06,-0.01098543
2.4812e-06,-0.01097378
2.48125e-06,-0.01084372
2.4813e-06,-0.01071754
2.48135e-06,-0.01074278
2.4814e-06,-0.01087478
2.48145e-06,-0.01093884
2.4815e-06,-0.01085731
2.48155e-06,-0.01075637
2.4816e-06,-0.01078548
2.48165e-06,-0.01092525
2.4817e-06,-0.01103202
2.48175e-06,-0.01102426
2.4818e-06,-0.01097184
2.48185e-06,-0.01098349
2.4819e-06,-0.0110592
2.48195e-06,-0.01111161
2.482e-06,-0.01108637
2.48205e-06,-0.01104561
2.4821e-06,-0.01105337
2.48215e-06,-0.01105143
2.4822e-06,-0.01094078
2.48225e-06,-0.01076413
2.4823e-06,-0.01069425
2.48235e-06,-0.01080878
2.4824e-06,-0.01097378
2.48245e-06,-0.01101261
2.4825e-06,-0.01092913
2.48255e-06,-0.0108806
2.4826e-06,-0.01095825
2.48265e-06,-0.0110689
2.4827e-06,-0.01105337
2.48275e-06,-0.01088255
2.4828e-06,-0.01068842
2.48285e-06,-0.01060301
2.4829e-06,-0.01065542
2.48295e-06,-0.01076219
2.483e-06,-0.0108146
2.48305e-06,-0.01077578
2.4831e-06,-0.01071366
2.48315e-06,-0.01073695
2.4832e-06,-0.01084372
2.48325e-06,-0.01091749
2.4833e-06,-0.01088449
2.48335e-06,-0.01082237
2.4834e-06,-0.01084372
2.48345e-06,-0.01092137
2.4835e-06,-0.01093302
2.48355e-06,-0.01084372
2.4836e-06,-0.01077578
2.48365e-06,-0.01083013
2.4837e-06,-0.01092525
2.48375e-06,-0.01091749
2.4838e-06,-0.01081266
2.48385e-06,-0.01074472
2.4839e-06,-0.01077384
2.48395e-06,-0.01080878
2.484e-06,-0.01076607
2.48405e-06,-0.01070589
2.4841e-06,-0.01073113
2.48415e-06,-0.01083207
2.4842e-06,-0.01088837
2.48425e-06,-0.01082819
2.4843e-06,-0.01072725
2.48435e-06,-0.0106923
2.4844e-06,-0.01075831
2.48445e-06,-0.01084178
2.4845e-06,-0.01083401
2.48455e-06,-0.01071948
2.4846e-06,-0.01060689
2.48465e-06,-0.01063989
2.4847e-06,-0.01082043
2.48475e-06,-0.01096602
2.4848e-06,-0.01094272
2.48485e-06,-0.01084954
2.4849e-06,-0.01086119
2.48495e-06,-0.01095049
2.485e-06,-0.01092331
2.48505e-06,-0.01072336
2.4851e-06,-0.01055836
2.48515e-06,-0.01062048
2.4852e-06,-0.01082237
2.48525e-06,-0.01092525
2.4853e-06,-0.01083984
2.48535e-06,-0.01070978
2.4854e-06,-0.01069813
2.48545e-06,-0.01078937
2.4855e-06,-0.01084566
2.48555e-06,-0.01080878
2.4856e-06,-0.01075248
2.48565e-06,-0.01077578
2.4857e-06,-0.01086702
2.48575e-06,-0.01092331
2.4858e-06,-0.0108709
2.48585e-06,-0.01077578
2.4859e-06,-0.01075248
2.48595e-06,-0.01082431
2.486e-06,-0.01087866
2.48605e-06,-0.01081848
2.4861e-06,-0.01069036
2.48615e-06,-0.01062242
2.4862e-06,-0.01066124
2.48625e-06,-0.01072725
2.4863e-06,-0.01075248
2.48635e-06,-0.01075831
2.4864e-06,-0.0108146
2.48645e-06,-0.0109136
2.4865e-06,-0.01096602
2.48655e-06,-0.0109136
2.4866e-06,-0.01081266
2.48665e-06,-0.01076025
2.4867e-06,-0.01075637
2.48675e-06,-0.0107156
2.4868e-06,-0.01061466
2.48685e-06,-0.01053506
2.4869e-06,-0.01055254
2.48695e-06,-0.01062242
2.487e-06,-0.01065736
2.48705e-06,-0.01064766
2.4871e-06,-0.01067289
2.48715e-06,-0.0107816
2.4872e-06,-0.01090196
2.48725e-06,-0.01091749
2.4873e-06,-0.01080878
2.48735e-06,-0.0106923
2.4874e-06,-0.01067095
2.48745e-06,-0.01070783
2.4875e-06,-0.01068454
2.48755e-06,-0.01058554
2.4876e-06,-0.01051177
2.48765e-06,-0.01055254
2.4877e-06,-0.01065348
2.48775e-06,-0.01070783
2.4878e-06,-0.01067483
2.48785e-06,-0.01061854
2.4879e-06,-0.0106166
2.48795e-06,-0.0106826
2.488e-06,-0.01076995
2.48805e-06,-0.01081072
2.4881e-06,-0.01077772
2.48815e-06,-0.01070007
2.4882e-06,-0.01063601
2.48825e-06,-0.01061271
2.4883e-06,-0.01061271
2.48835e-06,-0.01060301
2.4884e-06,-0.01058748
2.48845e-06,-0.01058942
2.4885e-06,-0.01060883
2.48855e-06,-0.01062824
2.4886e-06,-0.01064571
2.48865e-06,-0.0106826
2.4887e-06,-0.0107486
2.48875e-06,-0.01080101
2.4888e-06,-0.01080101
2.48885e-06,-0.01076413
2.4889e-06,-0.01075831
2.48895e-06,-0.01079325
2.489e-06,-0.01078742
2.48905e-06,-0.01068066
2.4891e-06,-0.01053701
2.48915e-06,-0.01049818
2.4892e-06,-0.01062048
2.48925e-06,-0.01080878
2.4893e-06,-0.01093496
2.48935e-06,-0.01096019
2.4894e-06,-0.01094466
2.48945e-06,-0.01095825
2.4895e-06,-0.0109932
2.48955e-06,-0.01099902
2.4896e-06,-0.01094855
2.48965e-06,-0.01086702
2.4897e-06,-0.01079713
2.48975e-06,-0.01078354
2.4898e-06,-0.01084566
2.48985e-06,-0.01092137
2.4899e-06,-0.01090196
2.48995e-06,-0.01077384
2.49e-06,-0.01067095
2.49005e-06,-0.01073113
2.4901e-06,-0.01091166
2.49015e-06,-0.01106308
2.4902e-06,-0.01107667
2.49025e-06,-0.01098543
2.4903e-06,-0.01090002
2.49035e-06,-0.01090972
2.4904e-06,-0.01098931
2.49045e-06,-0.01102037
2.4905e-06,-0.01091943
2.49055e-06,-0.01076025
2.4906e-06,-0.01068648
2.49065e-06,-0.01074084
2.4907e-06,-0.01081266
2.49075e-06,-0.01081266
2.4908e-06,-0.01078548
2.49085e-06,-0.01084566
2.4909e-06,-0.01099902
2.49095e-06,-0.01112908
2.491e-06,-0.01113879
2.49105e-06,-0.01107473
2.4911e-06,-0.01103202
2.49115e-06,-0.01102814
2.4912e-06,-0.01100484
2.49125e-06,-0.01094855
2.4913e-06,-0.01090002
2.49135e-06,-0.0108709
2.4914e-06,-0.01081654
2.49145e-06,-0.01072725
2.4915e-06,-0.01067677
2.49155e-06,-0.01072531
2.4916e-06,-0.01084178
2.49165e-06,-0.01091943
2.4917e-06,-0.01092137
2.49175e-06,-0.01090002
2.4918e-06,-0.01091166
2.49185e-06,-0.01093496
2.4919e-06,-0.0109136
2.49195e-06,-0.01084372
2.492e-06,-0.01076995
2.49205e-06,-0.01071366
2.4921e-06,-0.01067095
2.49215e-06,-0.01063213
2.4922e-06,-0.01060107
2.49225e-06,-0.01058554
2.4923e-06,-0.01060301
2.49235e-06,-0.01067095
2.4924e-06,-0.01079713
2.49245e-06,-0.0109369
2.4925e-06,-0.01101067
2.49255e-06,-0.01097961
2.4926e-06,-0.01089225
2.49265e-06,-0.0108379
2.4927e-06,-0.01085731
2.49275e-06,-0.01090778
2.4928e-06,-0.0109136
2.49285e-06,-0.01085925
2.4929e-06,-0.01080878
2.49295e-06,-0.01082431
2.493e-06,-0.01088449
2.49305e-06,-0.01089225
2.4931e-06,-0.01080878
2.49315e-06,-0.01073695
2.4932e-06,-0.01080295
2.49325e-06,-0.0109932
2.4933e-06,-0.01115238
2.49335e-06,-0.01115044
2.4934e-06,-0.01101455
2.49345e-06,-0.01088449
2.4935e-06,-0.01084566
2.49355e-06,-0.01083207
2.4936e-06,-0.01073307
2.49365e-06,-0.01056418
2.4937e-06,-0.01047295
2.49375e-06,-0.0105603
2.4938e-06,-0.01075248
2.49385e-06,-0.01087478
2.4939e-06,-0.01086313
2.49395e-06,-0.01082043
2.494e-06,-0.01087284
2.49405e-06,-0.01099708
2.4941e-06,-0.01103202
2.49415e-06,-0.01090584
2.4942e-06,-0.01076025
2.49425e-06,-0.01078354
2.4943e-06,-0.0109369
2.49435e-06,-0.01098931
2.4944e-06,-0.01084566
2.49445e-06,-0.0106923
2.4945e-06,-0.01073307
2.49455e-06,-0.01090002
2.4946e-06,-0.01097184
2.49465e-06,-0.01089225
2.4947e-06,-0.01082819
2.49475e-06,-0.01088837
2.4948e-06,-0.01098737
2.49485e-06,-0.01100096
2.4949e-06,-0.01095437
2.49495e-06,-0.01095437
2.495e-06,-0.0110029
2.49505e-06,-0.01101649
2.4951e-06,-0.01096408
2.49515e-06,-0.0109039
2.4952e-06,-0.0108709
2.49525e-06,-0.01083401
2.4953e-06,-0.01076995
2.49535e-06,-0.01073889
2.4954e-06,-0.0108146
2.49545e-06,-0.01096796
2.4955e-06,-0.01107084
2.49555e-06,-0.01104173
2.4956e-06,-0.01094661
2.49565e-06,-0.01091749
2.4957e-06,-0.01097184
2.49575e-06,-0.01099125
2.4958e-06,-0.01088837
2.49585e-06,-0.01073695
2.4959e-06,-0.01067289
2.49595e-06,-0.0107156
2.496e-06,-0.01077772
2.49605e-06,-0.01080295
2.4961e-06,-0.01083596
2.49615e-06,-0.01091166
2.4962e-06,-0.01096796
2.49625e-06,-0.01092913
2.4963e-06,-0.01084178
2.49635e-06,-0.01082819
2.4964e-06,-0.01092719
2.49645e-06,-0.01104367
2.4965e-06,-0.01106114
2.49655e-06,-0.01096796
2.4966e-06,-0.01084566
2.49665e-06,-0.01077772
2.4967e-06,-0.01076995
2.49675e-06,-0.01079325
2.4968e-06,-0.01082625
2.49685e-06,-0.01086702
2.4969e-06,-0.01089419
2.49695e-06,-0.01090002
2.497e-06,-0.0109136
2.49705e-06,-0.01098737
2.4971e-06,-0.0111019
2.49715e-06,-0.01115432
2.4972e-06,-0.01106502
2.49725e-06,-0.01088255
2.4973e-06,-0.01074278
2.49735e-06,-0.01072336
2.4974e-06,-0.01078742
2.49745e-06,-0.0108476
2.4975e-06,-0.0108709
2.49755e-06,-0.01087284
2.4976e-06,-0.01084566
2.49765e-06,-0.01077966
2.4977e-06,-0.01072919
2.49775e-06,-0.01077966
2.4978e-06,-0.01093302
2.49785e-06,-0.01106696
2.4979e-06,-0.01108249
2.49795e-06,-0.01101649
2.498e-06,-0.0109699
2.49805e-06,-0.01098155
2.4981e-06,-0.01098737
2.49815e-06,-0.01091943
2.4982e-06,-0.01078937
2.49825e-06,-0.01070007
2.4983e-06,-0.01072142
2.49835e-06,-0.01081654
2.4984e-06,-0.0108709
2.49845e-06,-0.01083013
2.4985e-06,-0.01076607
2.49855e-06,-0.01078937
2.4986e-06,-0.01090972
2.49865e-06,-0.01102037
2.4987e-06,-0.0110359
2.49875e-06,-0.01097767
2.4988e-06,-0.01094855
2.49885e-06,-0.01098349
2.4989e-06,-0.01101261
2.49895e-06,-0.01093884
2.499e-06,-0.01078354
2.49905e-06,-0.01066513
2.4991e-06,-0.01067095
2.49915e-06,-0.01075054
2.4992e-06,-0.01080684
2.49925e-06,-0.01080878
2.4993e-06,-0.01080684
2.49935e-06,-0.01084566
2.4994e-06,-0.01092331
2.49945e-06,-0.01098155
2.4995e-06,-0.01096602
2.49955e-06,-0.01088449
2.4996e-06,-0.0108049
2.49965e-06,-0.0107816
2.4997e-06,-0.01079325
2.49975e-06,-0.01076413
2.4998e-06,-0.01068454
2.49985e-06,-0.01062824
2.4999e-06,-0.01063601
2.49995e-06,-0.01067483
2.5e-06,-0.01071948
2.50005e-06,-0.0108049
2.5001e-06,-0.01092913
2.50015e-06,-0.01100678
2.5002e-06,-0.01094855
2.50025e-06,-0.0108049
2.5003e-06,-0.01070978
2.50035e-06,-0.01072725
2.5004e-06,-0.01080295
2.50045e-06,-0.01083984
2.5005e-06,-0.01080684
2.50055e-06,-0.01074666
2.5006e-06,-0.01073695
2.50065e-06,-0.0108146
2.5007e-06,-0.01092525
2.50075e-06,-0.01097378
2.5008e-06,-0.01090778
2.50085e-06,-0.01079519
2.5009e-06,-0.01075248
2.50095e-06,-0.01081654
2.501e-06,-0.01088643
2.50105e-06,-0.01083596
2.5011e-06,-0.01069619
2.50115e-06,-0.01063601
2.5012e-06,-0.01073307
2.50125e-06,-0.0108476
2.5013e-06,-0.01082625
2.50135e-06,-0.01074472
2.5014e-06,-0.0107719
2.50145e-06,-0.01088255
2.5015e-06,-0.0108806
2.50155e-06,-0.01070978
2.5016e-06,-0.01056224
2.50165e-06,-0.01062824
2.5017e-06,-0.01083984
2.50175e-06,-0.01097961
2.5018e-06,-0.01094855
2.50185e-06,-0.01084954
2.5019e-06,-0.01080878
2.50195e-06,-0.01082431
2.502e-06,-0.01081848
2.50205e-06,-0.01076995
2.5021e-06,-0.01072725
2.50215e-06,-0.01071948
2.5022e-06,-0.0107486
2.50225e-06,-0.01080684
2.5023e-06,-0.0108709
2.50235e-06,-0.01091166
2.5024e-06,-0.01093884
2.50245e-06,-0.01098931
2.5025e-06,-0.01104367
2.50255e-06,-0.01104173
2.5026e-06,-0.01097572
2.50265e-06,-0.01091943
2.5027e-06,-0.01090002
2.50275e-06,-0.01087672
2.5028e-06,-0.01083596
2.50285e-06,-0.01084954
2.5029e-06,-0.01096214
2.50295e-06,-0.01109026
2.503e-06,-0.01110385
2.50305e-06,-0.01098931
2.5031e-06,-0.01087284
2.50315e-06,-0.01087284
2.5032e-06,-0.01094855
2.50325e-06,-0.01099125
2.5033e-06,-0.01098737
2.50335e-06,-0.01101067
2.5034e-06,-0.01107279
2.50345e-06,-0.01108637
2.5035e-06,-0.01100873
2.50355e-06,-0.01093302
2.5036e-06,-0.01093884
2.50365e-06,-0.01098737
2.5037e-06,-0.01100484
2.50375e-06,-0.01099708
2.5038e-06,-0.01099514
2.50385e-06,-0.01095437
2.5039e-06,-0.01084372
2.50395e-06,-0.01076025
2.504e-06,-0.01083596
2.50405e-06,-0.0110262
2.5041e-06,-0.01112908
2.50415e-06,-0.01105531
2.5042e-06,-0.01094661
2.50425e-06,-0.0109699
2.5043e-06,-0.01108832
2.50435e-06,-0.01113879
2.5044e-06,-0.01105726
2.50445e-06,-0.0109369
2.5045e-06,-0.01087284
2.50455e-06,-0.01086896
2.5046e-06,-0.0108806
2.50465e-06,-0.01090778
2.5047e-06,-0.01097767
2.50475e-06,-0.01108832
2.5048e-06,-0.01118344
2.50485e-06,-0.0112242
2.5049e-06,-0.01120673
2.50495e-06,-0.01114655
2.505e-06,-0.01104561
2.50505e-06,-0.01092525
2.5051e-06,-0.0108379
2.50515e-06,-0.01084954
2.5052e-06,-0.01093884
2.50525e-06,-0.01098155
2.5053e-06,-0.01090196
2.50535e-06,-0.01081654
2.5054e-06,-0.01089031
2.50545e-06,-0.01107861
2.5055e-06,-0.01114267
2.50555e-06,-0.0109699
2.5056e-06,-0.01075442
2.50565e-06,-0.01074472
2.5057e-06,-0.01092913
2.50575e-06,-0.01108249
2.5058e-06,-0.01106308
2.50585e-06,-0.01094078
2.5059e-06,-0.01084954
2.50595e-06,-0.01081654
2.506e-06,-0.0108146
2.50605e-06,-0.01084178
2.5061e-06,-0.01089419
2.50615e-06,-0.01095049
2.5062e-06,-0.01099902
2.50625e-06,-0.01105726
2.5063e-06,-0.01110579
2.50635e-06,-0.01109026
2.5064e-06,-0.01101261
2.50645e-06,-0.01095243
2.5065e-06,-0.01097378
2.50655e-06,-0.01105337
2.5066e-06,-0.01110967
2.50665e-06,-0.01108055
2.5067e-06,-0.0109699
2.50675e-06,-0.01083596
2.5068e-06,-0.01076219
2.50685e-06,-0.0108049
2.5069e-06,-0.0109369
2.50695e-06,-0.01104561
2.507e-06,-0.01104367
2.50705e-06,-0.01098155
2.5071e-06,-0.01098737
2.50715e-06,-0.01108249
2.5072e-06,-0.01115044
2.50725e-06,-0.01111938
2.5073e-06,-0.01104755
2.50735e-06,-0.01101067
2.5074e-06,-0.01098931
2.50745e-06,-0.01094855
2.5075e-06,-0.01092525
2.50755e-06,-0.01095631
2.5076e-06,-0.01098543
2.50765e-06,-0.01095049
2.5077e-06,-0.0109039
2.50775e-06,-0.01095243
2.5078e-06,-0.01108637
2.50785e-06,-0.01118344
2.5079e-06,-0.01116208
2.50795e-06,-0.01108055
2.508e-06,-0.01104561
2.50805e-06,-0.01108637
2.5081e-06,-0.01111355
2.50815e-06,-0.01105531
2.5082e-06,-0.01095243
2.50825e-06,-0.01092137
2.5083e-06,-0.01098349
2.50835e-06,-0.01101261
2.5084e-06,-0.01091749
2.50845e-06,-0.01079325
2.5085e-06,-0.01080684
2.50855e-06,-0.0109699
2.5086e-06,-0.0111252
2.50865e-06,-0.01115626
2.5087e-06,-0.01110967
2.50875e-06,-0.01106308
2.5088e-06,-0.01101649
2.50885e-06,-0.01093108
2.5089e-06,-0.01084566
2.50895e-06,-0.01083401
2.509e-06,-0.01088643
2.50905e-06,-0.01092719
2.5091e-06,-0.01090778
2.50915e-06,-0.01087672
2.5092e-06,-0.01089808
2.50925e-06,-0.01097378
2.5093e-06,-0.01103202
2.50935e-06,-0.01101455
2.5094e-06,-0.01093884
2.50945e-06,-0.01086896
2.5095e-06,-0.01085537
2.50955e-06,-0.01089225
2.5096e-06,-0.01092913
2.50965e-06,-0.01091943
2.5097e-06,-0.01085537
2.50975e-06,-0.01078354
2.5098e-06,-0.01075637
2.50985e-06,-0.01079519
2.5099e-06,-0.01087284
2.50995e-06,-0.01094661
2.51e-06,-0.01097572
2.51005e-06,-0.01096408
2.5101e-06,-0.01093108
2.51015e-06,-0.01089419
2.5102e-06,-0.01085925
2.51025e-06,-0.0108476
2.5103e-06,-0.01089419
2.51035e-06,-0.0110029
2.5104e-06,-0.01108832
2.51045e-06,-0.01105531
2.5105e-06,-0.01092719
2.51055e-06,-0.01083984
2.5106e-06,-0.01083401
2.51065e-06,-0.01082431
2.5107e-06,-0.01076413
2.51075e-06,-0.01077966
2.5108e-06,-0.01096019
2.51085e-06,-0.01116208
2.5109e-06,-0.01117761
2.51095e-06,-0.01102231
2.511e-06,-0.01090778
2.51105e-06,-0.01095437
2.5111e-06,-0.01107084
2.51115e-06,-0.01110579
2.5112e-06,-0.01102814
2.51125e-06,-0.01090584
2.5113e-06,-0.0108146
2.51135e-06,-0.01080295
2.5114e-06,-0.01087284
2.51145e-06,-0.01098155
2.5115e-06,-0.01104755
2.51155e-06,-0.01101261
2.5116e-06,-0.01092137
2.51165e-06,-0.01089225
2.5117e-06,-0.0110029
2.51175e-06,-0.01117373
2.5118e-06,-0.01122226
2.51185e-06,-0.01107279
2.5119e-06,-0.01086119
2.51195e-06,-0.01079519
2.512e-06,-0.01090972
2.51205e-06,-0.01102426
2.5121e-06,-0.01096602
2.51215e-06,-0.01077384
2.5122e-06,-0.01065154
2.51225e-06,-0.01072336
2.5123e-06,-0.01089225
2.51235e-06,-0.01097767
2.5124e-06,-0.0109369
2.51245e-06,-0.01088449
2.5125e-06,-0.01092331
2.51255e-06,-0.01103008
2.5126e-06,-0.01112714
2.51265e-06,-0.01115238
2.5127e-06,-0.01108637
2.51275e-06,-0.01095243
2.5128e-06,-0.01081654
2.51285e-06,-0.01075248
2.5129e-06,-0.01076801
2.51295e-06,-0.01079713
2.513e-06,-0.01076995
2.51305e-06,-0.01070201
2.5131e-06,-0.01068648
2.51315e-06,-0.01077384
2.5132e-06,-0.01088643
2.51325e-06,-0.01090002
2.5133e-06,-0.01080295
2.51335e-06,-0.01071754
2.5134e-06,-0.01076413
2.51345e-06,-0.01091166
2.5135e-06,-0.0110262
2.51355e-06,-0.01101649
2.5136e-06,-0.01090778
2.51365e-06,-0.01077772
2.5137e-06,-0.01068842
2.51375e-06,-0.01066707
2.5138e-06,-0.01070201
2.51385e-06,-0.01074084
2.5139e-06,-0.01075831
2.51395e-06,-0.01079131
2.514e-06,-0.01089808
2.51405e-06,-0.01107473
2.5141e-06,-0.01122226
2.51415e-06,-0.01124167
2.5142e-06,-0.01113685
2.51425e-06,-0.01101067
2.5143e-06,-0.01093884
2.51435e-06,-0.01088837
2.5144e-06,-0.01078937
2.51445e-06,-0.01067483
2.5145e-06,-0.01064377
2.51455e-06,-0.01070978
2.5146e-06,-0.01076413
2.51465e-06,-0.01076801
2.5147e-06,-0.0108146
2.51475e-06,-0.01096602
2.5148e-06,-0.01111161
2.51485e-06,-0.0111019
2.5149e-06,-0.01095631
2.51495e-06,-0.01084566
2.515e-06,-0.01087672
2.51505e-06,-0.01097767
2.5151e-06,-0.01098737
2.51515e-06,-0.01085537
2.5152e-06,-0.01070589
2.51525e-06,-0.01070589
2.5153e-06,-0.01085925
2.51535e-06,-0.01097961
2.5154e-06,-0.01091749
2.51545e-06,-0.01075442
2.5155e-06,-0.01070978
2.51555e-06,-0.01086702
2.5156e-06,-0.01107667
2.51565e-06,-0.01114267
2.5157e-06,-0.01103202
2.51575e-06,-0.01087866
2.5158e-06,-0.01081072
2.51585e-06,-0.0108476
2.5159e-06,-0.01091943
2.51595e-06,-0.01095825
2.516e-06,-0.01093496
2.51605e-06,-0.0108709
2.5161e-06,-0.0108146
2.51615e-06,-0.01081848
2.5162e-06,-0.01089031
2.51625e-06,-0.01098155
2.5163e-06,-0.01101649
2.51635e-06,-0.01098543
2.5164e-06,-0.01096602
2.51645e-06,-0.01101455
2.5165e-06,-0.01107861
2.51655e-06,-0.01104367
2.5166e-06,-0.01089808
2.51665e-06,-0.01076607
2.5167e-06,-0.0107719
2.51675e-06,-0.01088643
2.5168e-06,-0.01096019
2.51685e-06,-0.01088643
2.5169e-06,-0.01072336
2.51695e-06,-0.01066707
2.517e-06,-0.01082237
2.51705e-06,-0.01106502
2.5171e-06,-0.01116208
2.51715e-06,-0.01104561
2.5172e-06,-0.01089419
2.51725e-06,-0.01091166
2.5173e-06,-0.01108055
2.51735e-06,-0.01119897
2.5174e-06,-0.01111743
2.51745e-06,-0.0109039
2.5175e-06,-0.01075248
2.51755e-06,-0.01075637
2.5176e-06,-0.01084372
2.51765e-06,-0.01089225
2.5177e-06,-0.01087672
2.51775e-06,-0.01085537
2.5178e-06,-0.01086702
2.51785e-06,-0.01089225
2.5179e-06,-0.01090584
2.51795e-06,-0.0109136
2.518e-06,-0.01092719
2.51805e-06,-0.01094466
2.5181e-06,-0.01096214
2.51815e-06,-0.01097378
2.5182e-06,-0.01095631
2.51825e-06,-0.01089031
2.5183e-06,-0.01081266
2.51835e-06,-0.01078937
2.5184e-06,-0.01084566
2.51845e-06,-0.01092331
2.5185e-06,-0.01095437
2.51855e-06,-0.01093496
2.5186e-06,-0.01091555
2.51865e-06,-0.01094272
2.5187e-06,-0.01099708
2.51875e-06,-0.01102426
2.5188e-06,-0.01098349
2.51885e-06,-0.01091555
2.5189e-06,-0.01089225
2.51895e-06,-0.01092719
2.519e-06,-0.01093884
2.51905e-06,-0.01087866
2.5191e-06,-0.01080295
2.51915e-06,-0.01079519
2.5192e-06,-0.01084566
2.51925e-06,-0.01088255
2.5193e-06,-0.01085731
2.51935e-06,-0.0108146
2.5194e-06,-0.0108049
2.51945e-06,-0.01082431
2.5195e-06,-0.01082819
2.51955e-06,-0.01079907
2.5196e-06,-0.01078354
2.51965e-06,-0.01082819
2.5197e-06,-0.0109039
2.51975e-06,-0.01093496
2.5198e-06,-0.01089225
2.51985e-06,-0.01084178
2.5199e-06,-0.01084954
2.51995e-06,-0.01090778
2.52e-06,-0.01095243
2.52005e-06,-0.01095243
2.5201e-06,-0.01092525
2.52015e-06,-0.01089419
2.5202e-06,-0.01087866
2.52025e-06,-0.01088837
2.5203e-06,-0.01092137
2.52035e-06,-0.01095631
2.5204e-06,-0.01098349
2.52045e-06,-0.01100873
2.5205e-06,-0.01102814
2.52055e-06,-0.01101067
2.5206e-06,-0.01096214
2.52065e-06,-0.01092719
2.5207e-06,-0.01092137
2.52075e-06,-0.01090584
2.5208e-06,-0.01086313
2.52085e-06,-0.01085537
2.5209e-06,-0.01094661
2.52095e-06,-0.01105143
2.521e-06,-0.01101067
2.52105e-06,-0.01081654
2.5211e-06,-0.01067289
2.52115e-06,-0.01073889
2.5212e-06,-0.01089808
2.52125e-06,-0.0109136
2.5213e-06,-0.01072531
2.52135e-06,-0.01052148
2.5214e-06,-0.01049236
2.52145e-06,-0.0106263
2.5215e-06,-0.0107719
2.52155e-06,-0.01082625
2.5216e-06,-0.0108146
2.52165e-06,-0.0108049
2.5217e-06,-0.01081072
2.52175e-06,-0.01080684
2.5218e-06,-0.01080684
2.52185e-06,-0.01083401
2.5219e-06,-0.01084372
2.52195e-06,-0.01076413
2.522e-06,-0.01063601
2.52205e-06,-0.01058748
2.5221e-06,-0.01064183
2.52215e-06,-0.01067483
2.5222e-06,-0.01062048
2.52225e-06,-0.01060495
2.5223e-06,-0.01073307
2.52235e-06,-0.01087866
2.5224e-06,-0.01085731
2.52245e-06,-0.01071172
2.5225e-06,-0.01066124
2.52255e-06,-0.01077578
2.5226e-06,-0.01089613
2.52265e-06,-0.01088837
2.5227e-06,-0.01081848
2.52275e-06,-0.01081266
2.5228e-06,-0.01084566
2.52285e-06,-0.01079713
2.5229e-06,-0.01066319
2.52295e-06,-0.01059524
2.523e-06,-0.01070589
2.52305e-06,-0.01092137
2.5231e-06,-0.01105726
2.52315e-06,-0.01100873
2.5232e-06,-0.01086119
2.52325e-06,-0.01079713
2.5233e-06,-0.01089808
2.52335e-06,-0.01105531
2.5234e-06,-0.0111019
2.52345e-06,-0.01098931
2.5235e-06,-0.01083984
2.52355e-06,-0.01080295
2.5236e-06,-0.01089419
2.52365e-06,-0.01098931
2.5237e-06,-0.01097184
2.52375e-06,-0.01085149
2.5238e-06,-0.01074278
2.52385e-06,-0.01073501
2.5239e-06,-0.0108476
2.52395e-06,-0.01101843
2.524e-06,-0.01113296
2.52405e-06,-0.01110385
2.5241e-06,-0.01096602
2.52415e-06,-0.01087284
2.5242e-06,-0.01090584
2.52425e-06,-0.01097184
2.5243e-06,-0.01093496
2.52435e-06,-0.0108049
2.5244e-06,-0.01071948
2.52445e-06,-0.01075442
2.5245e-06,-0.01083207
2.52455e-06,-0.01084178
2.5246e-06,-0.01078548
2.52465e-06,-0.01073695
2.5247e-06,-0.01074278
2.52475e-06,-0.01078937
2.5248e-06,-0.01086313
2.52485e-06,-0.01095825
2.5249e-06,-0.01103396
2.52495e-06,-0.0110359
2.525e-06,-0.01094078
2.52505e-06,-0.0108049
2.5251e-06,-0.01071172
2.52515e-06,-0.01070589
2.5252e-06,-0.01074084
2.52525e-06,-0.01074084
2.5253e-06,-0.01068066
2.52535e-06,-0.0106263
2.5254e-06,-0.01066124
2.52545e-06,-0.01078742
2.5255e-06,-0.01091166
2.52555e-06,-0.01094078
2.5256e-06,-0.01088449
2.52565e-06,-0.01083207
2.5257e-06,-0.01084954
2.52575e-06,-0.01089808
2.5258e-06,-0.0108709
2.52585e-06,-0.01074278
2.5259e-06,-0.01062048
2.52595e-06,-0.0106166
2.526e-06,-0.01071754
2.52605e-06,-0.01079907
2.5261e-06,-0.01080101
2.52615e-06,-0.01076219
2.5262e-06,-0.01075831
2.52625e-06,-0.01082237
2.5263e-06,-0.01095049
2.52635e-06,-0.01109026
2.5264e-06,-0.01113491
2.52645e-06,-0.01100873
2.5265e-06,-0.01081072
2.52655e-06,-0.01075054
2.5266e-06,-0.01087672
2.52665e-06,-0.01099125
2.5267e-06,-0.01090002
2.52675e-06,-0.01067095
2.5268e-06,-0.01055642
2.52685e-06,-0.01066319
2.5269e-06,-0.0108379
2.52695e-06,-0.01088643
2.527e-06,-0.01082625
2.52705e-06,-0.01082431
2.5271e-06,-0.0109369
2.52715e-06,-0.0110359
2.5272e-06,-0.01100484
2.52725e-06,-0.01089419
2.5273e-06,-0.01085731
2.52735e-06,-0.0109369
2.5274e-06,-0.01101843
2.52745e-06,-0.0109699
2.5275e-06,-0.01080295
2.52755e-06,-0.01066707
2.5276e-06,-0.0106923
2.52765e-06,-0.01083401
2.5277e-06,-0.01092913
2.52775e-06,-0.01089808
2.5278e-06,-0.0108379
2.52785e-06,-0.01085731
2.5279e-06,-0.01093302
2.52795e-06,-0.01097572
2.528e-06,-0.01097767
2.52805e-06,-0.01099708
2.5281e-06,-0.01104949
2.52815e-06,-0.01108055
2.5282e-06,-0.01104367
2.52825e-06,-0.01095049
2.5283e-06,-0.0108476
2.52835e-06,-0.01076995
2.5284e-06,-0.01073113
2.52845e-06,-0.0107486
2.5285e-06,-0.01083596
2.52855e-06,-0.01095049
2.5286e-06,-0.01101843
2.52865e-06,-0.01100873
2.5287e-06,-0.01097184
2.52875e-06,-0.01097378
2.5288e-06,-0.01101843
2.52885e-06,-0.01107279
2.5289e-06,-0.01110773
2.52895e-06,-0.01109608
2.529e-06,-0.01101649
2.52905e-06,-0.01090196
2.5291e-06,-0.01084178
2.52915e-06,-0.01087672
2.5292e-06,-0.01093302
2.52925e-06,-0.0109369
2.5293e-06,-0.01091555
2.52935e-06,-0.01095049
2.5294e-06,-0.01103784
2.52945e-06,-0.01108637
2.5295e-06,-0.01104561
2.52955e-06,-0.01096796
2.5296e-06,-0.01092525
2.52965e-06,-0.01092719
2.5297e-06,-0.01095825
2.52975e-06,-0.01101649
2.5298e-06,-0.0110689
2.52985e-06,-0.01104561
2.5299e-06,-0.01092913
2.52995e-06,-0.01082819
2.53e-06,-0.01084178
2.53005e-06,-0.01092525
2.5301e-06,-0.01096019
2.53015e-06,-0.01092525
2.5302e-06,-0.01090584
2.53025e-06,-0.01095049
2.5303e-06,-0.01102037
2.53035e-06,-0.01104755
2.5304e-06,-0.01103008
2.53045e-06,-0.01099514
2.5305e-06,-0.0109699
2.53055e-06,-0.01094855
2.5306e-06,-0.0109039
2.53065e-06,-0.01081266
2.5307e-06,-0.01070978
2.53075e-06,-0.01069619
2.5308e-06,-0.0108476
2.53085e-06,-0.01108832
2.5309e-06,-0.01123585
2.53095e-06,-0.0111582
2.531e-06,-0.01093884
2.53105e-06,-0.01079325
2.5311e-06,-0.01083207
2.53115e-06,-0.01094855
2.5312e-06,-0.01095437
2.53125e-06,-0.0108146
2.5313e-06,-0.01068842
2.53135e-06,-0.01071948
2.5314e-06,-0.01085537
2.53145e-06,-0.01092719
2.5315e-06,-0.01086702
2.53155e-06,-0.01077384
2.5316e-06,-0.01076995
2.53165e-06,-0.0108476
2.5317e-06,-0.01092719
2.53175e-06,-0.01095825
2.5318e-06,-0.01095243
2.53185e-06,-0.01094272
2.5319e-06,-0.01094272
2.53195e-06,-0.01093884
2.532e-06,-0.01090196
2.53205e-06,-0.01084178
2.5321e-06,-0.01080295
2.53215e-06,-0.0108049
2.5322e-06,-0.01080684
2.53225e-06,-0.01076607
2.5323e-06,-0.01070978
2.53235e-06,-0.01070589
2.5324e-06,-0.01077384
2.53245e-06,-0.0108709
2.5325e-06,-0.01094272
2.53255e-06,-0.01095437
2.5326e-06,-0.01092137
2.53265e-06,-0.01090778
2.5327e-06,-0.01095631
2.53275e-06,-0.01103008
2.5328e-06,-0.01104561
2.53285e-06,-0.0109932
2.5329e-06,-0.01092137
2.53295e-06,-0.01086313
2.533e-06,-0.01081266
2.53305e-06,-0.01077384
2.5331e-06,-0.01077772
2.53315e-06,-0.01082237
2.5332e-06,-0.01087478
2.53325e-06,-0.01090584
2.5333e-06,-0.01091943
2.53335e-06,-0.01093302
2.5334e-06,-0.01095437
2.53345e-06,-0.01097767
2.5335e-06,-0.01097767
2.53355e-06,-0.01092913
2.5336e-06,-0.01082625
2.53365e-06,-0.01072531
2.5337e-06,-0.01070395
2.53375e-06,-0.01076607
2.5338e-06,-0.01082237
2.53385e-06,-0.01079325
2.5339e-06,-0.01071172
2.53395e-06,-0.01068454
2.534e-06,-0.01075637
2.53405e-06,-0.01088837
2.5341e-06,-0.01101455
2.53415e-06,-0.01108249
2.5342e-06,-0.01106114
2.53425e-06,-0.01095825
2.5343e-06,-0.0108379
2.53435e-06,-0.01077578
2.5344e-06,-0.01077578
2.53445e-06,-0.01076413
2.5345e-06,-0.01069619
2.53455e-06,-0.01064571
2.5346e-06,-0.01071754
2.53465e-06,-0.01086896
2.5347e-06,-0.01093884
2.53475e-06,-0.01085731
2.5348e-06,-0.01076219
2.53485e-06,-0.0108146
2.5349e-06,-0.01098931
2.53495e-06,-0.01111938
2.535e-06,-0.01109802
2.53505e-06,-0.01096214
2.5351e-06,-0.01082431
2.53515e-06,-0.01076219
2.5352e-06,-0.01077772
2.53525e-06,-0.01080878
2.5353e-06,-0.01079519
2.53535e-06,-0.01073695
2.5354e-06,-0.01069425
2.53545e-06,-0.01072336
2.5355e-06,-0.01082625
2.53555e-06,-0.0109369
2.5356e-06,-0.01099125
2.53565e-06,-0.01100096
2.5357e-06,-0.01102426
2.53575e-06,-0.01107279
2.5358e-06,-0.0110592
2.53585e-06,-0.01094272
2.5359e-06,-0.01081072
2.53595e-06,-0.01077578
2.536e-06,-0.01081266
2.53605e-06,-0.01082237
2.5361e-06,-0.01078937
2.53615e-06,-0.01077772
2.5362e-06,-0.01082043
2.53625e-06,-0.0108709
2.5363e-06,-0.01089613
2.53635e-06,-0.01090778
2.5364e-06,-0.01091749
2.53645e-06,-0.01092913
2.5365e-06,-0.0109369
2.53655e-06,-0.01093108
2.5366e-06,-0.01090196
2.53665e-06,-0.01086313
2.5367e-06,-0.01084178
2.53675e-06,-0.01081848
2.5368e-06,-0.01076413
2.53685e-06,-0.01070783
2.5369e-06,-0.01071948
2.53695e-06,-0.01080878
2.537e-06,-0.0109136
2.53705e-06,-0.01099514
2.5371e-06,-0.01106114
2.53715e-06,-0.01109414
2.5372e-06,-0.01104755
2.53725e-06,-0.01095825
2.5373e-06,-0.01092525
2.53735e-06,-0.01096796
2.5374e-06,-0.01098155
2.53745e-06,-0.01091166
2.5375e-06,-0.01084178
2.53755e-06,-0.01086896
2.5376e-06,-0.01094272
2.53765e-06,-0.01094661
2.5377e-06,-0.01087866
2.53775e-06,-0.01087672
2.5378e-06,-0.01101649
2.53785e-06,-0.01119508
2.5379e-06,-0.01123779
2.53795e-06,-0.01111743
2.538e-06,-0.01097767
2.53805e-06,-0.01095049
2.5381e-06,-0.01101455
2.53815e-06,-0.01105531
2.5382e-06,-0.01101067
2.53825e-06,-0.01093496
2.5383e-06,-0.01089808
2.53835e-06,-0.01090972
2.5384e-06,-0.01094078
2.53845e-06,-0.01096602
2.5385e-06,-0.01098737
2.53855e-06,-0.0109932
2.5386e-06,-0.01096602
2.53865e-06,-0.01093496
2.5387e-06,-0.01095243
2.53875e-06,-0.01102814
2.5388e-06,-0.01107084
2.53885e-06,-0.01101261
2.5389e-06,-0.01091166
2.53895e-06,-0.01088255
2.539e-06,-0.01093496
2.53905e-06,-0.01095437
2.5391e-06,-0.01087284
2.53915e-06,-0.01078548
2.5392e-06,-0.01082431
2.53925e-06,-0.01097378
2.5393e-06,-0.01109608
2.53935e-06,-0.01111549
2.5394e-06,-0.01108055
2.53945e-06,-0.01105726
2.5395e-06,-0.0110592
2.53955e-06,-0.01107473
2.5396e-06,-0.01108637
2.53965e-06,-0.01104755
2.5397e-06,-0.0109369
2.53975e-06,-0.01082431
2.5398e-06,-0.01081072
2.53985e-06,-0.01088643
2.5399e-06,-0.01094661
2.53995e-06,-0.01094661
2.54e-06,-0.01096408
2.54005e-06,-0.0110689
2.5401e-06,-0.01120479
2.54015e-06,-0.01126303
2.5402e-06,-0.01121838
2.54025e-06,-0.01113685
2.5403e-06,-0.01108832
2.54035e-06,-0.01106114
2.5404e-06,-0.01101067
2.54045e-06,-0.01093496
2.5405e-06,-0.01089613
2.54055e-06,-0.01093302
2.5406e-06,-0.01100096
2.54065e-06,-0.01102426
2.5407e-06,-0.01098349
2.54075e-06,-0.01092331
2.5408e-06,-0.01088837
2.54085e-06,-0.01087672
2.5409e-06,-0.01087478
2.54095e-06,-0.0109039
2.541e-06,-0.01097961
2.54105e-06,-0.01107861
2.5411e-06,-0.01113491
2.54115e-06,-0.01110773
2.5412e-06,-0.01101455
2.54125e-06,-0.0109039
2.5413e-06,-0.01082431
2.54135e-06,-0.01080101
2.5414e-06,-0.0108146
2.54145e-06,-0.01082043
2.5415e-06,-0.01079325
2.54155e-06,-0.01078354
2.5416e-06,-0.01085537
2.54165e-06,-0.01099125
2.5417e-06,-0.01108443
2.54175e-06,-0.01106114
2.5418e-06,-0.01096019
2.54185e-06,-0.01088449
2.5419e-06,-0.01088837
2.54195e-06,-0.01095243
2.542e-06,-0.01103008
2.54205e-06,-0.0110689
2.5421e-06,-0.01104173
2.54215e-06,-0.01095243
2.5422e-06,-0.0108476
2.54225e-06,-0.01077384
2.5423e-06,-0.01075637
2.54235e-06,-0.01080684
2.5424e-06,-0.01092525
2.54245e-06,-0.0110592
2.5425e-06,-0.01112132
2.54255e-06,-0.01107473
2.5426e-06,-0.01098931
2.54265e-06,-0.01094855
2.5427e-06,-0.01095049
2.54275e-06,-0.01094272
2.5428e-06,-0.0109136
2.54285e-06,-0.01089613
2.5429e-06,-0.01088255
2.54295e-06,-0.01083984
2.543e-06,-0.01078548
2.54305e-06,-0.01079131
2.5431e-06,-0.01088255
2.54315e-06,-0.01097961
2.5432e-06,-0.01099902
2.54325e-06,-0.01095437
2.5433e-06,-0.01092913
2.54335e-06,-0.01094855
2.5434e-06,-0.01095825
2.54345e-06,-0.01090972
2.5435e-06,-0.01083596
2.54355e-06,-0.01080101
2.5436e-06,-0.01080101
2.54365e-06,-0.01079325
2.5437e-06,-0.01078548
2.54375e-06,-0.01082819
2.5438e-06,-0.01090778
2.54385e-06,-0.0109369
2.5439e-06,-0.01088255
2.54395e-06,-0.01083207
2.544e-06,-0.01086507
2.54405e-06,-0.01094078
2.5441e-06,-0.01097184
2.54415e-06,-0.01095049
2.5442e-06,-0.0109369
2.54425e-06,-0.01093884
2.5443e-06,-0.01090584
2.54435e-06,-0.01083984
2.5444e-06,-0.01079907
2.54445e-06,-0.01080878
2.5445e-06,-0.0108379
2.54455e-06,-0.01086119
2.5446e-06,-0.01089419
2.54465e-06,-0.01093884
2.5447e-06,-0.01095437
2.54475e-06,-0.0109369
2.5448e-06,-0.01095049
2.54485e-06,-0.01104561
2.5449e-06,-0.01115238
2.54495e-06,-0.01113879
2.545e-06,-0.01099514
2.54505e-06,-0.01086896
2.5451e-06,-0.01088449
2.54515e-06,-0.01099708
2.5452e-06,-0.01105531
2.54525e-06,-0.01098737
2.5453e-06,-0.01086896
2.54535e-06,-0.0108146
2.5454e-06,-0.0108476
2.54545e-06,-0.01090972
2.5455e-06,-0.01095631
2.54555e-06,-0.01099125
2.5456e-06,-0.01103784
2.54565e-06,-0.01109996
2.5457e-06,-0.01116402
2.54575e-06,-0.01120091
2.5458e-06,-0.01117373
2.54585e-06,-0.01108637
2.5459e-06,-0.01100678
2.54595e-06,-0.01099708
2.546e-06,-0.0110359
2.54605e-06,-0.01103978
2.5461e-06,-0.01096796
2.54615e-06,-0.01087478
2.5462e-06,-0.0108379
2.54625e-06,-0.01087672
2.5463e-06,-0.01095631
2.54635e-06,-0.0110592
2.5464e-06,-0.01116014
2.54645e-06,-0.01120867
2.5465e-06,-0.01115044
2.54655e-06,-0.01102037
2.5466e-06,-0.01091943
2.54665e-06,-0.01089613
2.5467e-06,-0.01090972
2.54675e-06,-0.01091166
2.5468e-06,-0.01089031
2.54685e-06,-0.01086313
2.5469e-06,-0.01085149
2.54695e-06,-0.01087478
2.547e-06,-0.01094855
2.54705e-06,-0.01103008
2.5471e-06,-0.01104561
2.54715e-06,-0.01096796
2.5472e-06,-0.01086119
2.54725e-06,-0.0108146
2.5473e-06,-0.0108379
2.54735e-06,-0.01086702
2.5474e-06,-0.01085731
2.54745e-06,-0.01083596
2.5475e-06,-0.01082431
2.54755e-06,-0.01080684
2.5476e-06,-0.01077966
2.54765e-06,-0.01079519
2.5477e-06,-0.01087672
2.54775e-06,-0.01096408
2.5478e-06,-0.01097184
2.54785e-06,-0.01091555
2.5479e-06,-0.01088643
2.54795e-06,-0.01091749
2.548e-06,-0.01094272
2.54805e-06,-0.01089613
2.5481e-06,-0.01080101
2.54815e-06,-0.01073501
2.5482e-06,-0.01073307
2.54825e-06,-0.01076607
2.5483e-06,-0.01079713
2.54835e-06,-0.01079519
2.5484e-06,-0.01075248
2.54845e-06,-0.01070589
2.5485e-06,-0.01072919
2.54855e-06,-0.01082431
2.5486e-06,-0.01089808
2.54865e-06,-0.01088255
2.5487e-06,-0.01083596
2.54875e-06,-0.01083207
2.5488e-06,-0.01084566
2.54885e-06,-0.01081266
2.5489e-06,-0.01076413
2.54895e-06,-0.01078937
2.549e-06,-0.01087672
2.54905e-06,-0.01090778
2.5491e-06,-0.01080684
2.54915e-06,-0.01066707
2.5492e-06,-0.01063213
2.54925e-06,-0.01075248
2.5493e-06,-0.01092525
2.54935e-06,-0.01101843
2.5494e-06,-0.01099708
2.54945e-06,-0.01092525
2.5495e-06,-0.01090584
2.54955e-06,-0.01097961
2.5496e-06,-0.01106308
2.54965e-06,-0.01102426
2.5497e-06,-0.01083401
2.54975e-06,-0.01061077
2.5498e-06,-0.01051371
2.54985e-06,-0.01056418
2.5499e-06,-0.01067483
2.54995e-06,-0.01076995
2.55e-06,-0.01083207
2.55005e-06,-0.01085343
2.5501e-06,-0.01083984
2.55015e-06,-0.01085149
2.5502e-06,-0.01094272
2.55025e-06,-0.01105337
2.5503e-06,-0.01105531
2.55035e-06,-0.01092719
2.5504e-06,-0.01079713
2.55045e-06,-0.0107719
2.5505e-06,-0.01079907
2.55055e-06,-0.01076995
2.5506e-06,-0.01069813
2.55065e-06,-0.01069619
2.5507e-06,-0.01079907
2.55075e-06,-0.01089808
2.5508e-06,-0.01089225
2.55085e-06,-0.01082237
2.5509e-06,-0.01079907
2.55095e-06,-0.01086119
2.551e-06,-0.01095437
2.55105e-06,-0.01101455
2.5511e-06,-0.01102231
2.55115e-06,-0.01096796
2.5512e-06,-0.01084954
2.55125e-06,-0.01070978
2.5513e-06,-0.01063989
2.55135e-06,-0.01068648
2.5514e-06,-0.01078548
2.55145e-06,-0.01082043
2.5515e-06,-0.01076801
2.55155e-06,-0.01072725
2.5516e-06,-0.01078354
2.55165e-06,-0.01089419
2.5517e-06,-0.01094855
2.55175e-06,-0.0109136
2.5518e-06,-0.01087478
2.55185e-06,-0.01091749
2.5519e-06,-0.01099708
2.55195e-06,-0.01097961
2.552e-06,-0.01082237
2.55205e-06,-0.01067483
2.5521e-06,-0.0107156
2.55215e-06,-0.01089031
2.5522e-06,-0.01097572
2.55225e-06,-0.01088449
2.5523e-06,-0.01078548
2.55235e-06,-0.0108476
2.5524e-06,-0.01101067
2.55245e-06,-0.01108832
2.5525e-06,-0.01103008
2.55255e-06,-0.01095825
2.5526e-06,-0.01096214
2.55265e-06,-0.01099708
2.5527e-06,-0.01097378
2.55275e-06,-0.01088837
2.5528e-06,-0.01084372
2.55285e-06,-0.01090778
2.5529e-06,-0.01099708
2.55295e-06,-0.01096019
2.553e-06,-0.01078548
2.55305e-06,-0.01064377
2.5531e-06,-0.01067483
2.55315e-06,-0.01082043
2.5532e-06,-0.01093108
2.55325e-06,-0.01096019
2.5533e-06,-0.01097961
2.55335e-06,-0.01100873
2.5534e-06,-0.01099902
2.55345e-06,-0.0109369
2.5535e-06,-0.01089808
2.55355e-06,-0.01091749
2.5536e-06,-0.01091943
2.55365e-06,-0.01083401
2.5537e-06,-0.01072725
2.55375e-06,-0.01074278
2.5538e-06,-0.01089419
2.55385e-06,-0.01103396
2.5539e-06,-0.01103396
2.55395e-06,-0.01093496
2.554e-06,-0.01087284
2.55405e-06,-0.01093302
2.5541e-06,-0.0110689
2.55415e-06,-0.01115044
2.5542e-06,-0.01109802
2.55425e-06,-0.01096408
2.5543e-06,-0.0108806
2.55435e-06,-0.01089419
2.5544e-06,-0.01091749
2.55445e-06,-0.01087284
2.5545e-06,-0.0108049
2.55455e-06,-0.01079519
2.5546e-06,-0.01084566
2.55465e-06,-0.01088449
2.5547e-06,-0.01088643
2.55475e-06,-0.01090196
2.5548e-06,-0.0109699
2.55485e-06,-0.01105337
2.5549e-06,-0.01109608
2.55495e-06,-0.01108055
2.555e-06,-0.01103396
2.55505e-06,-0.01098349
2.5551e-06,-0.01095049
2.55515e-06,-0.01095049
2.5552e-06,-0.01096796
2.55525e-06,-0.01095825
2.5553e-06,-0.01091555
2.55535e-06,-0.01088643
2.5554e-06,-0.0109039
2.55545e-06,-0.01095437
2.5555e-06,-0.01098931
2.55555e-06,-0.01099125
2.5556e-06,-0.01098155
2.55565e-06,-0.01099708
2.5557e-06,-0.01103978
2.55575e-06,-0.01107667
2.5558e-06,-0.01109026
2.55585e-06,-0.01109608
2.5559e-06,-0.0110922
2.55595e-06,-0.0110359
2.556e-06,-0.01091749
2.55605e-06,-0.01082043
2.5561e-06,-0.01083207
2.55615e-06,-0.01093108
2.5562e-06,-0.01099514
2.55625e-06,-0.01097184
2.5563e-06,-0.01095049
2.55635e-06,-0.01101455
2.5564e-06,-0.01112714
2.55645e-06,-0.01116791
2.5565e-06,-0.01108637
2.55655e-06,-0.01094272
2.5566e-06,-0.01081848
2.55665e-06,-0.01076607
2.5567e-06,-0.01081072
2.55675e-06,-0.01091749
2.5568e-06,-0.01101261
2.55685e-06,-0.01103784
2.5569e-06,-0.0110029
2.55695e-06,-0.01095631
2.557e-06,-0.01091749
2.55705e-06,-0.01090972
2.5571e-06,-0.01096408
2.55715e-06,-0.01104173
2.5572e-06,-0.01104755
2.55725e-06,-0.01097378
2.5573e-06,-0.01094078
2.55735e-06,-0.01099514
2.5574e-06,-0.01100096
2.55745e-06,-0.01085149
2.5575e-06,-0.01069036
2.55755e-06,-0.01074472
2.5576e-06,-0.01100873
2.55765e-06,-0.01122614
2.5577e-06,-0.01120479
2.55775e-06,-0.01102037
2.5578e-06,-0.01089613
2.55785e-06,-0.01093884
2.5579e-06,-0.0110592
2.55795e-06,-0.0111019
2.558e-06,-0.01101455
2.55805e-06,-0.01088449
2.5581e-06,-0.01082819
2.55815e-06,-0.01086313
2.5582e-06,-0.01090196
2.55825e-06,-0.01086507
2.5583e-06,-0.01077966
2.55835e-06,-0.01075442
2.5584e-06,-0.01082237
2.55845e-06,-0.01090002
2.5585e-06,-0.01089419
2.55855e-06,-0.01084372
2.5586e-06,-0.01085343
2.55865e-06,-0.01094272
2.5587e-06,-0.01100873
2.55875e-06,-0.01096602
2.5588e-06,-0.01087866
2.55885e-06,-0.01086702
2.5589e-06,-0.01093496
2.55895e-06,-0.01097184
2.559e-06,-0.01091555
2.55905e-06,-0.01084372
2.5591e-06,-0.01086119
2.55915e-06,-0.01092719
2.5592e-06,-0.01091943
2.55925e-06,-0.01080684
2.5593e-06,-0.01071172
2.55935e-06,-0.01075248
2.5594e-06,-0.01088837
2.55945e-06,-0.01097378
2.5595e-06,-0.01094855
2.55955e-06,-0.01090002
2.5596e-06,-0.01092525
2.55965e-06,-0.01099902
2.5597e-06,-0.01103396
2.55975e-06,-0.01100484
2.5598e-06,-0.01097184
2.55985e-06,-0.01095437
2.5599e-06,-0.01092331
2.55995e-06,-0.0108806
2.56e-06,-0.01089613
2.56005e-06,-0.01099708
2.5601e-06,-0.01109414
2.56015e-06,-0.01109608
2.5602e-06,-0.01103784
2.56025e-06,-0.0110262
2.5603e-06,-0.01107861
2.56035e-06,-0.0111019
2.5604e-06,-0.01103978
2.56045e-06,-0.01095631
2.5605e-06,-0.01094272
2.56055e-06,-0.0109932
2.5606e-06,-0.01102231
2.56065e-06,-0.01099125
2.5607e-06,-0.01093884
2.56075e-06,-0.01090778
2.5608e-06,-0.01089613
2.56085e-06,-0.01090196
2.5609e-06,-0.01094855
2.56095e-06,-0.01102037
2.561e-06,-0.01106308
2.56105e-06,-0.01107084
2.5611e-06,-0.01110967
2.56115e-06,-0.0111912
2.5612e-06,-0.01120867
2.56125e-06,-0.01107084
2.5613e-06,-0.01087866
2.56135e-06,-0.01082043
2.5614e-06,-0.01093302
2.56145e-06,-0.01108055
2.5615e-06,-0.01113296
2.56155e-06,-0.01109608
2.5616e-06,-0.01105726
2.56165e-06,-0.01107084
2.5617e-06,-0.01114073
2.56175e-06,-0.01123003
2.5618e-06,-0.01127662
2.56185e-06,-0.01123585
2.5619e-06,-0.01114267
2.56195e-06,-0.01109026
2.562e-06,-0.01111355
2.56205e-06,-0.01112714
2.5621e-06,-0.01101649
2.56215e-06,-0.01081266
2.5622e-06,-0.01069813
2.56225e-06,-0.01081266
2.5623e-06,-0.01108637
2.56235e-06,-0.01125914
2.5624e-06,-0.01116597
2.56245e-06,-0.01092137
2.5625e-06,-0.01081072
2.56255e-06,-0.01095631
2.5626e-06,-0.01117761
2.56265e-06,-0.0112145
2.5627e-06,-0.01103396
2.56275e-06,-0.0108476
2.5628e-06,-0.01082431
2.56285e-06,-0.01090778
2.5629e-06,-0.01094661
2.56295e-06,-0.0109136
2.563e-06,-0.01090972
2.56305e-06,-0.0109932
2.5631e-06,-0.01109996
2.56315e-06,-0.01115626
2.5632e-06,-0.01116208
2.56325e-06,-0.01116985
2.5633e-06,-0.01120673
2.56335e-06,-0.01125138
2.5634e-06,-0.01126109
2.56345e-06,-0.01120285
2.5635e-06,-0.01109608
2.56355e-06,-0.01101261
2.5636e-06,-0.0110029
2.56365e-06,-0.01105143
2.5637e-06,-0.01109996
2.56375e-06,-0.01110385
2.5638e-06,-0.01107084
2.56385e-06,-0.01105337
2.5639e-06,-0.01107861
2.56395e-06,-0.01112714
2.564e-06,-0.01115238
2.56405e-06,-0.01115238
2.5641e-06,-0.01114849
2.56415e-06,-0.01114267
2.5642e-06,-0.01110967
2.56425e-06,-0.01106114
2.5643e-06,-0.01104173
2.56435e-06,-0.01102814
2.5644e-06,-0.01095243
2.56445e-06,-0.01083984
2.5645e-06,-0.01081848
2.56455e-06,-0.01094078
2.5646e-06,-0.01107861
2.56465e-06,-0.01108637
2.5647e-06,-0.01101455
2.56475e-06,-0.01101843
2.5648e-06,-0.01113296
2.56485e-06,-0.01123585
2.5649e-06,-0.01124556
2.56495e-06,-0.01123003
2.565e-06,-0.01126497
2.56505e-06,-0.01130379
2.5651e-06,-0.01125138
2.56515e-06,-0.01111743
2.5652e-06,-0.01101067
2.56525e-06,-0.01099125
2.5653e-06,-0.01100873
2.56535e-06,-0.0109932
2.5654e-06,-0.01095437
2.56545e-06,-0.01095631
2.5655e-06,-0.01102426
2.56555e-06,-0.01111549
2.5656e-06,-0.01117955
2.56565e-06,-0.01122032
2.5657e-06,-0.01126303
2.56575e-06,-0.01129797
2.5658e-06,-0.01125332
2.56585e-06,-0.01110385
2.5659e-06,-0.01091166
2.56595e-06,-0.01078742
2.566e-06,-0.01077578
2.56605e-06,-0.01083013
2.5661e-06,-0.01087672
2.56615e-06,-0.01090584
2.5662e-06,-0.01095631
2.56625e-06,-0.01105726
2.5663e-06,-0.01117179
2.56635e-06,-0.01124361
2.5664e-06,-0.01125138
2.56645e-06,-0.01120285
2.5665e-06,-0.01111938
2.56655e-06,-0.01103978
2.5666e-06,-0.01099902
2.56665e-06,-0.01098931
2.5667e-06,-0.01095631
2.56675e-06,-0.0108709
2.5668e-06,-0.01080878
2.56685e-06,-0.01087284
2.5669e-06,-0.01103784
2.56695e-06,-0.0111582
2.567e-06,-0.01113685
2.56705e-06,-0.01105337
2.5671e-06,-0.01105143
2.56715e-06,-0.01116208
2.5672e-06,-0.01127273
2.56725e-06,-0.01127467
2.5673e-06,-0.01118538
2.56735e-06,-0.01109414
2.5674e-06,-0.01104949
2.56745e-06,-0.0110262
2.5675e-06,-0.0109699
2.56755e-06,-0.01088837
2.5676e-06,-0.01083984
2.56765e-06,-0.01085731
2.5677e-06,-0.01089808
2.56775e-06,-0.01091555
2.5678e-06,-0.01092913
2.56785e-06,-0.01098543
2.5679e-06,-0.01107667
2.56795e-06,-0.01113685
2.568e-06,-0.01113491
2.56805e-06,-0.01109802
2.5681e-06,-0.01108249
2.56815e-06,-0.01109802
2.5682e-06,-0.01110579
2.56825e-06,-0.01106308
2.5683e-06,-0.01098349
2.56835e-06,-0.01095243
2.5684e-06,-0.01100484
2.56845e-06,-0.01107473
2.5685e-06,-0.0110922
2.56855e-06,-0.01108832
2.5686e-06,-0.0111252
2.56865e-06,-0.01117373
2.5687e-06,-0.01115432
2.56875e-06,-0.01107667
2.5688e-06,-0.01102426
2.56885e-06,-0.01104173
2.5689e-06,-0.01108443
2.56895e-06,-0.01110773
2.569e-06,-0.01109996
2.56905e-06,-0.0110689
2.5691e-06,-0.01101067
2.56915e-06,-0.01094466
2.5692e-06,-0.01091555
2.56925e-06,-0.01095437
2.5693e-06,-0.01103784
2.56935e-06,-0.01111549
2.5694e-06,-0.01114073
2.56945e-06,-0.01111355
2.5695e-06,-0.01107473
2.56955e-06,-0.01107861
2.5696e-06,-0.01113102
2.56965e-06,-0.01117761
2.5697e-06,-0.01114849
2.56975e-06,-0.0110359
2.5698e-06,-0.01091749
2.56985e-06,-0.01088643
2.5699e-06,-0.0109699
2.56995e-06,-0.01109414
2.57e-06,-0.01116208
2.57005e-06,-0.01116597
2.5701e-06,-0.01117179
2.57015e-06,-0.01120867
2.5702e-06,-0.01122808
2.57025e-06,-0.01119702
2.5703e-06,-0.01114461
2.57035e-06,-0.01111743
2.5704e-06,-0.01110579
2.57045e-06,-0.01106502
2.5705e-06,-0.01099902
2.57055e-06,-0.01096019
2.5706e-06,-0.01097961
2.57065e-06,-0.01101261
2.5707e-06,-0.01098737
2.57075e-06,-0.0109136
2.5708e-06,-0.01091166
2.57085e-06,-0.01104755
2.5709e-06,-0.0112145
2.57095e-06,-0.01123197
2.571e-06,-0.01109996
2.57105e-06,-0.01102231
2.5711e-06,-0.01111743
2.57115e-06,-0.01124361
2.5712e-06,-0.01118732
2.57125e-06,-0.01095437
2.5713e-06,-0.01076219
2.57135e-06,-0.01077772
2.5714e-06,-0.01092719
2.57145e-06,-0.01104755
2.5715e-06,-0.01108832
2.57155e-06,-0.01111743
2.5716e-06,-0.01116791
2.57165e-06,-0.01117373
2.5717e-06,-0.01110967
2.57175e-06,-0.01106696
2.5718e-06,-0.01113102
2.57185e-06,-0.01123003
2.5719e-06,-0.01122226
2.57195e-06,-0.01111161
2.572e-06,-0.01104755
2.57205e-06,-0.01110967
2.5721e-06,-0.01120091
2.57215e-06,-0.01120479
2.5722e-06,-0.01114267
2.57225e-06,-0.01109608
2.5723e-06,-0.01108055
2.57235e-06,-0.01107279
2.5724e-06,-0.01109996
2.57245e-06,-0.01118926
2.5725e-06,-0.01125914
2.57255e-06,-0.01121838
2.5726e-06,-0.01111743
2.57265e-06,-0.01109608
2.5727e-06,-0.01116597
2.57275e-06,-0.01117567
2.5728e-06,-0.01103978
2.57285e-06,-0.01089225
2.5729e-06,-0.01091166
2.57295e-06,-0.0110689
2.573e-06,-0.01115626
2.57305e-06,-0.01107473
2.5731e-06,-0.01096214
2.57315e-06,-0.01099902
2.5732e-06,-0.0111582
2.57325e-06,-0.01124944
2.5733e-06,-0.01116014
2.57335e-06,-0.01101067
2.5734e-06,-0.01098543
2.57345e-06,-0.0111252
2.5735e-06,-0.0112805
2.57355e-06,-0.01128244
2.5736e-06,-0.01112714
2.57365e-06,-0.01098349
2.5737e-06,-0.01101067
2.57375e-06,-0.01116985
2.5738e-06,-0.01128244
2.57385e-06,-0.01124556
2.5739e-06,-0.01114267
2.57395e-06,-0.01111743
2.574e-06,-0.01118732
2.57405e-06,-0.01126691
2.5741e-06,-0.0112805
2.57415e-06,-0.01123973
2.5742e-06,-0.01118149
2.57425e-06,-0.01112714
2.5743e-06,-0.01110385
2.57435e-06,-0.01113296
2.5744e-06,-0.01117567
2.57445e-06,-0.01115044
2.5745e-06,-0.01103978
2.57455e-06,-0.01095243
2.5746e-06,-0.01100096
2.57465e-06,-0.01115044
2.5747e-06,-0.01125332
2.57475e-06,-0.01124361
2.5748e-06,-0.01119508
2.57485e-06,-0.01120285
2.5749e-06,-0.01126497
2.57495e-06,-0.01130573
2.575e-06,-0.01126885
2.57505e-06,-0.01117955
2.5751e-06,-0.01110773
2.57515e-06,-0.01106502
2.5752e-06,-0.01101455
2.57525e-06,-0.01096408
2.5753e-06,-0.01098931
2.57535e-06,-0.01109802
2.5754e-06,-0.01116985
2.57545e-06,-0.01110579
2.5755e-06,-0.0110029
2.57555e-06,-0.01103978
2.5756e-06,-0.01122808
2.57565e-06,-0.01138532
2.5757e-06,-0.01136009
2.57575e-06,-0.01120673
2.5758e-06,-0.01106696
2.57585e-06,-0.01099125
2.5759e-06,-0.01094661
2.57595e-06,-0.01092719
2.576e-06,-0.01095049
2.57605e-06,-0.01098155
2.5761e-06,-0.01096214
2.57615e-06,-0.01091166
2.5762e-06,-0.01091555
2.57625e-06,-0.01101261
2.5763e-06,-0.01112326
2.57635e-06,-0.01116597
2.5764e-06,-0.01114461
2.57645e-06,-0.01111743
2.5765e-06,-0.01110579
2.57655e-06,-0.01108443
2.5766e-06,-0.01105143
2.57665e-06,-0.01103202
2.5767e-06,-0.01104173
2.57675e-06,-0.01107667
2.5768e-06,-0.01113102
2.57685e-06,-0.01117761
2.5769e-06,-0.01117373
2.57695e-06,-0.01113102
2.577e-06,-0.01113296
2.57705e-06,-0.01122226
2.5771e-06,-0.01131932
2.57715e-06,-0.01131932
2.5772e-06,-0.01123585
2.57725e-06,-0.01118344
2.5773e-06,-0.01118926
2.57735e-06,-0.01117761
2.5774e-06,-0.01112326
2.57745e-06,-0.01109996
2.5775e-06,-0.01113102
2.57755e-06,-0.01111549
2.5776e-06,-0.01100096
2.57765e-06,-0.0109136
2.5777e-06,-0.01098931
2.57775e-06,-0.01116791
2.5778e-06,-0.01127079
2.57785e-06,-0.01123585
2.5779e-06,-0.01117373
2.57795e-06,-0.01118926
2.578e-06,-0.01124167
2.57805e-06,-0.01124361
2.5781e-06,-0.01117761
2.57815e-06,-0.01109802
2.5782e-06,-0.01103396
2.57825e-06,-0.01099708
2.5783e-06,-0.01098543
2.57835e-06,-0.0110029
2.5784e-06,-0.01103396
2.57845e-06,-0.01106308
2.5785e-06,-0.01108249
2.57855e-06,-0.01108443
2.5786e-06,-0.01106696
2.57865e-06,-0.0110689
2.5787e-06,-0.01114267
2.57875e-06,-0.01124361
2.5788e-06,-0.0112572
2.57885e-06,-0.01114267
2.5789e-06,-0.01101843
2.57895e-06,-0.01102426
2.579e-06,-0.01114655
2.57905e-06,-0.01122614
2.5791e-06,-0.01116208
2.57915e-06,-0.01103008
2.5792e-06,-0.01099514
2.57925e-06,-0.0111252
2.5793e-06,-0.01131544
2.57935e-06,-0.01142609
2.5794e-06,-0.01142997
2.57945e-06,-0.01140862
2.5795e-06,-0.01140085
2.57955e-06,-0.01136785
2.5796e-06,-0.01128632
2.57965e-06,-0.0112145
2.5797e-06,-0.01118926
2.57975e-06,-0.01116985
2.5798e-06,-0.01111355
2.57985e-06,-0.01106114
2.5799e-06,-0.01107861
2.57995e-06,-0.01114849
2.58e-06,-0.01117567
2.58005e-06,-0.01112132
2.5801e-06,-0.01106114
2.58015e-06,-0.01109026
2.5802e-06,-0.01123779
2.58025e-06,-0.01142221
2.5803e-06,-0.01152315
2.58035e-06,-0.01146297
2.5804e-06,-0.01129797
2.58045e-06,-0.01117373
2.5805e-06,-0.01116597
2.58055e-06,-0.0112145
2.5806e-06,-0.01123391
2.58065e-06,-0.01122226
2.5807e-06,-0.01124944
2.58075e-06,-0.01132709
2.5808e-06,-0.01138921
2.58085e-06,-0.01136785
2.5809e-06,-0.01126303
2.58095e-06,-0.01116208
2.581e-06,-0.01115626
2.58105e-06,-0.01126497
2.5811e-06,-0.01139309
2.58115e-06,-0.01140668
2.5812e-06,-0.01126885
2.58125e-06,-0.01109608
2.5813e-06,-0.01104561
2.58135e-06,-0.01112714
2.5814e-06,-0.01119897
2.58145e-06,-0.01116791
2.5815e-06,-0.01111355
2.58155e-06,-0.01117955
2.5816e-06,-0.01138532
2.58165e-06,-0.01156974
2.5817e-06,-0.01157168
2.58175e-06,-0.01139309
2.5818e-06,-0.01120091
2.58185e-06,-0.01116014
2.5819e-06,-0.01128438
2.58195e-06,-0.01143774
2.582e-06,-0.01147268
2.58205e-06,-0.01135621
2.5821e-06,-0.01120867
2.58215e-06,-0.01117179
2.5822e-06,-0.01125332
2.58225e-06,-0.0113232
2.5823e-06,-0.01128632
2.58235e-06,-0.01120285
2.5824e-06,-0.01121255
2.58245e-06,-0.0113232
2.5825e-06,-0.01140474
2.58255e-06,-0.01135815
2.5826e-06,-0.01125526
2.58265e-06,-0.01123585
2.5827e-06,-0.01133291
2.58275e-06,-0.01142609
2.5828e-06,-0.01137562
2.58285e-06,-0.01117761
2.5829e-06,-0.01098737
2.58295e-06,-0.01096796
2.583e-06,-0.01111355
2.58305e-06,-0.01125526
2.5831e-06,-0.0112475
2.58315e-06,-0.01113296
2.5832e-06,-0.01107279
2.58325e-06,-0.01116402
2.5833e-06,-0.01131738
2.58335e-06,-0.01136785
2.5834e-06,-0.01126303
2.58345e-06,-0.01112908
2.5835e-06,-0.01109996
2.58355e-06,-0.01114461
2.5836e-06,-0.01113102
2.58365e-06,-0.01100484
2.5837e-06,-0.01086507
2.58375e-06,-0.0108379
2.5838e-06,-0.01093302
2.58385e-06,-0.01106502
2.5839e-06,-0.01116597
2.58395e-06,-0.01125138
2.584e-06,-0.01133291
2.58405e-06,-0.01136009
2.5841e-06,-0.01128632
2.58415e-06,-0.01115044
2.5842e-06,-0.01104367
2.58425e-06,-0.0110029
2.5843e-06,-0.01101649
2.58435e-06,-0.01108055
2.5844e-06,-0.01116208
2.58445e-06,-0.01118538
2.5845e-06,-0.01109996
2.58455e-06,-0.01099708
2.5846e-06,-0.01102426
2.58465e-06,-0.01118149
2.5847e-06,-0.0112902
2.58475e-06,-0.01123391
2.5848e-06,-0.01110967
2.58485e-06,-0.01110773
2.5849e-06,-0.01125526
2.58495e-06,-0.01138144
2.585e-06,-0.01135426
2.58505e-06,-0.0112242
2.5851e-06,-0.01112908
2.58515e-06,-0.01111938
2.5852e-06,-0.01114849
2.58525e-06,-0.01116985
2.5853e-06,-0.01117955
2.58535e-06,-0.01118149
2.5854e-06,-0.01116597
2.58545e-06,-0.01116791
2.5855e-06,-0.01123391
2.58555e-06,-0.01133679
2.5856e-06,-0.01138144
2.58565e-06,-0.01134844
2.5857e-06,-0.01133485
2.58575e-06,-0.0114028
2.5858e-06,-0.01144938
2.58585e-06,-0.01134262
2.5859e-06,-0.01113685
2.58595e-06,-0.0110359
2.586e-06,-0.0111252
2.58605e-06,-0.01124167
2.5861e-06,-0.01120285
2.58615e-06,-0.01104755
2.5862e-06,-0.01097961
2.58625e-06,-0.01109608
2.5863e-06,-0.01126691
2.58635e-06,-0.01131544
2.5864e-06,-0.01123973
2.58645e-06,-0.01118149
2.5865e-06,-0.01122808
2.58655e-06,-0.01130379
2.5866e-06,-0.0112902
2.58665e-06,-0.01119702
2.5867e-06,-0.01114267
2.58675e-06,-0.01117955
2.5868e-06,-0.01123003
2.58685e-06,-0.01122032
2.5869e-06,-0.01118149
2.58695e-06,-0.01116597
2.587e-06,-0.01114849
2.58705e-06,-0.01109414
2.5871e-06,-0.01107084
2.58715e-06,-0.01115432
2.5872e-06,-0.0112902
2.58725e-06,-0.01135621
2.5873e-06,-0.01131738
2.58735e-06,-0.01124361
2.5874e-06,-0.01118732
2.58745e-06,-0.01114267
2.5875e-06,-0.01110579
2.58755e-06,-0.01108443
2.5876e-06,-0.01107473
2.58765e-06,-0.01109414
2.5877e-06,-0.01119508
2.58775e-06,-0.01137562
2.5878e-06,-0.01150762
2.58785e-06,-0.01146297
2.5879e-06,-0.01129603
2.58795e-06,-0.0111912
2.588e-06,-0.01123391
2.58805e-06,-0.01131932
2.5881e-06,-0.01132515
2.58815e-06,-0.01126109
2.5882e-06,-0.01122614
2.58825e-06,-0.01125914
2.5883e-06,-0.01127662
2.58835e-06,-0.01119897
2.5884e-06,-0.0110689
2.58845e-06,-0.01101261
2.5885e-06,-0.01108443
2.58855e-06,-0.01118149
2.5886e-06,-0.01119897
2.58865e-06,-0.01116597
2.5887e-06,-0.01117761
2.58875e-06,-0.01125332
2.5888e-06,-0.0113135
2.58885e-06,-0.01129991
2.5889e-06,-0.01124361
2.58895e-06,-0.01122032
2.589e-06,-0.01125138
2.58905e-06,-0.01128438
2.5891e-06,-0.01123973
2.58915e-06,-0.01112132
2.5892e-06,-0.01106114
2.58925e-06,-0.01117373
2.5893e-06,-0.01139309
2.58935e-06,-0.01151539
2.5894e-06,-0.01143968
2.58945e-06,-0.01130185
2.5895e-06,-0.01127467
2.58955e-06,-0.0113465
2.5896e-06,-0.01136203
2.58965e-06,-0.01126109
2.5897e-06,-0.01115044
2.58975e-06,-0.0111252
2.5898e-06,-0.01113879
2.58985e-06,-0.01111161
2.5899e-06,-0.01107861
2.58995e-06,-0.01112714
2.59e-06,-0.01124556
2.59005e-06,-0.01130573
2.5901e-06,-0.01124944
2.59015e-06,-0.01116402
2.5902e-06,-0.01117179
2.59025e-06,-0.01126885
2.5903e-06,-0.01136591
2.59035e-06,-0.01141833
2.5904e-06,-0.0114455
2.59045e-06,-0.0114455
2.5905e-06,-0.01138532
2.59055e-06,-0.01126885
2.5906e-06,-0.01116791
2.59065e-06,-0.01113685
2.5907e-06,-0.0111582
2.59075e-06,-0.0111912
2.5908e-06,-0.0112145
2.59085e-06,-0.01123779
2.5909e-06,-0.01128632
2.59095e-06,-0.01136009
2.591e-06,-0.01142027
2.59105e-06,-0.01142609
2.5911e-06,-0.01136785
2.59115e-06,-0.01126497
2.5912e-06,-0.01113879
2.59125e-06,-0.01102231
2.5913e-06,-0.01097184
2.59135e-06,-0.01100678
2.5914e-06,-0.01107279
2.59145e-06,-0.01108832
2.5915e-06,-0.01106502
2.59155e-06,-0.01108832
2.5916e-06,-0.01119314
2.59165e-06,-0.01130185
2.5917e-06,-0.01132709
2.59175e-06,-0.01128244
2.5918e-06,-0.01125332
2.59185e-06,-0.01126691
2.5919e-06,-0.01124361
2.59195e-06,-0.01112714
2.592e-06,-0.0110029
2.59205e-06,-0.01099514
2.5921e-06,-0.01108637
2.59215e-06,-0.01112714
2.5922e-06,-0.01105143
2.59225e-06,-0.01097961
2.5923e-06,-0.01105726
2.59235e-06,-0.0112475
2.5924e-06,-0.01137562
2.59245e-06,-0.01136785
2.5925e-06,-0.01132126
2.59255e-06,-0.01135232
2.5926e-06,-0.01142415
2.59265e-06,-0.01139891
2.5927e-06,-0.01125526
2.59275e-06,-0.0111252
2.5928e-06,-0.01111743
2.59285e-06,-0.01117567
2.5929e-06,-0.01115432
2.59295e-06,-0.01103396
2.593e-06,-0.01095049
2.59305e-06,-0.01102037
2.5931e-06,-0.01118149
2.59315e-06,-0.0112805
2.5932e-06,-0.01125914
2.59325e-06,-0.01120091
2.5933e-06,-0.01121061
2.59335e-06,-0.01127856
2.5934e-06,-0.01132126
2.59345e-06,-0.01128632
2.5935e-06,-0.01119508
2.59355e-06,-0.01111938
2.5936e-06,-0.01110773
2.59365e-06,-0.01116791
2.5937e-06,-0.01124167
2.59375e-06,-0.01127467
2.5938e-06,-0.01127662
2.59385e-06,-0.01129991
2.5939e-06,-0.01136203
2.59395e-06,-0.01139697
2.594e-06,-0.01136785
2.59405e-06,-0.01132709
2.5941e-06,-0.01134262
2.59415e-06,-0.01139115
2.5942e-06,-0.01141444
2.59425e-06,-0.01142027
2.5943e-06,-0.0114358
2.59435e-06,-0.01141444
2.5944e-06,-0.01129409
2.59445e-06,-0.01111743
2.5945e-06,-0.01102814
2.59455e-06,-0.01109996
2.5946e-06,-0.01124167
2.59465e-06,-0.01129603
2.5947e-06,-0.01121255
2.59475e-06,-0.01111743
2.5948e-06,-0.01115044
2.59485e-06,-0.01129215
2.5949e-06,-0.01138338
2.59495e-06,-0.01133873
2.595e-06,-0.01127079
2.59505e-06,-0.0113232
2.5951e-06,-0.01145327
2.59515e-06,-0.01145909
2.5952e-06,-0.01126497
2.59525e-06,-0.01106114
2.5953e-06,-0.01107667
2.59535e-06,-0.01126497
2.5954e-06,-0.01138144
2.59545e-06,-0.01133097
2.5955e-06,-0.01126303
2.59555e-06,-0.01130962
2.5956e-06,-0.01139309
2.59565e-06,-0.0114028
2.5957e-06,-0.01138144
2.59575e-06,-0.01142415
2.5958e-06,-0.01149986
2.59585e-06,-0.0115018
2.5959e-06,-0.01141833
2.59595e-06,-0.01135038
2.596e-06,-0.01135038
2.59605e-06,-0.01137562
2.5961e-06,-0.01136203
2.59615e-06,-0.01130379
2.5962e-06,-0.0112475
2.59625e-06,-0.0112145
2.5963e-06,-0.01120091
2.59635e-06,-0.0112145
2.5964e-06,-0.01127467
2.59645e-06,-0.01137174
2.5965e-06,-0.01144356
2.59655e-06,-0.0114358
2.5966e-06,-0.01136009
2.59665e-06,-0.01126885
2.5967e-06,-0.01118538
2.59675e-06,-0.01110773
2.5968e-06,-0.0110689
2.59685e-06,-0.01110967
2.5969e-06,-0.01122614
2.59695e-06,-0.01133485
2.597e-06,-0.01135815
2.59705e-06,-0.01129409
2.5971e-06,-0.0112242
2.59715e-06,-0.01124167
2.5972e-06,-0.0113465
2.59725e-06,-0.01143774
2.5973e-06,-0.0114358
2.59735e-06,-0.01135621
2.5974e-06,-0.01128632
2.59745e-06,-0.01126691
2.5975e-06,-0.01127079
2.59755e-06,-0.01126497
2.5976e-06,-0.01125526
2.59765e-06,-0.01125526
2.5977e-06,-0.01124167
2.59775e-06,-0.01118344
2.5978e-06,-0.01111161
2.59785e-06,-0.01110579
2.5979e-06,-0.01118344
2.59795e-06,-0.01124556
2.598e-06,-0.01120285
2.59805e-06,-0.01110773
2.5981e-06,-0.01108832
2.59815e-06,-0.01116402
2.5982e-06,-0.01122032
2.59825e-06,-0.0111912
2.5983e-06,-0.01113491
2.59835e-06,-0.01112326
2.5984e-06,-0.01113685
2.59845e-06,-0.01112326
2.5985e-06,-0.01110773
2.59855e-06,-0.01115238
2.5986e-06,-0.01123585
2.59865e-06,-0.01126885
2.5987e-06,-0.01122226
2.59875e-06,-0.01118149
2.5988e-06,-0.01122614
2.59885e-06,-0.0113135
2.5989e-06,-0.01132709
2.59895e-06,-0.01122032
2.599e-06,-0.01107279
2.59905e-06,-0.0109932
2.5991e-06,-0.01101067
2.59915e-06,-0.01107084
2.5992e-06,-0.01110579
2.59925e-06,-0.01109414
2.5993e-06,-0.0110689
2.59935e-06,-0.01108637
2.5994e-06,-0.01116597
2.59945e-06,-0.01127273
2.5995e-06,-0.01135426
2.59955e-06,-0.01136009
2.5996e-06,-0.01125914
2.59965e-06,-0.01107667
2.5997e-06,-0.01092137
2.59975e-06,-0.0109039
2.5998e-06,-0.01100678
2.59985e-06,-0.0111019
2.5999e-06,-0.01110385
2.59995e-06,-0.01107084
2.6e-06,-0.01108249
2.60005e-06,-0.01114461
2.6001e-06,-0.0112145
2.60015e-06,-0.01126885
2.6002e-06,-0.01130185
2.60025e-06,-0.01128826
2.6003e-06,-0.01124167
2.60035e-06,-0.01123585
2.6004e-06,-0.01129991
2.60045e-06,-0.01135232
2.6005e-06,-0.01128632
2.60055e-06,-0.01112132
2.6006e-06,-0.01100873
2.60065e-06,-0.01105726
2.6007e-06,-0.01120091
2.60075e-06,-0.01126885
2.6008e-06,-0.01120285
2.60085e-06,-0.01111161
2.6009e-06,-0.01113879
2.60095e-06,-0.0112902
2.601e-06,-0.01143774
2.60105e-06,-0.01148044
2.6011e-06,-0.01142415
2.60115e-06,-0.01133485
2.6012e-06,-0.01126691
2.60125e-06,-0.01124944
2.6013e-06,-0.01127856
2.60135e-06,-0.01129409
2.6014e-06,-0.01124556
2.60145e-06,-0.01117567
2.6015e-06,-0.01118538
2.60155e-06,-0.01128244
2.6016e-06,-0.01136785
2.60165e-06,-0.01138338
2.6017e-06,-0.0114028
2.60175e-06,-0.01148433
2.6018e-06,-0.01154451
2.60185e-06,-0.01147462
2.6019e-06,-0.01134844
2.60195e-06,-0.01133873
2.602e-06,-0.01145133
2.60205e-06,-0.01148239
2.6021e-06,-0.0113232
2.60215e-06,-0.01113296
2.6022e-06,-0.01111161
2.60225e-06,-0.01122808
2.6023e-06,-0.01129991
2.60235e-06,-0.01128632
2.6024e-06,-0.01132126
2.60245e-06,-0.01147074
2.6025e-06,-0.01162992
2.60255e-06,-0.01167651
2.6026e-06,-0.01160274
2.60265e-06,-0.01148627
2.6027e-06,-0.01137174
2.60275e-06,-0.01128826
2.6028e-06,-0.01124556
2.60285e-06,-0.01122808
2.6029e-06,-0.01119314
2.60295e-06,-0.01115626
2.603e-06,-0.0111912
2.60305e-06,-0.01132709
2.6031e-06,-0.01147656
2.60315e-06,-0.01153674
2.6032e-06,-0.01151733
2.60325e-06,-0.01151927
2.6033e-06,-0.01158527
2.60335e-06,-0.01161245
2.6034e-06,-0.01150374
2.60345e-06,-0.0113232
2.6035e-06,-0.01125138
2.60355e-06,-0.01135426
2.6036e-06,-0.01147462
2.60365e-06,-0.01142221
2.6037e-06,-0.0112242
2.60375e-06,-0.01110579
2.6038e-06,-0.0112145
2.60385e-06,-0.01143386
2.6039e-06,-0.01153674
2.60395e-06,-0.01143774
2.604e-06,-0.0112805
2.60405e-06,-0.01125526
2.6041e-06,-0.01138532
2.60415e-06,-0.01151345
2.6042e-06,-0.01149792
2.60425e-06,-0.01138338
2.6043e-06,-0.01130379
2.60435e-06,-0.01129603
2.6044e-06,-0.01127273
2.60445e-06,-0.01120867
2.6045e-06,-0.01117955
2.60455e-06,-0.01123003
2.6046e-06,-0.0113135
2.60465e-06,-0.01138144
2.6047e-06,-0.01144356
2.60475e-06,-0.0115018
2.6048e-06,-0.01151733
2.60485e-06,-0.01148627
2.6049e-06,-0.01145521
2.60495e-06,-0.0114358
2.605e-06,-0.01136785
2.60505e-06,-0.01123585
2.6051e-06,-0.01112326
2.60515e-06,-0.01111355
2.6052e-06,-0.01116985
2.60525e-06,-0.01119508
2.6053e-06,-0.01119314
2.60535e-06,-0.01123585
2.6054e-06,-0.01131544
2.60545e-06,-0.01132903
2.6055e-06,-0.01125138
2.60555e-06,-0.01121644
2.6056e-06,-0.0113232
2.60565e-06,-0.01149015
2.6057e-06,-0.01154451
2.60575e-06,-0.01145909
2.6058e-06,-0.01136979
2.60585e-06,-0.01136785
2.6059e-06,-0.01138727
2.60595e-06,-0.01133291
2.606e-06,-0.0112475
2.60605e-06,-0.01123391
2.6061e-06,-0.01131932
2.60615e-06,-0.01141444
2.6062e-06,-0.01142415
2.60625e-06,-0.01134844
2.6063e-06,-0.01127079
2.60635e-06,-0.01125526
2.6064e-06,-0.01129603
2.60645e-06,-0.01136397
2.6065e-06,-0.01144744
2.60655e-06,-0.01151539
2.6066e-06,-0.01150762
2.60665e-06,-0.01143191
2.6067e-06,-0.01137174
2.60675e-06,-0.01138338
2.6068e-06,-0.0114125
2.60685e-06,-0.01139115
2.6069e-06,-0.01133873
2.60695e-06,-0.01131738
2.607e-06,-0.01133291
2.60705e-06,-0.01135232
2.6071e-06,-0.01137174
2.60715e-06,-0.01140668
2.6072e-06,-0.01142997
2.60725e-06,-0.01140862
2.6073e-06,-0.01137562
2.60735e-06,-0.01138921
2.6074e-06,-0.01144744
2.60745e-06,-0.01147268
2.6075e-06,-0.01142221
2.60755e-06,-0.01133679
2.6076e-06,-0.01129603
2.60765e-06,-0.01131738
2.6077e-06,-0.01134456
2.60775e-06,-0.01133097
2.6078e-06,-0.01129991
2.60785e-06,-0.01129797
2.6079e-06,-0.01133679
2.60795e-06,-0.01138727
2.608e-06,-0.01142221
2.60805e-06,-0.0114358
2.6081e-06,-0.01142803
2.60815e-06,-0.01139503
2.6082e-06,-0.01135232
2.60825e-06,-0.0113135
2.6083e-06,-0.01128244
2.60835e-06,-0.01123779
2.6084e-06,-0.01117955
2.60845e-06,-0.01114849
2.6085e-06,-0.01120479
2.60855e-06,-0.0113465
2.6086e-06,-0.01147462
2.60865e-06,-0.01148433
2.6087e-06,-0.01137562
2.60875e-06,-0.0112805
2.6088e-06,-0.01129797
2.60885e-06,-0.01136785
2.6089e-06,-0.01136397
2.60895e-06,-0.01129991
2.609e-06,-0.01130185
2.60905e-06,-0.01137562
2.6091e-06,-0.01136591
2.60915e-06,-0.01118926
2.6092e-06,-0.01100873
2.60925e-06,-0.01103202
2.6093e-06,-0.01124944
2.60935e-06,-0.01144356
2.6094e-06,-0.01146491
2.60945e-06,-0.01136397
2.6095e-06,-0.01128438
2.60955e-06,-0.01130767
2.6096e-06,-0.01139503
2.60965e-06,-0.01145327
2.6097e-06,-0.01141056
2.60975e-06,-0.01128632
2.6098e-06,-0.01117373
2.60985e-06,-0.0111582
2.6099e-06,-0.01121644
2.60995e-06,-0.01123779
2.61e-06,-0.01117179
2.61005e-06,-0.01111743
2.6101e-06,-0.01119702
2.61015e-06,-0.01137756
2.6102e-06,-0.0114785
2.61025e-06,-0.01138727
2.6103e-06,-0.01120479
2.61035e-06,-0.01111549
2.6104e-06,-0.01119314
2.61045e-06,-0.01133679
2.6105e-06,-0.01140085
2.61055e-06,-0.0113465
2.6106e-06,-0.01124944
2.61065e-06,-0.01122614
2.6107e-06,-0.01130767
2.61075e-06,-0.01141638
2.6108e-06,-0.01144938
2.61085e-06,-0.01138727
2.6109e-06,-0.01129215
2.61095e-06,-0.01124167
2.611e-06,-0.01125332
2.61105e-06,-0.0113232
2.6111e-06,-0.01141638
2.61115e-06,-0.01147074
2.6112e-06,-0.01143774
2.61125e-06,-0.01135815
2.6113e-06,-0.01131932
2.61135e-06,-0.01131544
2.6114e-06,-0.01126691
2.61145e-06,-0.01116791
2.6115e-06,-0.01113879
2.61155e-06,-0.01125332
2.6116e-06,-0.01141056
2.61165e-06,-0.01145715
2.6117e-06,-0.0113795
2.61175e-06,-0.01129991
2.6118e-06,-0.0113135
2.61185e-06,-0.01138338
2.6119e-06,-0.01141056
2.61195e-06,-0.01135815
2.612e-06,-0.01125914
2.61205e-06,-0.01116597
2.6121e-06,-0.01111938
2.61215e-06,-0.01114267
2.6122e-06,-0.01122032
2.61225e-06,-0.01130185
2.6123e-06,-0.01134068
2.61235e-06,-0.01134262
2.6124e-06,-0.01134068
2.61245e-06,-0.01137174
2.6125e-06,-0.01145133
2.61255e-06,-0.01153674
2.6126e-06,-0.01155033
2.61265e-06,-0.01145909
2.6127e-06,-0.01134068
2.61275e-06,-0.01130379
2.6128e-06,-0.01133679
2.61285e-06,-0.01134456
2.6129e-06,-0.01127662
2.61295e-06,-0.01119508
2.613e-06,-0.01116597
2.61305e-06,-0.01120285
2.6131e-06,-0.01126303
2.61315e-06,-0.01130962
2.6132e-06,-0.01129991
2.61325e-06,-0.01124167
2.6133e-06,-0.01120285
2.61335e-06,-0.01124944
2.6134e-06,-0.01133873
2.61345e-06,-0.01136979
2.6135e-06,-0.01133291
2.61355e-06,-0.0113135
2.6136e-06,-0.01134068
2.61365e-06,-0.01134456
2.6137e-06,-0.01128438
2.61375e-06,-0.01123779
2.6138e-06,-0.01127467
2.61385e-06,-0.01135232
2.6139e-06,-0.01139115
2.61395e-06,-0.01138144
2.614e-06,-0.01136979
2.61405e-06,-0.01136591
2.6141e-06,-0.01136203
2.61415e-06,-0.01136591
2.6142e-06,-0.0113795
2.61425e-06,-0.01137368
2.6143e-06,-0.01132709
2.61435e-06,-0.0112805
2.6144e-06,-0.01128826
2.61445e-06,-0.01135232
2.6145e-06,-0.01140474
2.61455e-06,-0.01139697
2.6146e-06,-0.01135232
2.61465e-06,-0.0113232
2.6147e-06,-0.0113135
2.61475e-06,-0.01130379
2.6148e-06,-0.01130185
2.61485e-06,-0.01133873
2.6149e-06,-0.01140474
2.61495e-06,-0.0114358
2.615e-06,-0.01139503
2.61505e-06,-0.01132126
2.6151e-06,-0.01128244
2.61515e-06,-0.01129215
2.6152e-06,-0.01131738
2.61525e-06,-0.0113232
2.6153e-06,-0.01130379
2.61535e-06,-0.01125914
2.6154e-06,-0.0111912
2.61545e-06,-0.01113685
2.6155e-06,-0.01118732
2.61555e-06,-0.01139697
2.6156e-06,-0.01164739
2.61565e-06,-0.01170563
2.6157e-06,-0.01149209
2.61575e-06,-0.01120867
2.6158e-06,-0.01111355
2.61585e-06,-0.01120091
2.6159e-06,-0.01125332
2.61595e-06,-0.01116791
2.616e-06,-0.0111019
2.61605e-06,-0.01120091
2.6161e-06,-0.01138144
2.61615e-06,-0.01145327
2.6162e-06,-0.01137756
2.61625e-06,-0.01130379
2.6163e-06,-0.01134068
2.61635e-06,-0.0114358
2.6164e-06,-0.01147268
2.61645e-06,-0.01143191
2.6165e-06,-0.01140474
2.61655e-06,-0.0114455
2.6166e-06,-0.01149597
2.61665e-06,-0.01146103
2.6167e-06,-0.01135621
2.61675e-06,-0.01128244
2.6168e-06,-0.01130573
2.61685e-06,-0.01137562
2.6169e-06,-0.01139309
2.61695e-06,-0.01134844
2.617e-06,-0.01132515
2.61705e-06,-0.01139309
2.6171e-06,-0.01149597
2.61715e-06,-0.01149986
2.6172e-06,-0.01137368
2.61725e-06,-0.01126109
2.6173e-06,-0.01131156
2.61735e-06,-0.01145909
2.6174e-06,-0.0115018
2.61745e-06,-0.01136009
2.6175e-06,-0.01118149
2.61755e-06,-0.01114655
2.6176e-06,-0.01126885
2.61765e-06,-0.01141444
2.6177e-06,-0.01146297
2.61775e-06,-0.01142027
2.6178e-06,-0.01136203
2.61785e-06,-0.01134068
2.6179e-06,-0.01134844
2.61795e-06,-0.01134844
2.618e-06,-0.01131932
2.61805e-06,-0.01129215
2.6181e-06,-0.0113232
2.61815e-06,-0.01140474
2.6182e-06,-0.01143774
2.61825e-06,-0.01134456
2.6183e-06,-0.01119508
2.61835e-06,-0.01114073
2.6184e-06,-0.01121644
2.61845e-06,-0.0113135
2.6185e-06,-0.0113465
2.61855e-06,-0.01134068
2.6186e-06,-0.01134844
2.61865e-06,-0.01135426
2.6187e-06,-0.01133679
2.61875e-06,-0.01132126
2.6188e-06,-0.01133873
2.61885e-06,-0.01136203
2.6189e-06,-0.01135426
2.61895e-06,-0.0113135
2.619e-06,-0.01127856
2.61905e-06,-0.01126497
2.6191e-06,-0.01127467
2.61915e-06,-0.01129991
2.6192e-06,-0.01133873
2.61925e-06,-0.01139503
2.6193e-06,-0.01147074
2.61935e-06,-0.01155227
2.6194e-06,-0.01158333
2.61945e-06,-0.01151927
2.6195e-06,-0.01139697
2.61955e-06,-0.01131738
2.6196e-06,-0.01133097
2.61965e-06,-0.01136009
2.6197e-06,-0.01131932
2.61975e-06,-0.01124556
2.6198e-06,-0.01126303
2.61985e-06,-0.01138144
2.6199e-06,-0.01146297
2.61995e-06,-0.01138727
2.62e-06,-0.01122808
2.62005e-06,-0.01117179
2.6201e-06,-0.01129603
2.62015e-06,-0.01147462
2.6202e-06,-0.01153674
2.62025e-06,-0.01145909
2.6203e-06,-0.01137562
2.62035e-06,-0.01139115
2.6204e-06,-0.01144356
2.62045e-06,-0.01141444
2.6205e-06,-0.01129603
2.62055e-06,-0.01120285
2.6206e-06,-0.01121061
2.62065e-06,-0.01127856
2.6207e-06,-0.01130767
2.62075e-06,-0.01126885
2.6208e-06,-0.01121644
2.62085e-06,-0.01123973
2.6209e-06,-0.01135426
2.62095e-06,-0.01149015
2.621e-06,-0.0115678
2.62105e-06,-0.01157362
2.6211e-06,-0.01152509
2.62115e-06,-0.0114455
2.6212e-06,-0.01137756
2.62125e-06,-0.01136591
2.6213e-06,-0.01138144
2.62135e-06,-0.01134262
2.6214e-06,-0.01122808
2.62145e-06,-0.01115044
2.6215e-06,-0.0112145
2.62155e-06,-0.01138532
2.6216e-06,-0.0115115
2.62165e-06,-0.01152315
2.6217e-06,-0.01148821
2.62175e-06,-0.01150568
2.6218e-06,-0.01157945
2.62185e-06,-0.01162798
2.6219e-06,-0.01160274
2.62195e-06,-0.01151345
2.622e-06,-0.0114028
2.62205e-06,-0.01132709
2.6221e-06,-0.01133679
2.62215e-06,-0.01142221
2.6222e-06,-0.01149209
2.62225e-06,-0.01147656
2.6223e-06,-0.0114125
2.62235e-06,-0.01138532
2.6224e-06,-0.0114028
2.62245e-06,-0.01139115
2.6225e-06,-0.01134844
2.62255e-06,-0.01136785
2.6226e-06,-0.01149209
2.62265e-06,-0.01159498
2.6227e-06,-0.01152898
2.62275e-06,-0.01134456
2.6228e-06,-0.01124167
2.62285e-06,-0.01130185
2.6229e-06,-0.01139115
2.62295e-06,-0.01137562
2.623e-06,-0.01131156
2.62305e-06,-0.01132903
2.6231e-06,-0.01143191
2.62315e-06,-0.01152898
2.6232e-06,-0.0116008
2.62325e-06,-0.01167845
2.6233e-06,-0.01172698
2.62335e-06,-0.01167845
2.6234e-06,-0.01157751
2.62345e-06,-0.01154256
2.6235e-06,-0.01159886
2.62355e-06,-0.01162798
2.6236e-06,-0.01154839
2.62365e-06,-0.01141638
2.6237e-06,-0.01134844
2.62375e-06,-0.01137756
2.6238e-06,-0.01142803
2.62385e-06,-0.0114125
2.6239e-06,-0.01134068
2.62395e-06,-0.01131156
2.624e-06,-0.01141638
2.62405e-06,-0.01160274
2.6241e-06,-0.01170369
2.62415e-06,-0.01160662
2.6242e-06,-0.0114028
2.62425e-06,-0.01130767
2.6243e-06,-0.0114028
2.62435e-06,-0.01155615
2.6244e-06,-0.01158527
2.62445e-06,-0.01147656
2.6245e-06,-0.01137174
2.62455e-06,-0.01136203
2.6246e-06,-0.01139891
2.62465e-06,-0.01140474
2.6247e-06,-0.01139309
2.62475e-06,-0.01141638
2.6248e-06,-0.0114688
2.62485e-06,-0.01150568
2.6249e-06,-0.01155227
2.62495e-06,-0.01166486
2.625e-06,-0.01179687
2.62505e-06,-0.01179687
2.6251e-06,-0.01161633
2.62515e-06,-0.01141444
2.6252e-06,-0.01136591
2.62525e-06,-0.0114455
2.6253e-06,-0.01151345
2.62535e-06,-0.01150956
2.6254e-06,-0.01149209
2.62545e-06,-0.01150762
2.6255e-06,-0.01152121
2.62555e-06,-0.01152898
2.6256e-06,-0.01158721
2.62565e-06,-0.01169786
2.6257e-06,-0.01176581
2.62575e-06,-0.01171145
2.6258e-06,-0.01157751
2.62585e-06,-0.01148239
2.6259e-06,-0.01146297
2.62595e-06,-0.01146297
2.626e-06,-0.01143191
2.62605e-06,-0.01138532
2.6261e-06,-0.01136785
2.62615e-06,-0.01138921
2.6262e-06,-0.01140474
2.62625e-06,-0.01139503
2.6263e-06,-0.01139115
2.62635e-06,-0.01143968
2.6264e-06,-0.01153674
2.62645e-06,-0.01159498
2.6265e-06,-0.01154645
2.62655e-06,-0.0114358
2.6266e-06,-0.01138338
2.62665e-06,-0.01143191
2.6267e-06,-0.01149015
2.62675e-06,-0.01145715
2.6268e-06,-0.01138921
2.62685e-06,-0.01142997
2.6269e-06,-0.01159498
2.62695e-06,-0.01170563
2.627e-06,-0.01162992
2.62705e-06,-0.01148433
2.6271e-06,-0.0114785
2.62715e-06,-0.01162215
2.6272e-06,-0.01170757
2.62725e-06,-0.01161439
2.6273e-06,-0.0114688
2.62735e-06,-0.0114358
2.6274e-06,-0.01148433
2.62745e-06,-0.01146103
2.6275e-06,-0.01135426
2.62755e-06,-0.01132126
2.6276e-06,-0.01143774
2.62765e-06,-0.01157168
2.6277e-06,-0.01159692
2.62775e-06,-0.01157168
2.6278e-06,-0.01162215
2.62785e-06,-0.01171339
2.6279e-06,-0.01171727
2.62795e-06,-0.01161439
2.628e-06,-0.01152509
2.62805e-06,-0.01150956
2.6281e-06,-0.0115115
2.62815e-06,-0.0114785
2.6282e-06,-0.0114688
2.62825e-06,-0.01152509
2.6283e-06,-0.01157168
2.62835e-06,-0.01152121
2.6284e-06,-0.01143774
2.62845e-06,-0.01147462
2.6285e-06,-0.01164933
2.62855e-06,-0.01178522
2.6286e-06,-0.01173669
2.62865e-06,-0.01157362
2.6287e-06,-0.01148821
2.62875e-06,-0.01154839
2.6288e-06,-0.01164545
2.62885e-06,-0.01165321
2.6289e-06,-0.0115678
2.62895e-06,-0.01147656
2.629e-06,-0.01144162
2.62905e-06,-0.01146297
2.6291e-06,-0.01150374
2.62915e-06,-0.01152703
2.6292e-06,-0.01152121
2.62925e-06,-0.01150374
2.6293e-06,-0.01152315
2.62935e-06,-0.01160468
2.6294e-06,-0.01170369
2.62945e-06,-0.01172504
2.6295e-06,-0.01165127
2.62955e-06,-0.01157168
2.6296e-06,-0.01157751
2.62965e-06,-0.01161827
2.6297e-06,-0.01157751
2.62975e-06,-0.01145909
2.6298e-06,-0.01138144
2.62985e-06,-0.0114125
2.6299e-06,-0.01146686
2.62995e-06,-0.0114455
2.63e-06,-0.01136785
2.63005e-06,-0.01134844
2.6301e-06,-0.01143968
2.63015e-06,-0.0115678
2.6302e-06,-0.01161245
2.63025e-06,-0.01155227
2.6303e-06,-0.01147462
2.63035e-06,-0.01147074
2.6304e-06,-0.0115348
2.63045e-06,-0.01159304
2.6305e-06,-0.01157945
2.63055e-06,-0.01149015
2.6306e-06,-0.01136979
2.63065e-06,-0.01129215
2.6307e-06,-0.01131544
2.63075e-06,-0.01141444
2.6308e-06,-0.01150568
2.63085e-06,-0.01153286
2.6309e-06,-0.01154451
2.63095e-06,-0.01161633
2.631e-06,-0.0117231
2.63105e-06,-0.01175222
2.6311e-06,-0.0116668
2.63115e-06,-0.01156974
2.6312e-06,-0.0115678
2.63125e-06,-0.01161633
2.6313e-06,-0.01158139
2.63135e-06,-0.01145521
2.6314e-06,-0.01136009
2.63145e-06,-0.01137174
2.6315e-06,-0.01141638
2.63155e-06,-0.01139697
2.6316e-06,-0.01135038
2.63165e-06,-0.01140085
2.6317e-06,-0.01155227
2.63175e-06,-0.01168039
2.6318e-06,-0.0116998
2.63185e-06,-0.01166098
2.6319e-06,-0.01163186
2.63195e-06,-0.01157751
2.632e-06,-0.01144744
2.63205e-06,-0.01131738
2.6321e-06,-0.01132515
2.63215e-06,-0.01145327
2.6322e-06,-0.01151733
2.63225e-06,-0.01143191
2.6323e-06,-0.01133097
2.63235e-06,-0.01137562
2.6324e-06,-0.01152121
2.63245e-06,-0.01160662
2.6325e-06,-0.01156974
2.63255e-06,-0.01149403
2.6326e-06,-0.01147268
2.63265e-06,-0.01150568
2.6327e-06,-0.01154256
2.63275e-06,-0.01155227
2.6328e-06,-0.0115348
2.63285e-06,-0.0115115
2.6329e-06,-0.01150374
2.63295e-06,-0.01152121
2.633e-06,-0.01155421
2.63305e-06,-0.01158721
2.6331e-06,-0.01159886
2.63315e-06,-0.01159886
2.6332e-06,-0.0116338
2.63325e-06,-0.01171727
2.6333e-06,-0.01177551
2.63335e-06,-0.01172116
2.6334e-06,-0.01159886
2.63345e-06,-0.01156974
2.6335e-06,-0.0116901
2.63355e-06,-0.01181434
2.6336e-06,-0.01175998
2.63365e-06,-0.01156198
2.6337e-06,-0.01141638
2.63375e-06,-0.01144162
2.6338e-06,-0.01154645
2.63385e-06,-0.01158139
2.6339e-06,-0.01153092
2.63395e-06,-0.01149986
2.634e-06,-0.0115678
2.63405e-06,-0.01170174
2.6341e-06,-0.01179687
2.63415e-06,-0.01179687
2.6342e-06,-0.01175998
2.63425e-06,-0.01177551
2.6343e-06,-0.01182987
2.63435e-06,-0.01181434
2.6344e-06,-0.01167651
2.63445e-06,-0.01151927
2.6345e-06,-0.0114785
2.63455e-06,-0.01154839
2.6346e-06,-0.01159692
2.63465e-06,-0.01156974
2.6347e-06,-0.01156974
2.63475e-06,-0.01169398
2.6348e-06,-0.01185898
2.63485e-06,-0.01189199
2.6349e-06,-0.01177745
2.63495e-06,-0.01167845
2.635e-06,-0.01171339
2.63505e-06,-0.01180657
2.6351e-06,-0.01180463
2.63515e-06,-0.01168233
2.6352e-06,-0.01158527
2.63525e-06,-0.01163768
2.6353e-06,-0.01179104
2.63535e-06,-0.01188228
2.6354e-06,-0.01183375
2.63545e-06,-0.01174833
2.6355e-06,-0.01176192
2.63555e-06,-0.01186675
2.6356e-06,-0.01192499
2.63565e-06,-0.0118784
2.6357e-06,-0.01179492
2.63575e-06,-0.0117561
2.6358e-06,-0.01173669
2.63585e-06,-0.01169398
2.6359e-06,-0.01166292
2.63595e-06,-0.01168816
2.636e-06,-0.01174639
2.63605e-06,-0.01176581
2.6361e-06,-0.01173086
2.63615e-06,-0.01170174
2.6362e-06,-0.01170951
2.63625e-06,-0.01171727
2.6363e-06,-0.01167651
2.63635e-06,-0.01160468
2.6364e-06,-0.01158139
2.63645e-06,-0.01165904
2.6365e-06,-0.01179104
2.63655e-06,-0.01186287
2.6366e-06,-0.01181045
2.63665e-06,-0.01169592
2.6367e-06,-0.01164351
2.63675e-06,-0.01167457
2.6368e-06,-0.01169204
2.63685e-06,-0.01162604
2.6369e-06,-0.01154645
2.63695e-06,-0.01157362
2.637e-06,-0.0116901
2.63705e-06,-0.01174445
2.6371e-06,-0.01165127
2.63715e-06,-0.01152121
2.6372e-06,-0.01152509
2.63725e-06,-0.01165904
2.6373e-06,-0.01174833
2.63735e-06,-0.01167845
2.6374e-06,-0.01153674
2.63745e-06,-0.01147462
2.6375e-06,-0.01151345
2.63755e-06,-0.01156198
2.6376e-06,-0.01156004
2.63765e-06,-0.01154645
2.6377e-06,-0.01155421
2.63775e-06,-0.01156198
2.6378e-06,-0.01156392
2.63785e-06,-0.01161051
2.6379e-06,-0.01173669
2.63795e-06,-0.01185898
2.638e-06,-0.01185704
2.63805e-06,-0.0117328
2.6381e-06,-0.01163186
2.63815e-06,-0.01166292
2.6382e-06,-0.01175222
2.63825e-06,-0.01173669
2.6383e-06,-0.01156198
2.63835e-06,-0.01138338
2.6384e-06,-0.01139309
2.63845e-06,-0.01160662
2.6385e-06,-0.01182404
2.63855e-06,-0.0118551
2.6386e-06,-0.0117231
2.63865e-06,-0.01161439
2.6387e-06,-0.01162798
2.63875e-06,-0.01167845
2.6388e-06,-0.01166292
2.63885e-06,-0.01162021
2.6389e-06,-0.01163574
2.63895e-06,-0.01169204
2.639e-06,-0.01169204
2.63905e-06,-0.0116241
2.6391e-06,-0.01155809
2.63915e-06,-0.01152703
2.6392e-06,-0.01149403
2.63925e-06,-0.01145521
2.6393e-06,-0.0114688
2.63935e-06,-0.01156198
2.6394e-06,-0.01168039
2.63945e-06,-0.01176386
2.6395e-06,-0.01179492
2.63955e-06,-0.01179687
2.6396e-06,-0.01179881
2.63965e-06,-0.01180463
2.6397e-06,-0.01179104
2.63975e-06,-0.01171922
2.6398e-06,-0.01160857
2.63985e-06,-0.01156198
2.6399e-06,-0.01166098
2.63995e-06,-0.01182016
2.64e-06,-0.01185122
2.64005e-06,-0.01171922
2.6401e-06,-0.01161827
2.64015e-06,-0.01171727
2.6402e-06,-0.01191528
2.64025e-06,-0.01196381
2.6403e-06,-0.01181628
2.64035e-06,-0.01168816
2.6404e-06,-0.01176775
2.64045e-06,-0.01195605
2.6405e-06,-0.0119774
2.64055e-06,-0.01174639
2.6406e-06,-0.0114688
2.64065e-06,-0.01139503
2.6407e-06,-0.01153868
2.64075e-06,-0.01173086
2.6408e-06,-0.01185122
2.64085e-06,-0.01190752
2.6409e-06,-0.01191916
2.64095e-06,-0.01188228
2.641e-06,-0.01181434
2.64105e-06,-0.01176775
2.6411e-06,-0.01177357
2.64115e-06,-0.01181628
2.6412e-06,-0.01182793
2.64125e-06,-0.01175222
2.6413e-06,-0.01161051
2.64135e-06,-0.01152121
2.6414e-06,-0.01158527
2.64145e-06,-0.01173475
2.6415e-06,-0.01177939
2.64155e-06,-0.01165321
2.6416e-06,-0.01153092
2.64165e-06,-0.01163186
2.6417e-06,-0.01193275
2.64175e-06,-0.01214435
2.6418e-06,-0.01206476
2.64185e-06,-0.01181628
2.6419e-06,-0.01168233
2.64195e-06,-0.01175028
2.642e-06,-0.01182016
2.64205e-06,-0.01172116
2.6421e-06,-0.01152703
2.64215e-06,-0.01144744
2.6422e-06,-0.01153868
2.64225e-06,-0.01165127
2.6423e-06,-0.01163963
2.64235e-06,-0.01155227
2.6424e-06,-0.01155615
2.64245e-06,-0.01170369
2.6425e-06,-0.01185704
2.64255e-06,-0.01186287
2.6426e-06,-0.01173863
2.64265e-06,-0.0116241
2.6427e-06,-0.01161439
2.64275e-06,-0.01165516
2.6428e-06,-0.01164739
2.64285e-06,-0.01156586
2.6429e-06,-0.01149403
2.64295e-06,-0.01151345
2.643e-06,-0.01161051
2.64305e-06,-0.01169786
2.6431e-06,-0.01172116
2.64315e-06,-0.01172116
2.6432e-06,-0.01176775
2.64325e-06,-0.01184928
2.6433e-06,-0.01187646
2.64335e-06,-0.01182016
2.6434e-06,-0.01175804
2.64345e-06,-0.01177745
2.6435e-06,-0.01185898
2.64355e-06,-0.01190363
2.6436e-06,-0.01186481
2.64365e-06,-0.01179492
2.6437e-06,-0.01176969
2.64375e-06,-0.01178134
2.6438e-06,-0.01177163
2.64385e-06,-0.01172116
2.6439e-06,-0.01169398
2.64395e-06,-0.0117561
2.644e-06,-0.01187451
2.64405e-06,-0.01195022
2.6441e-06,-0.01193858
2.64415e-06,-0.0119211
2.6442e-06,-0.01197158
2.64425e-06,-0.01203175
2.6443e-06,-0.01197546
2.64435e-06,-0.0118124
2.6444e-06,-0.01170563
2.64445e-06,-0.01176581
2.6445e-06,-0.01187646
2.64455e-06,-0.01186481
2.6446e-06,-0.01175416
2.64465e-06,-0.01174057
2.6447e-06,-0.01189199
2.64475e-06,-0.0120337
2.6448e-06,-0.01198905
2.64485e-06,-0.01183375
2.6449e-06,-0.01177939
2.64495e-06,-0.01188034
2.645e-06,-0.01197352
2.64505e-06,-0.01190363
2.6451e-06,-0.01171533
2.64515e-06,-0.01157556
2.6452e-06,-0.0116008
2.64525e-06,-0.01174639
2.6453e-06,-0.01185704
2.64535e-06,-0.01182404
2.6454e-06,-0.01170951
2.64545e-06,-0.01168233
2.6455e-06,-0.01180851
2.64555e-06,-0.01196381
2.6456e-06,-0.01200069
2.64565e-06,-0.01192887
2.6457e-06,-0.01187646
2.64575e-06,-0.0118784
2.6458e-06,-0.01183181
2.64585e-06,-0.01168427
2.6459e-06,-0.01155227
2.64595e-06,-0.01156586
2.646e-06,-0.0116901
2.64605e-06,-0.01177745
2.6461e-06,-0.01177163
2.64615e-06,-0.01174833
2.6462e-06,-0.01178134
2.64625e-06,-0.01184151
2.6463e-06,-0.0118551
2.64635e-06,-0.01182793
2.6464e-06,-0.01182987
2.64645e-06,-0.01188228
2.6465e-06,-0.01190557
2.64655e-06,-0.01184151
2.6466e-06,-0.01173863
2.64665e-06,-0.01169398
2.6467e-06,-0.01170757
2.64675e-06,-0.01171145
2.6468e-06,-0.01167651
2.64685e-06,-0.01165516
2.6469e-06,-0.01169398
2.64695e-06,-0.01178134
2.647e-06,-0.01186287
2.64705e-06,-0.01189199
2.6471e-06,-0.01184734
2.64715e-06,-0.01176969
2.6472e-06,-0.01173475
2.64725e-06,-0.01179298
2.6473e-06,-0.0118784
2.64735e-06,-0.01186675
2.6474e-06,-0.01173863
2.64745e-06,-0.01161827
2.6475e-06,-0.01161633
2.64755e-06,-0.0116998
2.6476e-06,-0.01178522
2.64765e-06,-0.01184928
2.6477e-06,-0.01189781
2.64775e-06,-0.01188422
2.6478e-06,-0.01178134
2.64785e-06,-0.01169398
2.6479e-06,-0.01175998
2.64795e-06,-0.01194246
2.648e-06,-0.01203952
2.64805e-06,-0.01193469
2.6481e-06,-0.01173669
2.64815e-06,-0.01163574
2.6482e-06,-0.01167457
2.64825e-06,-0.01175998
2.6483e-06,-0.01181434
2.64835e-06,-0.0118221
2.6484e-06,-0.01178716
2.64845e-06,-0.0117328
2.6485e-06,-0.0116998
2.64855e-06,-0.01170951
2.6486e-06,-0.01172698
2.64865e-06,-0.01173475
2.6487e-06,-0.01178716
2.64875e-06,-0.01191528
2.6488e-06,-0.01204923
2.64885e-06,-0.01208611
2.6489e-06,-0.01201817
2.64895e-06,-0.01192305
2.649e-06,-0.01183957
2.64905e-06,-0.01175416
2.6491e-06,-0.01168427
2.64915e-06,-0.01168039
2.6492e-06,-0.01176386
2.64925e-06,-0.01187646
2.6493e-06,-0.01192693
2.64935e-06,-0.01188228
2.6494e-06,-0.01179687
2.64945e-06,-0.01175804
2.6495e-06,-0.01180463
2.64955e-06,-0.01187451
2.6496e-06,-0.0118881
2.64965e-06,-0.01184928
2.6497e-06,-0.01184151
2.64975e-06,-0.01192693
2.6498e-06,-0.01203952
2.64985e-06,-0.01206476
2.6499e-06,-0.01196769
2.64995e-06,-0.01184345
2.65e-06,-0.01180463
2.65005e-06,-0.01185898
2.6501e-06,-0.01191916
2.65015e-06,-0.01192305
2.6502e-06,-0.01189781
2.65025e-06,-0.01191916
2.6503e-06,-0.0119774
2.65035e-06,-0.01198516
2.6504e-06,-0.01189199
2.65045e-06,-0.01175416
2.6505e-06,-0.0116571
2.65055e-06,-0.01162021
2.6506e-06,-0.01161633
2.65065e-06,-0.01163574
2.6507e-06,-0.01166486
2.65075e-06,-0.01168427
2.6508e-06,-0.01168427
2.65085e-06,-0.01169786
2.6509e-06,-0.01175804
2.65095e-06,-0.01183375
2.651e-06,-0.01186287
2.65105e-06,-0.01181628
2.6511e-06,-0.01174445
2.65115e-06,-0.0117231
2.6512e-06,-0.01175998
2.65125e-06,-0.01178134
2.6513e-06,-0.01171533
2.65135e-06,-0.01159109
2.6514e-06,-0.01149986
2.65145e-06,-0.01151927
2.6515e-06,-0.01164933
2.65155e-06,-0.01183375
2.6516e-06,-0.01199293
2.65165e-06,-0.01207058
2.6517e-06,-0.0120667
2.65175e-06,-0.01202205
2.6518e-06,-0.0119774
2.65185e-06,-0.01192499
2.6519e-06,-0.01185122
2.65195e-06,-0.01176775
2.652e-06,-0.01171339
2.65205e-06,-0.01170951
2.6521e-06,-0.01171533
2.65215e-06,-0.01168039
2.6522e-06,-0.01162604
2.65225e-06,-0.01162992
2.6523e-06,-0.01170757
2.65235e-06,-0.01177745
2.6524e-06,-0.01177745
2.65245e-06,-0.01177163
2.6525e-06,-0.01185316
2.65255e-06,-0.0119774
2.6526e-06,-0.01200264
2.65265e-06,-0.01189781
2.6527e-06,-0.01181434
2.65275e-06,-0.01186093
2.6528e-06,-0.01195216
2.65285e-06,-0.01194052
2.6529e-06,-0.01184345
2.65295e-06,-0.01179298
2.653e-06,-0.01182404
2.65305e-06,-0.01184928
2.6531e-06,-0.01182016
2.65315e-06,-0.01180075
2.6532e-06,-0.01184151
2.65325e-06,-0.01189781
2.6533e-06,-0.0119114
2.65335e-06,-0.01188228
2.6534e-06,-0.0118551
2.65345e-06,-0.01185316
2.6535e-06,-0.01187646
2.65355e-06,-0.01191722
2.6536e-06,-0.01194246
2.65365e-06,-0.01190946
2.6537e-06,-0.01183181
2.65375e-06,-0.01177163
2.6538e-06,-0.0117561
2.65385e-06,-0.01175416
2.6539e-06,-0.01176969
2.65395e-06,-0.01185122
2.654e-06,-0.01200069
2.65405e-06,-0.01212299
2.6541e-06,-0.01212882
2.65415e-06,-0.01204146
2.6542e-06,-0.01193663
2.65425e-06,-0.01185316
2.6543e-06,-0.01178716
2.65435e-06,-0.01173669
2.6544e-06,-0.01170757
2.65445e-06,-0.01170563
2.6545e-06,-0.01171922
2.65455e-06,-0.01173863
2.6546e-06,-0.01172892
2.65465e-06,-0.01168427
2.6547e-06,-0.0116668
2.65475e-06,-0.0117561
2.6548e-06,-0.01194052
2.65485e-06,-0.0120764
2.6549e-06,-0.01204146
2.65495e-06,-0.01188616
2.655e-06,-0.01178134
2.65505e-06,-0.01180075
2.6551e-06,-0.01185122
2.65515e-06,-0.01183763
2.6552e-06,-0.01179881
2.65525e-06,-0.01181045
2.6553e-06,-0.01184928
2.65535e-06,-0.01184734
2.6554e-06,-0.01182404
2.65545e-06,-0.01186287
2.6555e-06,-0.01195411
2.65555e-06,-0.01198322
2.6556e-06,-0.01191916
2.65565e-06,-0.01188422
2.6557e-06,-0.01196963
2.65575e-06,-0.01208805
2.6558e-06,-0.01208223
2.65585e-06,-0.01194828
2.6559e-06,-0.01183375
2.65595e-06,-0.01183181
2.656e-06,-0.01188616
2.65605e-06,-0.01191334
2.6561e-06,-0.01192499
2.65615e-06,-0.01195993
2.6562e-06,-0.01199875
2.65625e-06,-0.01199293
2.6563e-06,-0.01194052
2.65635e-06,-0.01189393
2.6564e-06,-0.01188616
2.65645e-06,-0.01190169
2.6565e-06,-0.01191722
2.65655e-06,-0.01190946
2.6566e-06,-0.01185316
2.65665e-06,-0.01174445
2.6567e-06,-0.01163768
2.65675e-06,-0.01162215
2.6568e-06,-0.01170757
2.65685e-06,-0.01181045
2.6569e-06,-0.01184345
2.65695e-06,-0.01181822
2.657e-06,-0.01180075
2.65705e-06,-0.01179881
2.6571e-06,-0.01179881
2.65715e-06,-0.01184928
2.6572e-06,-0.01200652
2.65725e-06,-0.01219288
2.6573e-06,-0.012222
2.65735e-06,-0.01203758
2.6574e-06,-0.01182987
2.65745e-06,-0.0118124
2.6575e-06,-0.01194634
2.65755e-06,-0.01200846
2.6576e-06,-0.01190946
2.65765e-06,-0.01180075
2.6577e-06,-0.0118454
2.65775e-06,-0.01198322
2.6578e-06,-0.01201817
2.65785e-06,-0.0118881
2.6579e-06,-0.01174445
2.65795e-06,-0.01174833
2.658e-06,-0.01187257
2.65805e-06,-0.01195993
2.6581e-06,-0.0119444
2.65815e-06,-0.01191722
2.6582e-06,-0.01194828
2.65825e-06,-0.01196963
2.6583e-06,-0.01188616
2.65835e-06,-0.01174251
2.6584e-06,-0.01168622
2.65845e-06,-0.01177551
2.6585e-06,-0.01190363
2.65855e-06,-0.01193081
2.6586e-06,-0.01183375
2.65865e-06,-0.01171533
2.6587e-06,-0.01168427
2.65875e-06,-0.0117561
2.6588e-06,-0.01187063
2.65885e-06,-0.01195799
2.6589e-06,-0.01197158
2.65895e-06,-0.01189781
2.659e-06,-0.01177357
2.65905e-06,-0.01168233
2.6591e-06,-0.01168622
2.65915e-06,-0.01175222
2.6592e-06,-0.01182404
2.65925e-06,-0.01188422
2.6593e-06,-0.01194634
2.65935e-06,-0.01197546
2.6594e-06,-0.01192499
2.65945e-06,-0.01183763
2.6595e-06,-0.0118221
2.65955e-06,-0.01191334
2.6596e-06,-0.01200846
2.65965e-06,-0.01199875
2.6597e-06,-0.01190946
2.65975e-06,-0.01184734
2.6598e-06,-0.01185316
2.65985e-06,-0.01186287
2.6599e-06,-0.01183957
2.65995e-06,-0.01181434
2.66e-06,-0.01182987
2.66005e-06,-0.01186481
2.6601e-06,-0.01189004
2.66015e-06,-0.01190363
2.6602e-06,-0.01192305
2.66025e-06,-0.01195411
2.6603e-06,-0.01199099
2.66035e-06,-0.01202593
2.6604e-06,-0.0120337
2.66045e-06,-0.0120104
2.6605e-06,-0.01198711
2.66055e-06,-0.01199099
2.6606e-06,-0.01198711
2.66065e-06,-0.0119211
2.6607e-06,-0.01180851
2.66075e-06,-0.01174833
2.6608e-06,-0.0118454
2.66085e-06,-0.01207446
2.6609e-06,-0.01226082
2.66095e-06,-0.0122317
2.661e-06,-0.01200846
2.66105e-06,-0.01180657
2.6611e-06,-0.01179687
2.66115e-06,-0.01193081
2.6612e-06,-0.0120337
2.66125e-06,-0.0120337
2.6613e-06,-0.01201234
2.66135e-06,-0.01203175
2.6614e-06,-0.01202593
2.66145e-06,-0.01190557
2.6615e-06,-0.01170563
2.66155e-06,-0.0116008
2.6616e-06,-0.01172504
2.66165e-06,-0.01199293
2.6617e-06,-0.01213464
2.66175e-06,-0.01197934
2.6618e-06,-0.01166098
2.66185e-06,-0.01148821
2.6619e-06,-0.01160274
2.66195e-06,-0.01183569
2.662e-06,-0.01191916
2.66205e-06,-0.01178134
2.6621e-06,-0.01158333
2.66215e-06,-0.01151345
2.6622e-06,-0.0115678
2.66225e-06,-0.01158721
2.6623e-06,-0.01149597
2.66235e-06,-0.01141056
2.6624e-06,-0.01147656
2.66245e-06,-0.01160857
2.6625e-06,-0.01158915
2.66255e-06,-0.01138532
2.6626e-06,-0.01121061
2.66265e-06,-0.0112475
2.6627e-06,-0.01141833
2.66275e-06,-0.01149403
2.6628e-06,-0.01134844
2.66285e-06,-0.0110592
2.6629e-06,-0.01082625
2.66295e-06,-0.01081848
2.663e-06,-0.01103008
2.66305e-06,-0.01127273
2.6631e-06,-0.01136009
2.66315e-06,-0.01130185
2.6632e-06,-0.01129797
2.66325e-06,-0.01148433
2.6633e-06,-0.01175804
2.66335e-06,-0.01192499
2.6634e-06,-0.01198516
2.66345e-06,-0.01213076
2.6635e-06,-0.01243941
2.66355e-06,-0.01270536
2.6636e-06,-0.01267818
2.66365e-06,-0.01241612
2.6637e-06,-0.01223752
2.66375e-06,-0.01231712
2.6638e-06,-0.0124763
2.66385e-06,-0.01245106
2.6639e-06,-0.01222782
2.66395e-06,-0.01202593
2.664e-06,-0.01198516
2.66405e-06,-0.01200846
2.6641e-06,-0.01191916
2.66415e-06,-0.01168233
2.6642e-06,-0.01145327
2.66425e-06,-0.01144162
2.6643e-06,-0.01172116
2.66435e-06,-0.0121094
2.6644e-06,-0.01226276
2.66445e-06,-0.01200458
2.6645e-06,-0.0115348
2.66455e-06,-0.01128244
2.6646e-06,-0.0114785
2.66465e-06,-0.01195022
2.6647e-06,-0.01228994
2.66475e-06,-0.01223558
2.6648e-06,-0.01186093
2.66485e-06,-0.01149209
2.6649e-06,-0.01141056
2.66495e-06,-0.01158527
2.665e-06,-0.01171145
2.66505e-06,-0.01156974
2.6651e-06,-0.01130379
2.66515e-06,-0.01125914
2.6652e-06,-0.01153868
2.66525e-06,-0.01186093
2.6653e-06,-0.01191916
2.66535e-06,-0.01175998
2.6654e-06,-0.01167263
2.66545e-06,-0.01181822
2.6655e-06,-0.01205117
2.66555e-06,-0.01211329
2.6656e-06,-0.01192305
2.66565e-06,-0.0116571
2.6657e-06,-0.01156392
2.66575e-06,-0.01170563
2.6658e-06,-0.01189199
2.66585e-06,-0.0119114
2.6659e-06,-0.01180075
2.66595e-06,-0.01178522
2.666e-06,-0.01194828
2.66605e-06,-0.01211329
2.6661e-06,-0.0120434
2.66615e-06,-0.01172698
2.6662e-06,-0.0114028
2.66625e-06,-0.01133485
2.6663e-06,-0.01155227
2.66635e-06,-0.01182598
2.6664e-06,-0.01189587
2.66645e-06,-0.01182016
2.6665e-06,-0.01195411
2.66655e-06,-0.01252483
2.6666e-06,-0.0132722
2.66665e-06,-0.01371286
2.6667e-06,-0.01369927
2.66675e-06,-0.01353039
2.6668e-06,-0.0135498
2.66685e-06,-0.01376722
2.6669e-06,-0.01393028
2.66695e-06,-0.01381963
2.667e-06,-0.01342556
2.66705e-06,-0.01292278
2.6671e-06,-0.01252871
2.66715e-06,-0.01232294
2.6672e-06,-0.0121657
2.66725e-06,-0.01186093
2.6673e-06,-0.01138921
2.66735e-06,-0.0109699
2.6674e-06,-0.01086313
2.66745e-06,-0.01111743
2.6675e-06,-0.01153092
2.66755e-06,-0.0118551
2.6676e-06,-0.01204728
2.66765e-06,-0.01227441
2.6677e-06,-0.01263159
2.66775e-06,-0.01296355
2.6678e-06,-0.01305672
2.66785e-06,-0.01299266
2.6679e-06,-0.01308196
2.66795e-06,-0.0134275
2.668e-06,-0.01372839
2.66805e-06,-0.01365657
2.6681e-06,-0.01326638
2.66815e-06,-0.01287813
2.6682e-06,-0.01267042
2.66825e-06,-0.01255395
2.6683e-06,-0.01241418
2.66835e-06,-0.01227053
2.6684e-06,-0.01219288
2.66845e-06,-0.01213464
2.6685e-06,-0.01199293
2.66855e-06,-0.01174639
2.6686e-06,-0.0115115
2.66865e-06,-0.01142027
2.6687e-06,-0.01144938
2.66875e-06,-0.01146491
2.6688e-06,-0.01138727
2.66885e-06,-0.01128826
2.6689e-06,-0.01126303
2.66895e-06,-0.01126497
2.669e-06,-0.01116208
2.66905e-06,-0.01091166
2.6691e-06,-0.01060107
2.66915e-06,-0.01035065
2.6692e-06,-0.01023806
2.66925e-06,-0.01026329
2.6693e-06,-0.010339
2.66935e-06,-0.01031376
2.6694e-06,-0.01011576
2.66945e-06,-0.009857575
2.6695e-06,-0.0097081
2.66955e-06,-0.009682864
2.6696e-06,-0.009638216
2.66965e-06,-0.009513977
2.6697e-06,-0.009444093
2.66975e-06,-0.009568331
2.6698e-06,-0.009799338
2.66985e-06,-0.009917753
2.6699e-06,-0.009840104
2.66995e-06,-0.009758572
2.67e-06,-0.009933283
2.67005e-06,-0.01041665
2.6701e-06,-0.01102426
2.67015e-06,-0.0115678
2.6702e-06,-0.01205699
2.67025e-06,-0.01263354
2.6703e-06,-0.01334597
2.67035e-06,-0.01404481
2.6704e-06,-0.01454759
2.67045e-06,-0.01485042
2.6705e-06,-0.01509696
2.67055e-06,-0.01534738
2.6706e-06,-0.01549879
2.67065e-06,-0.01545026
2.6707e-06,-0.01528332
2.67075e-06,-0.01514161
2.6708e-06,-0.01499407
2.67085e-06,-0.01467183
2.6709e-06,-0.0141147
2.67095e-06,-0.01352456
2.671e-06,-0.0131732
2.67105e-06,-0.01313243
2.6711e-06,-0.01318679
2.67115e-06,-0.0130509
2.6712e-06,-0.01260636
2.67125e-06,-0.01197934
2.6713e-06,-0.01139503
2.67135e-06,-0.01095631
2.6714e-06,-0.01057777
2.67145e-06,-0.01010023
2.6715e-06,-0.009490682
2.67155e-06,-0.008902489
2.6716e-06,-0.00851036
2.67165e-06,-0.008292942
2.6717e-06,-0.00802117
2.67175e-06,-0.007498978
2.6718e-06,-0.0068079
2.67185e-06,-0.006264355
2.6719e-06,-0.006064408
2.67195e-06,-0.006058585
2.672e-06,-0.005967347
2.67205e-06,-0.005796518
2.6721e-06,-0.005856697
2.67215e-06,-0.006328416
2.6722e-06,-0.007007847
2.67225e-06,-0.007582451
2.6723e-06,-0.008030876
2.67235e-06,-0.00857248
2.6724e-06,-0.009306265
2.67245e-06,-0.01010023
2.6725e-06,-0.01077772
2.67255e-06,-0.01131156
2.6726e-06,-0.01176969
2.67265e-06,-0.01222588
2.6727e-06,-0.01269566
2.67275e-06,-0.01314796
2.6728e-06,-0.01354203
2.67285e-06,-0.01390504
2.6729e-06,-0.01432047
2.67295e-06,-0.01480966
2.673e-06,-0.01526585
2.67305e-06,-0.01555509
2.6731e-06,-0.01568709
2.67315e-06,-0.01583074
2.6732e-06,-0.01616075
2.67325e-06,-0.0167043
2.6733e-06,-0.01733132
2.67335e-06,-0.0178341
2.6734e-06,-0.01807481
2.67345e-06,-0.01812916
2.6735e-06,-0.01821264
2.67355e-06,-0.01841647
2.6736e-06,-0.01852712
2.67365e-06,-0.01827281
2.6737e-06,-0.01768074
2.67375e-06,-0.01705566
2.6738e-06,-0.016615
2.67385e-06,-0.01627529
2.6739e-06,-0.01583269
2.67395e-06,-0.01522314
2.674e-06,-0.01451459
2.67405e-06,-0.0137478
2.6741e-06,-0.01289754
2.67415e-06,-0.01199681
2.6742e-06,-0.0111912
2.67425e-06,-0.0106263
2.6743e-06,-0.01028853
2.67435e-06,-0.01000317
2.6744e-06,-0.00962851
2.67445e-06,-0.009199497
2.6745e-06,-0.008881135
2.67455e-06,-0.008743308
2.6746e-06,-0.008671482
2.67465e-06,-0.008504536
2.6747e-06,-0.008234705
2.67475e-06,-0.008023111
2.6748e-06,-0.008056112
2.67485e-06,-0.008388063
2.6749e-06,-0.008853958
2.67495e-06,-0.009197556
2.675e-06,-0.009331501
2.67505e-06,-0.009492623
2.6751e-06,-0.009997344
2.67515e-06,-0.01083596
2.6752e-06,-0.0116241
2.67525e-06,-0.01205699
2.6753e-06,-0.01233265
2.67535e-06,-0.01291501
2.6754e-06,-0.01392251
2.67545e-06,-0.01488925
2.6755e-06,-0.01526196
2.67555e-06,-0.01498631
2.6756e-06,-0.01451265
2.67565e-06,-0.01426029
2.6757e-06,-0.01420982
2.67575e-06,-0.01402152
2.6758e-06,-0.01352262
2.67585e-06,-0.01292278
2.6759e-06,-0.01256559
2.67595e-06,-0.01251318
2.676e-06,-0.01250541
2.67605e-06,-0.01231323
2.6761e-06,-0.01202981
2.67615e-06,-0.01193081
2.6762e-06,-0.01210746
2.67625e-06,-0.01238506
2.6763e-06,-0.01257336
2.67635e-06,-0.01268983
2.6764e-06,-0.01284901
2.67645e-06,-0.01302761
2.6765e-06,-0.01304314
2.67655e-06,-0.01276166
2.6766e-06,-0.01228217
2.67665e-06,-0.01186287
2.6767e-06,-0.01167651
2.67675e-06,-0.01164351
2.6768e-06,-0.01153674
2.67685e-06,-0.01127079
2.6769e-06,-0.01105726
2.67695e-06,-0.01120479
2.677e-06,-0.01177357
2.67705e-06,-0.01248989
2.6771e-06,-0.01301402
2.67715e-06,-0.01327997
2.6772e-06,-0.0135265
2.67725e-06,-0.01402346
2.6773e-06,-0.01477277
2.67735e-06,-0.01549491
2.6774e-06,-0.01592781
2.67745e-06,-0.01608699
2.6775e-06,-0.01620928
2.67755e-06,-0.01646553
2.6776e-06,-0.01679554
2.67765e-06,-0.01703431
2.6777e-06,-0.01710808
2.67775e-06,-0.01712943
2.6778e-06,-0.01726143
2.67785e-06,-0.01752156
2.6779e-06,-0.01773703
2.67795e-06,-0.0177448
2.678e-06,-0.01760697
2.67805e-06,-0.01756815
2.6781e-06,-0.01776227
2.67815e-06,-0.0180651
2.6782e-06,-0.01824952
2.67825e-06,-0.01825146
2.6783e-06,-0.01826311
2.67835e-06,-0.01853682
2.6784e-06,-0.01909396
2.67845e-06,-0.01958703
2.6785e-06,-0.01958315
2.67855e-06,-0.01899689
2.6786e-06,-0.01823593
2.67865e-06,-0.01781274
2.6787e-06,-0.01780692
2.67875e-06,-0.01782439
2.6788e-06,-0.01750603
2.67885e-06,-0.01697801
2.6789e-06,-0.01669071
2.67895e-06,-0.01688872
2.679e-06,-0.01737791
2.67905e-06,-0.0178108
2.6791e-06,-0.01808257
2.67915e-06,-0.01839511
2.6792e-06,-0.01900272
2.67925e-06,-0.0199578
2.6793e-06,-0.02102742
2.67935e-06,-0.02188739
2.6794e-06,-0.02239017
2.67945e-06,-0.02268523
2.6795e-06,-0.02302107
2.67955e-06,-0.02350637
2.6796e-06,-0.0240538
2.67965e-06,-0.02451776
2.6797e-06,-0.024807
2.67975e-06,-0.02489047
2.6798e-06,-0.02476818
2.67985e-06,-0.02449252
2.6799e-06,-0.02416445
2.67995e-06,-0.02388103
2.68e-06,-0.02368303
2.68005e-06,-0.02353938
2.6801e-06,-0.02341514
2.68015e-06,-0.02333749
2.6802e-06,-0.02336661
2.68025e-06,-0.02350249
2.6803e-06,-0.02363255
2.68035e-06,-0.02361508
2.6804e-06,-0.0233899
2.68045e-06,-0.02300748
2.6805e-06,-0.02257458
2.68055e-06,-0.02215334
2.6806e-06,-0.02169909
2.68065e-06,-0.02110119
2.6807e-06,-0.02031305
2.68075e-06,-0.01943561
2.6808e-06,-0.01863
2.68085e-06,-0.01795057
2.6809e-06,-0.01731579
2.68095e-06,-0.01666936
2.681e-06,-0.01611222
2.68105e-06,-0.01580551
2.6811e-06,-0.01575504
2.68115e-06,-0.01577057
2.6812e-06,-0.01566962
2.68125e-06,-0.01551044
2.6813e-06,-0.01546968
2.68135e-06,-0.01558809
2.6814e-06,-0.01573951
2.68145e-06,-0.01588704
2.6815e-06,-0.01620152
2.68155e-06,-0.01681301
2.6816e-06,-0.01755068
2.68165e-06,-0.01807481
2.6817e-06,-0.0182437
2.68175e-06,-0.01826117
2.6818e-06,-0.01843782
2.68185e-06,-0.01888818
2.6819e-06,-0.01945697
2.68195e-06,-0.01992092
2.682e-06,-0.02024899
2.68205e-06,-0.02060617
2.6821e-06,-0.0211439
2.68215e-06,-0.02180391
2.6822e-06,-0.02236299
2.68225e-06,-0.02266776
2.6823e-06,-0.02280559
2.68235e-06,-0.02304048
2.6824e-06,-0.02357044
2.68245e-06,-0.0242984
2.6825e-06,-0.02485553
2.68255e-06,-0.02491183
2.6826e-06,-0.02449834
2.68265e-06,-0.02397615
2.6827e-06,-0.0236772
2.68275e-06,-0.02358597
2.6828e-06,-0.02343261
2.68285e-06,-0.02304824
2.6829e-06,-0.02258429
2.68295e-06,-0.0222931
2.683e-06,-0.02217857
2.68305e-06,-0.02197086
2.6831e-06,-0.0214972
2.68315e-06,-0.02097307
2.6832e-06,-0.02078283
2.68325e-06,-0.02100995
2.6833e-06,-0.02135161
2.68335e-06,-0.02149526
2.6834e-06,-0.02149526
2.68345e-06,-0.02164667
2.6835e-06,-0.02208151
2.68355e-06,-0.02255517
2.6836e-06,-0.02272212
2.68365e-06,-0.02256294
2.6837e-06,-0.0224387
2.68375e-06,-0.02263088
2.6838e-06,-0.02295506
2.68385e-06,-0.02293759
2.6839e-06,-0.02241928
2.68395e-06,-0.02179809
2.684e-06,-0.0216195
2.68405e-06,-0.02200192
2.6841e-06,-0.02255905
2.68415e-06,-0.02288518
2.6842e-06,-0.0230463
2.68425e-06,-0.02349473
2.6843e-06,-0.02451387
2.68435e-06,-0.02580285
2.6844e-06,-0.02672882
2.68445e-06,-0.02699089
2.6845e-06,-0.02690935
2.68455e-06,-0.02701224
2.6846e-06,-0.02740049
2.68465e-06,-0.02765285
2.6847e-06,-0.02736166
2.68475e-06,-0.02661623
2.6848e-06,-0.02591544
2.68485e-06,-0.02561843
2.6849e-06,-0.02559514
2.68495e-06,-0.02544566
2.685e-06,-0.02501277
2.68505e-06,-0.02457988
2.6851e-06,-0.02454882
2.68515e-06,-0.02495453
2.6852e-06,-0.02541655
2.68525e-06,-0.02553496
2.6853e-06,-0.02532143
2.68535e-06,-0.02511371
2.6854e-06,-0.02510983
2.68545e-06,-0.02513313
2.6855e-06,-0.02493706
2.68555e-06,-0.02464588
2.6856e-06,-0.024675
2.68565e-06,-0.02519136
2.6857e-06,-0.02588827
2.68575e-06,-0.02634251
2.6858e-06,-0.0265114
2.68585e-06,-0.02671717
2.6859e-06,-0.02721219
2.68595e-06,-0.02788579
2.686e-06,-0.02843322
2.68605e-06,-0.02872829
2.6861e-06,-0.02892241
2.68615e-06,-0.0291903
2.6862e-06,-0.02952613
2.68625e-06,-0.02982897
2.6863e-06,-0.03009297
2.68635e-06,-0.03043269
2.6864e-06,-0.03090441
2.68645e-06,-0.03137613
2.6865e-06,-0.03164208
2.68655e-06,-0.03166537
2.6866e-06,-0.03165566
2.68665e-06,-0.03180902
2.6867e-06,-0.03202256
2.68675e-06,-0.03197791
2.6868e-06,-0.03153531
2.68685e-06,-0.03096459
2.6869e-06,-0.03071417
2.68695e-06,-0.03094517
2.687e-06,-0.03135672
2.68705e-06,-0.03146737
2.6871e-06,-0.03104029
2.68715e-06,-0.03022109
2.6872e-06,-0.02934366
2.68725e-06,-0.02862346
2.6873e-06,-0.0279848
2.68735e-06,-0.02718113
2.6874e-06,-0.02610568
2.68745e-06,-0.02496812
2.6875e-06,-0.0241101
2.68755e-06,-0.02359955
2.6876e-06,-0.02314142
2.68765e-06,-0.02239599
2.6877e-06,-0.02133996
2.68775e-06,-0.02023734
2.6878e-06,-0.01936184
2.68785e-06,-0.01880277
2.6879e-06,-0.01849994
2.68795e-06,-0.01840288
2.688e-06,-0.01852517
2.68805e-06,-0.01891148
2.6881e-06,-0.01953267
2.68815e-06,-0.02026646
2.6882e-06,-0.02099248
2.68825e-06,-0.02172627
2.6883e-06,-0.02259011
2.68835e-06,-0.02363061
2.6884e-06,-0.02471964
2.68845e-06,-0.02565532
2.6885e-06,-0.02635222
2.68855e-06,-0.02691518
2.6886e-06,-0.02752084
2.68865e-06,-0.02830122
2.6887e-06,-0.02926019
2.68875e-06,-0.0302968
2.6888e-06,-0.03127712
2.68885e-06,-0.0321565
2.6889e-06,-0.03302035
2.68895e-06,-0.03397155
2.689e-06,-0.03498294
2.68905e-06,-0.03586814
2.6891e-06,-0.03646992
2.68915e-06,-0.03682516
2.6892e-06,-0.03715517
2.68925e-06,-0.03762107
2.6893e-06,-0.03814132
2.68935e-06,-0.03846745
2.6894e-06,-0.03844609
2.68945e-06,-0.03816267
2.6895e-06,-0.03783849
2.68955e-06,-0.0375706
2.6896e-06,-0.03725806
2.68965e-06,-0.03674752
2.6897e-06,-0.03603508
2.68975e-06,-0.03523918
2.6898e-06,-0.0344161
2.68985e-06,-0.03350954
2.6899e-06,-0.0324671
2.68995e-06,-0.03134895
2.69e-06,-0.03028127
2.69005e-06,-0.02938248
2.6901e-06,-0.02874964
2.69015e-06,-0.02842934
2.6902e-06,-0.02839051
2.69025e-06,-0.02854969
2.6903e-06,-0.02882923
2.69035e-06,-0.02916118
2.6904e-06,-0.02943684
2.69045e-06,-0.02952419
2.6905e-06,-0.02940384
2.69055e-06,-0.02922913
2.6906e-06,-0.02918836
2.69065e-06,-0.02932425
2.6907e-06,-0.02952419
2.69075e-06,-0.02969308
2.6908e-06,-0.02987167
2.69085e-06,-0.03017451
2.6909e-06,-0.03063069
2.69095e-06,-0.03116065
2.691e-06,-0.03165566
2.69105e-06,-0.03206138
2.6911e-06,-0.0324438
2.69115e-06,-0.03292911
2.6912e-06,-0.03355613
2.69125e-06,-0.03416374
2.6913e-06,-0.03455781
2.69135e-06,-0.03478299
2.6914e-06,-0.03511494
2.69145e-06,-0.03568372
2.6915e-06,-0.03622144
2.69155e-06,-0.0363185
2.6916e-06,-0.03594385
2.69165e-06,-0.03548183
2.6917e-06,-0.03524306
2.69175e-06,-0.03511688
2.6918e-06,-0.03482764
2.69185e-06,-0.03435786
2.6919e-06,-0.03394438
2.69195e-06,-0.03370755
2.692e-06,-0.03356001
2.69205e-06,-0.03343577
2.6921e-06,-0.03338918
2.69215e-06,-0.03342219
2.6922e-06,-0.03341054
2.69225e-06,-0.03327271
2.6923e-06,-0.03311353
2.69235e-06,-0.03304947
2.6924e-06,-0.03301841
2.69245e-06,-0.03281652
2.6925e-06,-0.03230598
2.69255e-06,-0.03154113
2.6926e-06,-0.0307064
2.69265e-06,-0.03000174
2.6927e-06,-0.02951837
2.69275e-06,-0.02918448
2.6928e-06,-0.02883894
2.69285e-06,-0.02841769
2.6929e-06,-0.02805662
2.69295e-06,-0.02798285
2.693e-06,-0.02826045
2.69305e-06,-0.02871664
2.6931e-06,-0.02912624
2.69315e-06,-0.02943878
2.6932e-06,-0.02977849
2.69325e-06,-0.03026768
2.6933e-06,-0.03087723
2.69335e-06,-0.03145378
2.6934e-06,-0.03186144
2.69345e-06,-0.03207885
2.6935e-06,-0.0321798
2.69355e-06,-0.03225939
2.6936e-06,-0.03235645
2.69365e-06,-0.03244186
2.6937e-06,-0.03241857
2.69375e-06,-0.0322128
2.6938e-06,-0.03186532
2.69385e-06,-0.03152754
2.6939e-06,-0.03131983
2.69395e-06,-0.03123248
2.694e-06,-0.03118589
2.69405e-06,-0.03117812
2.6941e-06,-0.03127907
2.69415e-06,-0.0314829
2.6942e-06,-0.03165761
2.69425e-06,-0.0316809
2.6943e-06,-0.03159937
2.69435e-06,-0.03152366
2.6944e-06,-0.03139554
2.69445e-06,-0.03099953
2.6945e-06,-0.03027351
2.69455e-06,-0.02946013
2.6946e-06,-0.02886806
2.69465e-06,-0.02851475
2.6947e-06,-0.02814398
2.69475e-06,-0.02759073
2.6948e-06,-0.0270433
2.69485e-06,-0.02687053
2.6949e-06,-0.02718501
2.69495e-06,-0.02766643
2.695e-06,-0.02788579
2.69505e-06,-0.02777708
2.6951e-06,-0.02770526
2.69515e-06,-0.02802168
2.6952e-06,-0.02868752
2.69525e-06,-0.02935336
2.6953e-06,-0.02978432
2.69535e-06,-0.03008521
2.6954e-06,-0.03052781
2.69545e-06,-0.03125771
2.6955e-06,-0.03213515
2.69555e-06,-0.03286117
2.6956e-06,-0.03323389
2.69565e-06,-0.03334648
2.6957e-06,-0.03350372
2.69575e-06,-0.03389002
2.6958e-06,-0.03437533
2.69585e-06,-0.03469952
2.6959e-06,-0.03478881
2.69595e-06,-0.03479464
2.696e-06,-0.03486452
2.69605e-06,-0.03501594
2.6961e-06,-0.035212
2.69615e-06,-0.03546242
2.6962e-06,-0.03580408
2.69625e-06,-0.03623503
2.6963e-06,-0.0366951
2.69635e-06,-0.03709694
2.6964e-06,-0.03736483
2.69645e-06,-0.03746189
2.6965e-06,-0.0373823
2.69655e-06,-0.03715129
2.6966e-06,-0.0367844
2.69665e-06,-0.03626803
2.6967e-06,-0.03558666
2.69675e-06,-0.03479658
2.6968e-06,-0.03399097
2.69685e-06,-0.03322224
2.6969e-06,-0.03246128
2.69695e-06,-0.03165566
2.697e-06,-0.03080929
2.69705e-06,-0.03000174
2.6971e-06,-0.02934172
2.69715e-06,-0.02889717
2.6972e-06,-0.02862928
2.69725e-06,-0.02839828
2.6973e-06,-0.0281168
2.69735e-06,-0.02787609
2.6974e-06,-0.02784503
2.69745e-06,-0.0280178
2.6975e-06,-0.02816533
2.69755e-06,-0.02808962
2.6976e-06,-0.02790326
2.69765e-06,-0.02790909
2.6977e-06,-0.02822163
2.69775e-06,-0.02857105
2.6978e-06,-0.02859823
2.69785e-06,-0.02828569
2.6979e-06,-0.0279848
2.69795e-06,-0.02798285
2.698e-06,-0.02818668
2.69805e-06,-0.02827792
2.6981e-06,-0.02814204
2.69815e-06,-0.02802168
2.6982e-06,-0.02826239
2.69825e-06,-0.02895735
2.6983e-06,-0.02986197
2.69835e-06,-0.03062099
2.6984e-06,-0.0311393
2.69845e-06,-0.03165761
2.6985e-06,-0.03247486
2.69855e-06,-0.03355225
2.6986e-06,-0.03449763
2.69865e-06,-0.03498294
2.6987e-06,-0.03509553
2.69875e-06,-0.035212
2.6988e-06,-0.03551483
2.69885e-06,-0.03580019
2.6989e-06,-0.03581184
2.69895e-06,-0.03564295
2.699e-06,-0.03563907
2.69905e-06,-0.03596326
2.6991e-06,-0.03642915
2.69915e-06,-0.0367844
2.6992e-06,-0.03701929
2.69925e-06,-0.03731241
2.6993e-06,-0.03774143
2.69935e-06,-0.03813744
2.6994e-06,-0.03822868
2.69945e-06,-0.03792196
2.6995e-06,-0.03742501
2.69955e-06,-0.03709694
2.6996e-06,-0.03710858
2.69965e-06,-0.03725806
2.6997e-06,-0.03716682
2.69975e-06,-0.03674169
2.6998e-06,-0.03633792
2.69985e-06,-0.03633403
2.6999e-06,-0.03660775
2.69995e-06,-0.03663104
2.7e-06,-0.03613797
2.70005e-06,-0.03548183
2.7001e-06,-0.03517706
2.70015e-06,-0.03524112
2.7002e-06,-0.03519065
2.70025e-06,-0.03472669
2.7003e-06,-0.03415985
2.70035e-06,-0.03401038
2.7004e-06,-0.03434621
2.70045e-06,-0.03471505
2.7005e-06,-0.03472863
2.70055e-06,-0.03447239
2.7006e-06,-0.03432874
2.70065e-06,-0.03448404
2.7007e-06,-0.03477522
2.70075e-06,-0.03494799
2.7008e-06,-0.03497905
2.70085e-06,-0.03509747
2.7009e-06,-0.0354993
2.70095e-06,-0.03607003
2.701e-06,-0.03648157
2.70105e-06,-0.03658251
2.7011e-06,-0.03661357
2.70115e-06,-0.03691446
2.7012e-06,-0.03748518
2.70125e-06,-0.03796273
2.7013e-06,-0.03805785
2.70135e-06,-0.03791808
2.7014e-06,-0.03793167
2.70145e-06,-0.0382675
2.7015e-06,-0.03868098
2.70155e-06,-0.03881299
2.7016e-06,-0.03862469
2.70165e-06,-0.03846745
2.7017e-06,-0.03869651
2.70175e-06,-0.03930218
2.7018e-06,-0.03994084
2.70185e-06,-0.04030968
2.7019e-06,-0.04041838
2.70195e-06,-0.04049797
2.702e-06,-0.04068822
2.70205e-06,-0.04090757
2.7021e-06,-0.04099881
2.70215e-06,-0.0409231
2.7022e-06,-0.04080857
2.70225e-06,-0.04081828
2.7023e-06,-0.04097164
2.70235e-06,-0.04113858
2.7024e-06,-0.04118711
2.70245e-06,-0.04112693
2.7025e-06,-0.04105511
2.70255e-06,-0.04102405
2.7026e-06,-0.04096969
2.70265e-06,-0.04081634
2.7027e-06,-0.04059504
2.70275e-06,-0.04040868
2.7028e-06,-0.04026309
2.70285e-06,-0.04002431
2.7029e-06,-0.03959336
2.70295e-06,-0.03907893
2.703e-06,-0.03869845
2.70305e-06,-0.03845386
2.7031e-06,-0.03805785
2.70315e-06,-0.03724447
2.7032e-06,-0.03610303
2.70325e-06,-0.03502176
2.7033e-06,-0.03423944
2.70335e-06,-0.03356001
2.7034e-06,-0.03260493
2.70345e-06,-0.03135672
2.7035e-06,-0.0302871
2.70355e-06,-0.02988914
2.7036e-06,-0.03011433
2.70365e-06,-0.03040357
2.7037e-06,-0.03022304
2.70375e-06,-0.02956302
2.7038e-06,-0.02885253
2.70385e-06,-0.02848952
2.7039e-06,-0.02846234
2.70395e-06,-0.02844099
2.704e-06,-0.02814786
2.70405e-06,-0.0276082
2.7041e-06,-0.02707242
2.70415e-06,-0.02680453
2.7042e-06,-0.02690353
2.70425e-06,-0.02725489
2.7043e-06,-0.02763343
2.70435e-06,-0.02795762
2.7044e-06,-0.02841769
2.70445e-06,-0.02928154
2.7045e-06,-0.03052004
2.70455e-06,-0.03169643
2.7046e-06,-0.03234286
2.70465e-06,-0.03243992
2.7047e-06,-0.03243798
2.70475e-06,-0.03277187
2.7048e-06,-0.03340666
2.70485e-06,-0.03396573
2.7049e-06,-0.03423362
2.70495e-06,-0.03438892
2.705e-06,-0.03475387
2.70505e-06,-0.03545077
2.7051e-06,-0.03634762
2.70515e-06,-0.0372037
2.7052e-06,-0.03782102
2.70525e-06,-0.03815297
2.7053e-06,-0.0383335
2.70535e-06,-0.03851598
2.7054e-06,-0.03870234
2.70545e-06,-0.0387664
2.7055e-06,-0.0386441
2.70555e-06,-0.03838397
2.7056e-06,-0.03800737
2.70565e-06,-0.03745801
2.7057e-06,-0.0367611
2.70575e-06,-0.03611273
2.7058e-06,-0.03568954
2.70585e-06,-0.03543524
2.7059e-06,-0.03516153
2.70595e-06,-0.03481793
2.706e-06,-0.03458304
2.70605e-06,-0.03463351
2.7061e-06,-0.03488587
2.70615e-06,-0.0350897
2.7062e-06,-0.03511494
2.70625e-06,-0.03512076
2.7063e-06,-0.0353673
2.70635e-06,-0.03587784
2.7064e-06,-0.03636898
2.70645e-06,-0.03654757
2.7065e-06,-0.03642333
2.70655e-06,-0.03626997
2.7066e-06,-0.03627968
2.70665e-06,-0.03637092
2.7067e-06,-0.03637868
2.70675e-06,-0.03633403
2.7068e-06,-0.03642721
2.70685e-06,-0.03674752
2.7069e-06,-0.03719788
2.70695e-06,-0.03761719
2.707e-06,-0.03794331
2.70705e-06,-0.03818597
2.7071e-06,-0.03838203
2.70715e-06,-0.03857227
2.7072e-06,-0.03876834
2.70725e-06,-0.03893917
2.7073e-06,-0.03906729
2.70735e-06,-0.03917406
2.7074e-06,-0.03928082
2.70745e-06,-0.03931382
2.7075e-06,-0.03918764
2.70755e-06,-0.03896634
2.7076e-06,-0.03882657
2.70765e-06,-0.0387761
2.7077e-06,-0.0385548
2.70775e-06,-0.03794137
2.7078e-06,-0.0371047
2.70785e-06,-0.03644662
2.7079e-06,-0.03611662
2.70795e-06,-0.03585455
2.708e-06,-0.03533236
2.70805e-06,-0.03455781
2.7081e-06,-0.03381431
2.70815e-06,-0.03328824
2.7082e-06,-0.03290388
2.70825e-06,-0.03249428
2.7083e-06,-0.0320575
2.70835e-06,-0.03175079
2.7084e-06,-0.03167702
2.70845e-06,-0.03178767
2.7085e-06,-0.0320012
2.70855e-06,-0.03229045
2.7086e-06,-0.03266316
2.70865e-06,-0.03309606
2.7087e-06,-0.03356778
2.70875e-06,-0.03406085
2.7088e-06,-0.03454228
2.70885e-06,-0.03497711
2.7089e-06,-0.03535371
2.70895e-06,-0.03565848
2.709e-06,-0.03586037
2.70905e-06,-0.03594773
2.7091e-06,-0.03600014
2.70915e-06,-0.03613215
2.7092e-06,-0.03637092
2.70925e-06,-0.03662134
2.7093e-06,-0.03677663
2.70935e-06,-0.03684264
2.7094e-06,-0.03695717
2.70945e-06,-0.03725029
2.7095e-06,-0.03771037
2.70955e-06,-0.03818209
2.7096e-06,-0.0385218
2.70965e-06,-0.03874698
2.7097e-06,-0.03895275
2.70975e-06,-0.03914688
2.7098e-06,-0.03919541
2.70985e-06,-0.03896634
2.7099e-06,-0.03844415
2.70995e-06,-0.03770454
2.71e-06,-0.03681546
2.71005e-06,-0.03584873
2.7101e-06,-0.03486452
2.71015e-06,-0.0338609
2.7102e-06,-0.03275634
2.71025e-06,-0.03155084
2.7103e-06,-0.03044822
2.71035e-06,-0.0296892
2.7104e-06,-0.0292466
2.71045e-06,-0.02883506
2.7105e-06,-0.02823716
2.71055e-06,-0.02756549
2.7106e-06,-0.0270763
2.71065e-06,-0.02683365
2.7107e-06,-0.02667252
2.71075e-06,-0.02643181
2.7108e-06,-0.0261251
2.71085e-06,-0.02586497
2.7109e-06,-0.0257485
2.71095e-06,-0.02583197
2.711e-06,-0.02613286
2.71105e-06,-0.02662011
2.7111e-06,-0.02722189
2.71115e-06,-0.02792462
2.7112e-06,-0.02880788
2.71125e-06,-0.02994544
2.7113e-06,-0.03126354
2.71135e-06,-0.03256416
2.7114e-06,-0.03369202
2.71145e-06,-0.03469175
2.7115e-06,-0.0357109
2.71155e-06,-0.03677858
2.7116e-06,-0.03775696
2.71165e-06,-0.03855868
2.7117e-06,-0.03929635
2.71175e-06,-0.04010585
2.7118e-06,-0.0409231
2.71185e-06,-0.04155789
2.7119e-06,-0.04198108
2.71195e-06,-0.04237709
2.712e-06,-0.04289734
2.71205e-06,-0.04345059
2.7121e-06,-0.04380389
2.71215e-06,-0.04386989
2.7122e-06,-0.04383107
2.71225e-06,-0.04395725
2.7123e-06,-0.04428144
2.71235e-06,-0.04451632
2.7124e-06,-0.04436879
2.71245e-06,-0.04388931
2.7125e-06,-0.04342729
2.71255e-06,-0.04322735
2.7126e-06,-0.04316329
2.71265e-06,-0.04288181
2.7127e-06,-0.04219267
2.71275e-06,-0.04122594
2.7128e-06,-0.0402495
2.71285e-06,-0.039374
2.7129e-06,-0.03852374
2.71295e-06,-0.03758419
2.713e-06,-0.03655339
2.71305e-06,-0.03553619
2.7131e-06,-0.03465099
2.71315e-06,-0.03394632
2.7132e-06,-0.03339113
2.71325e-06,-0.03298735
2.7133e-06,-0.03278546
2.71335e-06,-0.03276605
2.7134e-06,-0.03277187
2.71345e-06,-0.03270781
2.7135e-06,-0.03271752
2.71355e-06,-0.03302035
2.7136e-06,-0.03359107
2.71365e-06,-0.03413074
2.7137e-06,-0.03441416
2.71375e-06,-0.03451704
2.7138e-06,-0.03469952
2.71385e-06,-0.03510523
2.7139e-06,-0.03566819
2.71395e-06,-0.03620979
2.714e-06,-0.03659222
2.71405e-06,-0.03681546
2.7141e-06,-0.0370387
2.71415e-06,-0.03741918
2.7142e-06,-0.03790837
2.71425e-06,-0.0382345
2.7143e-06,-0.03818791
2.71435e-06,-0.03789672
2.7144e-06,-0.03775307
2.71445e-06,-0.03801126
2.7145e-06,-0.03853151
2.71455e-06,-0.03895275
2.7146e-06,-0.03909252
2.71465e-06,-0.03910417
2.7147e-06,-0.03922064
2.71475e-06,-0.03944389
2.7148e-06,-0.03957783
2.71485e-06,-0.03950795
2.7149e-06,-0.03932547
2.71495e-06,-0.03917406
2.715e-06,-0.03904787
2.71505e-06,-0.03881493
2.7151e-06,-0.03844998
2.71515e-06,-0.03809085
2.7152e-06,-0.03783849
2.71525e-06,-0.03762689
2.7153e-06,-0.037359
2.71535e-06,-0.03712023
2.7154e-06,-0.03710664
2.71545e-06,-0.03733765
2.7155e-06,-0.03755895
2.71555e-06,-0.03748518
2.7156e-06,-0.03713382
2.71565e-06,-0.03681158
2.7157e-06,-0.03677469
2.71575e-06,-0.03691446
2.7158e-06,-0.03687758
2.71585e-06,-0.03650098
2.7159e-06,-0.03602732
2.71595e-06,-0.03583514
2.716e-06,-0.03599626
2.71605e-06,-0.03621174
2.7161e-06,-0.03621174
2.71615e-06,-0.0360875
2.7162e-06,-0.03612826
2.71625e-06,-0.03643692
2.7163e-06,-0.03682905
2.71635e-06,-0.0371047
2.7164e-06,-0.03726
2.71645e-06,-0.03742306
2.7165e-06,-0.03765019
2.71655e-06,-0.03786178
2.7166e-06,-0.03796273
2.71665e-06,-0.03793167
2.7167e-06,-0.03779772
2.71675e-06,-0.03760554
2.7168e-06,-0.03743471
2.71685e-06,-0.03734153
2.7169e-06,-0.03725418
2.71695e-06,-0.03700764
2.717e-06,-0.03654563
2.71705e-06,-0.03602732
2.7171e-06,-0.03564878
2.71715e-06,-0.03544883
2.7172e-06,-0.03532848
2.71725e-06,-0.0352023
2.7173e-06,-0.03508
2.71735e-06,-0.03502564
2.7174e-06,-0.03506641
2.71745e-06,-0.03512853
2.7175e-06,-0.03511106
2.71755e-06,-0.03503341
2.7176e-06,-0.03503535
2.71765e-06,-0.03520812
2.7177e-06,-0.03547795
2.71775e-06,-0.03571866
2.7178e-06,-0.03591084
2.71785e-06,-0.03613409
2.7179e-06,-0.03643498
2.71795e-06,-0.03677081
2.718e-06,-0.03707752
2.71805e-06,-0.037326
2.7181e-06,-0.03752983
2.71815e-06,-0.03770066
2.7182e-06,-0.03783655
2.71825e-06,-0.03795496
2.7183e-06,-0.03809085
2.71835e-06,-0.03828109
2.7184e-06,-0.03851986
2.71845e-06,-0.03878969
2.7185e-06,-0.03913329
2.71855e-06,-0.03963024
2.7186e-06,-0.04029026
2.71865e-06,-0.04096193
2.7187e-06,-0.04142782
2.71875e-06,-0.04160254
2.7188e-06,-0.0416433
2.71885e-06,-0.04178307
2.7189e-06,-0.04205873
2.71895e-06,-0.04224314
2.719e-06,-0.04211502
2.71905e-06,-0.04174813
2.7191e-06,-0.041389
2.71915e-06,-0.04112693
2.7192e-06,-0.04081245
2.71925e-06,-0.0402922
2.7193e-06,-0.03960113
2.71935e-06,-0.03887705
2.7194e-06,-0.0382112
2.71945e-06,-0.03760748
2.7195e-06,-0.03701929
2.71955e-06,-0.0363748
2.7196e-06,-0.03565654
2.71965e-06,-0.03496546
2.7197e-06,-0.0344491
2.71975e-06,-0.03411715
2.7198e-06,-0.03380073
2.71985e-06,-0.03335618
2.7199e-06,-0.03286893
2.71995e-06,-0.03253698
2.72e-06,-0.03240886
2.72005e-06,-0.0323448
2.7201e-06,-0.03219339
2.72015e-06,-0.03193714
2.7202e-06,-0.0316479
2.72025e-06,-0.03143242
2.7203e-06,-0.03138583
2.72035e-06,-0.03151395
2.7204e-06,-0.03171778
2.72045e-06,-0.03189444
2.7205e-06,-0.03202062
2.72055e-06,-0.03213709
2.7206e-06,-0.03227104
2.72065e-06,-0.03245545
2.7207e-06,-0.03273499
2.72075e-06,-0.03309218
2.7208e-06,-0.0334183
2.72085e-06,-0.03362602
2.7209e-06,-0.03379684
2.72095e-06,-0.03409385
2.721e-06,-0.03454616
2.72105e-06,-0.03500429
2.7211e-06,-0.03533236
2.72115e-06,-0.03554978
2.7212e-06,-0.0357769
2.72125e-06,-0.03608167
2.7213e-06,-0.03642527
2.72135e-06,-0.03670869
2.7214e-06,-0.03681352
2.72145e-06,-0.03670481
2.7215e-06,-0.03648933
2.72155e-06,-0.03632433
2.7216e-06,-0.03618262
2.72165e-06,-0.03586426
2.7217e-06,-0.03525859
2.72175e-06,-0.03449375
2.7218e-06,-0.03378325
2.72185e-06,-0.03318536
2.7219e-06,-0.03261852
2.72195e-06,-0.03203421
2.722e-06,-0.0314926
2.72205e-06,-0.03106553
2.7221e-06,-0.03073164
2.72215e-06,-0.03041328
2.7222e-06,-0.03007356
2.72225e-06,-0.02978044
2.7223e-06,-0.0295999
2.72235e-06,-0.02953584
2.7224e-06,-0.02956884
2.72245e-06,-0.02975714
2.7225e-06,-0.03015315
2.72255e-06,-0.03064622
2.7226e-06,-0.0309937
2.72265e-06,-0.03107718
2.7227e-06,-0.03107135
2.72275e-06,-0.03126742
2.7228e-06,-0.03176632
2.72285e-06,-0.03238363
2.7229e-06,-0.03286699
2.72295e-06,-0.03314459
2.723e-06,-0.03336589
2.72305e-06,-0.03371531
2.7231e-06,-0.03423944
2.72315e-06,-0.03481599
2.7232e-06,-0.03527606
2.72325e-06,-0.03558084
2.7233e-06,-0.0358662
2.72335e-06,-0.03628162
2.7234e-06,-0.03681352
2.72345e-06,-0.03734736
2.7235e-06,-0.03783461
2.72355e-06,-0.03831021
2.7236e-06,-0.03874116
2.72365e-06,-0.03904982
2.7237e-06,-0.03926141
2.72375e-06,-0.03951183
2.7238e-06,-0.03981854
2.72385e-06,-0.04001267
2.7239e-06,-0.03996608
2.72395e-06,-0.03977778
2.724e-06,-0.03962054
2.72405e-06,-0.03949048
2.7241e-06,-0.039209
2.72415e-06,-0.0386771
2.7242e-06,-0.03803261
2.72425e-06,-0.03749489
2.7243e-06,-0.03712217
2.72435e-06,-0.03679022
2.7244e-06,-0.03640004
2.72445e-06,-0.03600208
2.7245e-06,-0.0357109
2.72455e-06,-0.0355556
2.7246e-06,-0.03546048
2.72465e-06,-0.03534983
2.7247e-06,-0.03523724
2.72475e-06,-0.0352023
2.7248e-06,-0.035278
2.72485e-06,-0.03541777
2.7249e-06,-0.03556336
2.72495e-06,-0.03571284
2.725e-06,-0.03588755
2.72505e-06,-0.03606032
2.7251e-06,-0.03617485
2.72515e-06,-0.03623697
2.7252e-06,-0.0363515
2.72525e-06,-0.0365961
2.7253e-06,-0.03692611
2.72535e-06,-0.03723088
2.7254e-06,-0.03746771
2.72545e-06,-0.03767542
2.7255e-06,-0.0378579
2.72555e-06,-0.03797243
2.7256e-06,-0.0380229
2.72565e-06,-0.03809861
2.7257e-06,-0.03824226
2.72575e-06,-0.0383335
2.7258e-06,-0.03820344
2.72585e-06,-0.03788119
2.7259e-06,-0.03762107
2.72595e-06,-0.03761719
2.726e-06,-0.03777054
2.72605e-06,-0.03780549
2.7261e-06,-0.03762301
2.72615e-06,-0.03741918
2.7262e-06,-0.03741142
2.72625e-06,-0.03758225
2.7263e-06,-0.03771037
2.72635e-06,-0.03766184
2.7264e-06,-0.03749683
2.72645e-06,-0.03730659
2.7265e-06,-0.03707752
2.72655e-06,-0.03677081
2.7266e-06,-0.0364408
2.72665e-06,-0.03614767
2.7267e-06,-0.0358332
2.72675e-06,-0.03538865
2.7268e-06,-0.03484899
2.72685e-06,-0.03440639
2.7269e-06,-0.03418897
2.72695e-06,-0.03409773
2.727e-06,-0.03397155
2.72705e-06,-0.03381431
2.7271e-06,-0.03377161
2.72715e-06,-0.03387643
2.7272e-06,-0.03397932
2.72725e-06,-0.03396379
2.7273e-06,-0.03395991
2.72735e-06,-0.03418315
2.7274e-06,-0.03461993
2.72745e-06,-0.03500623
2.7275e-06,-0.03516347
2.72755e-06,-0.03524694
2.7276e-06,-0.03551677
2.72765e-06,-0.03596326
2.7277e-06,-0.03626997
2.72775e-06,-0.03624474
2.7278e-06,-0.0361205
2.72785e-06,-0.03630686
2.7279e-06,-0.03688728
2.72795e-06,-0.03749295
2.728e-06,-0.03772784
2.72805e-06,-0.03759972
2.7281e-06,-0.03746577
2.72815e-06,-0.03759583
2.7282e-06,-0.03788896
2.72825e-06,-0.03804232
2.7283e-06,-0.03793167
2.72835e-06,-0.03774337
2.7284e-06,-0.03774531
2.72845e-06,-0.03794914
2.7285e-06,-0.03811026
2.72855e-06,-0.03804232
2.7286e-06,-0.03786761
2.72865e-06,-0.03784237
2.7287e-06,-0.03802096
2.72875e-06,-0.0382015
2.7288e-06,-0.03820344
2.72885e-06,-0.03807144
2.7289e-06,-0.03795884
2.72895e-06,-0.03790449
2.729e-06,-0.03781713
2.72905e-06,-0.03761719
2.7291e-06,-0.03733959
2.72915e-06,-0.03707947
2.7292e-06,-0.03687758
2.72925e-06,-0.0366621
2.7293e-06,-0.03635539
2.72935e-06,-0.03599626
2.7294e-06,-0.03572643
2.72945e-06,-0.03561578
2.7295e-06,-0.03555754
2.72955e-06,-0.03540807
2.7296e-06,-0.03519453
2.72965e-06,-0.03509747
2.7297e-06,-0.03521006
2.72975e-06,-0.03539448
2.7298e-06,-0.03546824
2.72985e-06,-0.0354333
2.7299e-06,-0.03544689
2.72995e-06,-0.03558666
2.73e-06,-0.03576331
2.73005e-06,-0.03586231
2.7301e-06,-0.03591279
2.73015e-06,-0.03604673
2.7302e-06,-0.03630686
2.73025e-06,-0.03657863
2.7303e-06,-0.03671063
2.73035e-06,-0.03667763
2.7304e-06,-0.03660581
2.73045e-06,-0.03664851
2.7305e-06,-0.03683681
2.73055e-06,-0.03703288
2.7306e-06,-0.037095
2.73065e-06,-0.03705811
2.7307e-06,-0.03711247
2.73075e-06,-0.03735318
2.7308e-06,-0.03763078
2.73085e-06,-0.0377356
2.7309e-06,-0.03767154
2.73095e-06,-0.03762883
2.731e-06,-0.03770843
2.73105e-06,-0.03778025
2.7311e-06,-0.03765019
2.73115e-06,-0.03730077
2.7312e-06,-0.0369164
2.73125e-06,-0.03664657
2.7313e-06,-0.03643692
2.73135e-06,-0.03610109
2.7314e-06,-0.03560025
2.73145e-06,-0.03511882
2.7315e-06,-0.03484511
2.73155e-06,-0.03473252
2.7316e-06,-0.03458498
2.73165e-06,-0.03432486
2.7317e-06,-0.03408415
2.73175e-06,-0.03398126
2.7318e-06,-0.03394438
2.73185e-06,-0.03379296
2.7319e-06,-0.03348042
2.73195e-06,-0.03317177
2.732e-06,-0.03305529
2.73205e-06,-0.03311159
2.7321e-06,-0.03313488
2.73215e-06,-0.03302035
2.7322e-06,-0.03289999
2.73225e-06,-0.03293882
2.7323e-06,-0.03307471
2.73235e-06,-0.03311935
2.7324e-06,-0.03305141
2.73245e-06,-0.0330417
2.7325e-06,-0.0332203
2.73255e-06,-0.03349983
2.7326e-06,-0.03369202
2.73265e-06,-0.03371725
2.7327e-06,-0.03365707
2.73275e-06,-0.03367455
2.7328e-06,-0.03388032
2.73285e-06,-0.0342278
2.7329e-06,-0.03451898
2.73295e-06,-0.03459857
2.733e-06,-0.03458498
2.73305e-06,-0.03475969
2.7331e-06,-0.03520424
2.73315e-06,-0.03562548
2.7332e-06,-0.03566625
2.73325e-06,-0.03532265
2.7333e-06,-0.03494411
2.73335e-06,-0.03484899
2.7334e-06,-0.035014
2.73345e-06,-0.03515376
2.7335e-06,-0.03500817
2.73355e-06,-0.03459469
2.7336e-06,-0.03417538
2.73365e-06,-0.03399679
2.7337e-06,-0.03403561
2.73375e-06,-0.03405309
2.7338e-06,-0.03388226
2.73385e-06,-0.03362796
2.7339e-06,-0.03357748
2.73395e-06,-0.03386285
2.734e-06,-0.03429574
2.73405e-06,-0.03455975
2.7341e-06,-0.03455392
2.73415e-06,-0.0344588
2.7342e-06,-0.03448016
2.73425e-06,-0.03458887
2.7343e-06,-0.03461022
2.73435e-06,-0.0344821
2.7344e-06,-0.03432098
2.73445e-06,-0.03422391
2.7345e-06,-0.03412103
2.73455e-06,-0.03390943
2.7346e-06,-0.03364737
2.73465e-06,-0.03347848
2.7347e-06,-0.03345713
2.73475e-06,-0.03352701
2.7348e-06,-0.03363378
2.73485e-06,-0.03378908
2.7349e-06,-0.03399485
2.73495e-06,-0.03421421
2.735e-06,-0.03443939
2.73505e-06,-0.03470922
2.7351e-06,-0.0350237
2.73515e-06,-0.03532653
2.7352e-06,-0.03561578
2.73525e-06,-0.03596908
2.7353e-06,-0.03635539
2.73535e-06,-0.03657086
2.7354e-06,-0.03646992
2.73545e-06,-0.03621368
2.7355e-06,-0.03613215
2.73555e-06,-0.03633597
2.7356e-06,-0.03659998
2.73565e-06,-0.03664075
2.7357e-06,-0.03641362
2.73575e-06,-0.03610109
2.7358e-06,-0.03590114
2.73585e-06,-0.03588755
2.7359e-06,-0.03600791
2.73595e-06,-0.03616515
2.736e-06,-0.03632044
2.73605e-06,-0.03648933
2.7361e-06,-0.03671646
2.73615e-06,-0.03699988
2.7362e-06,-0.03731241
2.73625e-06,-0.03764631
2.7363e-06,-0.03800932
2.73635e-06,-0.03837427
2.7364e-06,-0.03867516
2.73645e-06,-0.03886346
2.7365e-06,-0.0389547
2.73655e-06,-0.03896052
2.7366e-06,-0.0388421
2.73665e-06,-0.03856063
2.7367e-06,-0.0381782
2.73675e-06,-0.03782684
2.7368e-06,-0.03756672
2.73685e-06,-0.03734347
2.7369e-06,-0.03707752
2.73695e-06,-0.03674752
2.737e-06,-0.03639421
2.73705e-06,-0.03607197
2.7371e-06,-0.03580214
2.73715e-06,-0.03554783
2.7372e-06,-0.03526053
2.73725e-06,-0.03493246
2.7373e-06,-0.03461993
2.73735e-06,-0.03438698
2.7374e-06,-0.03422586
2.73745e-06,-0.03403561
2.7375e-06,-0.03369978
2.73755e-06,-0.03321059
2.7376e-06,-0.03273887
2.73765e-06,-0.03249234
2.7377e-06,-0.03250787
2.73775e-06,-0.0325894
2.7378e-06,-0.03251951
2.73785e-06,-0.0322788
2.7379e-06,-0.03204197
2.73795e-06,-0.03197403
2.738e-06,-0.03207885
2.73805e-06,-0.03220503
2.7381e-06,-0.03221086
2.73815e-06,-0.03212544
2.7382e-06,-0.03213321
2.73825e-06,-0.03234286
2.7383e-06,-0.03262628
2.73835e-06,-0.03277381
2.7384e-06,-0.0328437
2.73845e-06,-0.03311935
2.7385e-06,-0.03368231
2.73855e-06,-0.03422197
2.7386e-06,-0.03441804
2.73865e-06,-0.0343831
2.7387e-06,-0.03450151
2.73875e-06,-0.03489558
2.7388e-06,-0.03528383
2.73885e-06,-0.03540418
2.7389e-06,-0.03539642
2.73895e-06,-0.03559248
2.739e-06,-0.03605838
2.73905e-06,-0.03652622
2.7391e-06,-0.0367514
2.73915e-06,-0.03679216
2.7392e-06,-0.03685234
2.73925e-06,-0.03698435
2.7393e-06,-0.03709111
2.73935e-06,-0.0371377
2.7394e-06,-0.03717265
2.73945e-06,-0.03714741
2.7395e-06,-0.03692805
2.73955e-06,-0.03652622
2.7396e-06,-0.03617097
2.73965e-06,-0.03602344
2.7397e-06,-0.03595743
2.73975e-06,-0.03573031
2.7398e-06,-0.03534012
2.73985e-06,-0.035047
2.7399e-06,-0.03503923
2.73995e-06,-0.03519453
2.74e-06,-0.03525277
2.74005e-06,-0.03514212
2.7401e-06,-0.03503341
2.74015e-06,-0.03512465
2.7402e-06,-0.03541001
2.74025e-06,-0.03570313
2.7403e-06,-0.03582931
2.74035e-06,-0.03578661
2.7404e-06,-0.03573031
2.74045e-06,-0.03583514
2.7405e-06,-0.0361205
2.74055e-06,-0.03640004
2.7406e-06,-0.03644468
2.74065e-06,-0.03624668
2.7407e-06,-0.03601179
2.74075e-06,-0.03591084
2.7408e-06,-0.0359089
2.74085e-06,-0.03589337
2.7409e-06,-0.03585067
2.74095e-06,-0.03581961
2.741e-06,-0.03580408
2.74105e-06,-0.03581378
2.7411e-06,-0.03592055
2.74115e-06,-0.03617679
2.7412e-06,-0.0364738
2.74125e-06,-0.03665822
2.7413e-06,-0.03674752
2.74135e-06,-0.0369067
2.7414e-06,-0.0372037
2.74145e-06,-0.03751236
2.7415e-06,-0.03767542
2.74155e-06,-0.03771037
2.7416e-06,-0.03774919
2.74165e-06,-0.03784819
2.7417e-06,-0.03790449
2.74175e-06,-0.03780937
2.7418e-06,-0.03759972
2.74185e-06,-0.0374153
2.7419e-06,-0.03733959
2.74195e-06,-0.037293
2.742e-06,-0.0371377
2.74205e-06,-0.03685234
2.7421e-06,-0.03659998
2.74215e-06,-0.03654563
2.7422e-06,-0.03664657
2.74225e-06,-0.03668734
2.7423e-06,-0.03656116
2.74235e-06,-0.03639421
2.7424e-06,-0.03636509
2.74245e-06,-0.03646021
2.7425e-06,-0.03650486
2.74255e-06,-0.03638839
2.7426e-06,-0.03618262
2.74265e-06,-0.03604285
2.7427e-06,-0.03603314
2.74275e-06,-0.03605838
2.7428e-06,-0.03596132
2.74285e-06,-0.0356779
2.7429e-06,-0.03533624
2.74295e-06,-0.03511688
2.743e-06,-0.03504894
2.74305e-06,-0.03498099
2.7431e-06,-0.03477522
2.74315e-06,-0.03447239
2.7432e-06,-0.03422003
2.74325e-06,-0.03408609
2.7433e-06,-0.0339832
2.74335e-06,-0.03377161
2.7434e-06,-0.03343383
2.74345e-06,-0.03310576
2.7435e-06,-0.03291358
2.74355e-06,-0.03282235
2.7436e-06,-0.03272722
2.74365e-06,-0.03261852
2.7437e-06,-0.03256222
2.74375e-06,-0.0325661
2.7438e-06,-0.03256416
2.74385e-06,-0.03254087
2.7439e-06,-0.0325564
2.74395e-06,-0.03265346
2.744e-06,-0.03277381
2.74405e-06,-0.03280487
2.7441e-06,-0.03270781
2.74415e-06,-0.03257387
2.7442e-06,-0.0325331
2.74425e-06,-0.03264375
2.7443e-06,-0.03282817
2.74435e-06,-0.03292911
2.7444e-06,-0.03283205
2.74445e-06,-0.03257387
2.7445e-06,-0.03233704
2.74455e-06,-0.03227104
2.7446e-06,-0.0323448
2.74465e-06,-0.0324011
2.7447e-06,-0.03236033
2.74475e-06,-0.0323021
2.7448e-06,-0.0323448
2.74485e-06,-0.03248069
2.7449e-06,-0.03260687
2.74495e-06,-0.03263987
2.745e-06,-0.03257581
2.74505e-06,-0.03248845
2.7451e-06,-0.03248845
2.74515e-06,-0.03263016
2.7452e-06,-0.03281264
2.74525e-06,-0.03290194
2.7453e-06,-0.03290194
2.74535e-06,-0.03291552
2.7454e-06,-0.03296211
2.74545e-06,-0.03295435
2.7455e-06,-0.03290388
2.74555e-06,-0.03294464
2.7456e-06,-0.03313294
2.74565e-06,-0.03331542
2.7457e-06,-0.03334648
2.74575e-06,-0.03329795
2.7458e-06,-0.0333523
2.74585e-06,-0.03356195
2.7459e-06,-0.03379684
2.74595e-06,-0.03393661
2.746e-06,-0.03398514
2.74605e-06,-0.03403561
2.7461e-06,-0.03415597
2.74615e-06,-0.0343268
2.7462e-06,-0.03447045
2.74625e-06,-0.03452869
2.7463e-06,-0.03451122
2.74635e-06,-0.03450345
2.7464e-06,-0.03459663
2.74645e-06,-0.03478881
2.7465e-06,-0.03496352
2.74655e-06,-0.03496546
2.7466e-06,-0.0347364
2.74665e-06,-0.03439863
2.7467e-06,-0.03415403
2.74675e-06,-0.03408609
2.7468e-06,-0.03409385
2.74685e-06,-0.0340492
2.7469e-06,-0.03394632
2.74695e-06,-0.03384343
2.747e-06,-0.03371919
2.74705e-06,-0.03354837
2.7471e-06,-0.03340471
2.74715e-06,-0.03337365
2.7472e-06,-0.03336977
2.74725e-06,-0.03320865
2.7473e-06,-0.03286311
2.74735e-06,-0.0325234
2.7474e-06,-0.03236616
2.74745e-06,-0.03235839
2.7475e-06,-0.03235063
2.74755e-06,-0.03227686
2.7476e-06,-0.03218562
2.74765e-06,-0.03214874
2.7477e-06,-0.03219727
2.74775e-06,-0.03233704
2.7478e-06,-0.0325661
2.74785e-06,-0.0328107
2.7479e-06,-0.03294464
2.74795e-06,-0.03293494
2.748e-06,-0.03292911
2.74805e-06,-0.03309994
2.7481e-06,-0.0333756
2.74815e-06,-0.03349401
2.7482e-06,-0.03333677
2.74825e-06,-0.03311741
2.7483e-06,-0.03312518
2.74835e-06,-0.03335813
2.7484e-06,-0.03354254
2.74845e-06,-0.03345519
2.7485e-06,-0.03315818
2.74855e-06,-0.03292523
2.7486e-06,-0.03294853
2.74865e-06,-0.03317371
2.7487e-06,-0.03336201
2.74875e-06,-0.03335036
2.7488e-06,-0.03320477
2.74885e-06,-0.033098
2.7489e-06,-0.03310382
2.74895e-06,-0.03314071
2.749e-06,-0.03313488
2.74905e-06,-0.03311547
2.7491e-06,-0.03312518
2.74915e-06,-0.03312906
2.7492e-06,-0.03308247
2.74925e-06,-0.03303394
2.7493e-06,-0.03303394
2.74935e-06,-0.03303394
2.7494e-06,-0.03293882
2.74945e-06,-0.03277187
2.7495e-06,-0.03262822
2.74955e-06,-0.03252922
2.7496e-06,-0.03241469
2.74965e-06,-0.03228851
2.7497e-06,-0.03223998
2.74975e-06,-0.03227104
2.7498e-06,-0.03225551
2.74985e-06,-0.03210991
2.7499e-06,-0.03195461
2.74995e-06,-0.03197597
2.75e-06,-0.03217009
2.75005e-06,-0.03234286
2.7501e-06,-0.03235063
2.75015e-06,-0.03223803
2.7502e-06,-0.03213515
2.75025e-06,-0.03211962
2.7503e-06,-0.03218756
2.75035e-06,-0.03229821
2.7504e-06,-0.03239527
2.75045e-06,-0.03243992
2.7505e-06,-0.03243216
2.75055e-06,-0.03241469
2.7506e-06,-0.03242439
2.75065e-06,-0.03245545
2.7507e-06,-0.03247098
2.75075e-06,-0.03247098
2.7508e-06,-0.03250592
2.75085e-06,-0.03262628
2.7509e-06,-0.0328107
2.75095e-06,-0.03296988
2.751e-06,-0.03302423
2.75105e-06,-0.03299511
2.7511e-06,-0.03302229
2.75115e-06,-0.03322612
2.7512e-06,-0.03353866
2.75125e-06,-0.03376384
2.7513e-06,-0.03382208
2.75135e-06,-0.03385508
2.7514e-06,-0.03401814
2.75145e-06,-0.03425692
2.7515e-06,-0.0344258
2.75155e-06,-0.03451704
2.7516e-06,-0.03466652
2.75165e-06,-0.03492858
2.7517e-06,-0.03517706
2.75175e-06,-0.0352683
2.7518e-06,-0.03520618
2.75185e-06,-0.03513823
2.7519e-06,-0.03520618
2.75195e-06,-0.03541389
2.752e-06,-0.03563325
2.75205e-06,-0.03574584
2.7521e-06,-0.03578466
2.75215e-06,-0.03587978
2.7522e-06,-0.03605061
2.75225e-06,-0.03615932
2.7523e-06,-0.03611273
2.75235e-06,-0.03602926
2.7524e-06,-0.0360875
2.75245e-06,-0.03626221
2.7525e-06,-0.03633986
2.75255e-06,-0.0361865
2.7526e-06,-0.03591279
2.75265e-06,-0.03571866
2.7527e-06,-0.03566819
2.75275e-06,-0.03563907
2.7528e-06,-0.03548183
2.75285e-06,-0.03518871
2.7529e-06,-0.03490529
2.75295e-06,-0.03479075
2.753e-06,-0.03484123
2.75305e-06,-0.03488587
2.7531e-06,-0.03479075
2.75315e-06,-0.03460051
2.7532e-06,-0.0344491
2.75325e-06,-0.03437533
2.7533e-06,-0.03431127
2.75335e-06,-0.03419674
2.7534e-06,-0.03406085
2.75345e-06,-0.03396379
2.7535e-06,-0.03393273
2.75355e-06,-0.0339502
2.7536e-06,-0.03399873
2.75365e-06,-0.0340492
2.7537e-06,-0.03405891
2.75375e-06,-0.0340395
2.7538e-06,-0.03408997
2.75385e-06,-0.03428409
2.7539e-06,-0.0345481
2.75395e-06,-0.03475387
2.754e-06,-0.03491305
2.75405e-06,-0.03514988
2.7541e-06,-0.03547019
2.75415e-06,-0.03574972
2.7542e-06,-0.03592249
2.75425e-06,-0.03607197
2.7543e-06,-0.03627191
2.75435e-06,-0.03645245
2.7544e-06,-0.0365068
2.75445e-06,-0.03645633
2.7545e-06,-0.03640974
2.75455e-06,-0.03642721
2.7546e-06,-0.03646992
2.75465e-06,-0.03648157
2.7547e-06,-0.03644662
2.75475e-06,-0.03638062
2.7548e-06,-0.03633015
2.75485e-06,-0.03633209
2.7549e-06,-0.03636509
2.75495e-06,-0.03632627
2.755e-06,-0.03612826
2.75505e-06,-0.03581572
2.7551e-06,-0.03552842
2.75515e-06,-0.0353343
2.7552e-06,-0.03518094
2.75525e-06,-0.03496546
2.7553e-06,-0.03464904
2.75535e-06,-0.03427633
2.7554e-06,-0.03393079
2.75545e-06,-0.03366678
2.7555e-06,-0.03344936
2.75555e-06,-0.033197
2.7556e-06,-0.0328767
2.75565e-06,-0.03253504
2.7557e-06,-0.03221862
2.75575e-06,-0.03191773
2.7558e-06,-0.03161102
2.75585e-06,-0.03132954
2.7559e-06,-0.03112765
2.75595e-06,-0.03098206
2.756e-06,-0.03080346
2.75605e-06,-0.03056081
2.7561e-06,-0.03035504
2.75615e-06,-0.03029098
2.7562e-06,-0.03034533
2.75625e-06,-0.03039386
2.7563e-06,-0.03037251
2.75635e-06,-0.03032592
2.7564e-06,-0.03033951
2.75645e-06,-0.03044045
2.7565e-06,-0.03055887
2.75655e-06,-0.03057246
2.7566e-06,-0.0304191
2.75665e-06,-0.0301978
2.7567e-06,-0.03008909
2.75675e-06,-0.0301415
2.7568e-06,-0.03020945
2.75685e-06,-0.03015703
2.7569e-06,-0.03007162
2.75695e-06,-0.03015703
2.757e-06,-0.03046569
2.75705e-06,-0.03082288
2.7571e-06,-0.03103059
2.75715e-06,-0.03108106
2.7572e-06,-0.03111988
2.75725e-06,-0.03123248
2.7573e-06,-0.03136448
2.75735e-06,-0.03144407
2.7574e-06,-0.03149843
2.75745e-06,-0.03159355
2.7575e-06,-0.03173526
2.75755e-06,-0.03188861
2.7576e-06,-0.03204391
2.75765e-06,-0.03221862
2.7577e-06,-0.03241469
2.75775e-06,-0.03261852
2.7578e-06,-0.0328107
2.75785e-06,-0.03293494
2.7579e-06,-0.03293688
2.75795e-06,-0.03283593
2.758e-06,-0.03275828
2.75805e-06,-0.03282235
2.7581e-06,-0.03300094
2.75815e-06,-0.03313877
2.7582e-06,-0.03312712
2.75825e-06,-0.03301259
2.7583e-06,-0.0329427
2.75835e-06,-0.03297958
2.7584e-06,-0.03304947
2.75845e-06,-0.03306112
2.7585e-06,-0.03302812
2.75855e-06,-0.03300288
2.7586e-06,-0.03298153
2.75865e-06,-0.032933
2.7587e-06,-0.0328534
2.75875e-06,-0.03273693
2.7588e-06,-0.0325564
2.75885e-06,-0.03233898
2.7589e-06,-0.0321798
2.75895e-06,-0.03210797
2.759e-06,-0.03202256
2.75905e-06,-0.03181873
2.7591e-06,-0.03156831
2.75915e-06,-0.03146931
2.7592e-06,-0.03160131
2.75925e-06,-0.03183232
2.7593e-06,-0.03200509
2.75935e-06,-0.03211962
2.7594e-06,-0.03225356
2.75945e-06,-0.03241663
2.7595e-06,-0.03255834
2.75955e-06,-0.03269811
2.7596e-06,-0.03291941
2.75965e-06,-0.03323583
2.7597e-06,-0.03354254
2.75975e-06,-0.03370755
2.7598e-06,-0.03375025
2.75985e-06,-0.0338609
2.7599e-06,-0.03418897
2.75995e-06,-0.03463934
2.76e-06,-0.03494411
2.76005e-06,-0.03498682
2.7601e-06,-0.03492858
2.76015e-06,-0.03499264
2.7602e-06,-0.03520424
2.76025e-06,-0.0354003
2.7603e-06,-0.03543524
2.76035e-06,-0.0353013
2.7604e-06,-0.03511882
2.76045e-06,-0.03503923
2.7605e-06,-0.03511494
2.76055e-06,-0.03521006
2.7606e-06,-0.03512853
2.76065e-06,-0.0348684
2.7607e-06,-0.03464128
2.76075e-06,-0.03458498
2.7608e-06,-0.03459275
2.76085e-06,-0.03449375
2.7609e-06,-0.03430739
2.76095e-06,-0.03417538
2.761e-06,-0.03414238
2.76105e-06,-0.03410938
2.7611e-06,-0.03400067
2.76115e-06,-0.03383373
2.7612e-06,-0.03366678
2.76125e-06,-0.03350372
2.7613e-06,-0.03332901
2.76135e-06,-0.03317177
2.7614e-06,-0.03305335
2.76145e-06,-0.03292717
2.7615e-06,-0.03271752
2.76155e-06,-0.0324438
2.7616e-06,-0.03225551
2.76165e-06,-0.03227492
2.7617e-06,-0.03245157
2.76175e-06,-0.03260493
2.7618e-06,-0.03263987
2.76185e-06,-0.03261852
2.7619e-06,-0.03262628
2.76195e-06,-0.03263987
2.762e-06,-0.03259716
2.76205e-06,-0.03252145
2.7621e-06,-0.03250981
2.76215e-06,-0.03256998
2.7622e-06,-0.03258551
2.76225e-06,-0.03246128
2.7623e-06,-0.03225745
2.76235e-06,-0.0321468
2.7624e-06,-0.03220892
2.76245e-06,-0.03231957
2.7625e-06,-0.03227492
2.76255e-06,-0.03202838
2.7626e-06,-0.03176826
2.76265e-06,-0.03172167
2.7627e-06,-0.03188279
2.76275e-06,-0.03200703
2.7628e-06,-0.03190414
2.76285e-06,-0.03165566
2.7629e-06,-0.03149066
2.76295e-06,-0.03149454
2.763e-06,-0.03153919
2.76305e-06,-0.03148872
2.7631e-06,-0.03136448
2.76315e-06,-0.03126936
2.7632e-06,-0.03125383
2.76325e-06,-0.03126354
2.7633e-06,-0.03124218
2.76335e-06,-0.03117424
2.7634e-06,-0.03107912
2.76345e-06,-0.031017
2.7635e-06,-0.03104612
2.76355e-06,-0.03116259
2.7636e-06,-0.03125965
2.76365e-06,-0.03122471
2.7637e-06,-0.03110436
2.76375e-06,-0.03108106
2.7638e-06,-0.03122859
2.76385e-06,-0.03140525
2.7639e-06,-0.03145766
2.76395e-06,-0.0314596
2.764e-06,-0.03160713
2.76405e-06,-0.03192355
2.7641e-06,-0.03221668
2.76415e-06,-0.03231568
2.7642e-06,-0.03226133
2.76425e-06,-0.03223998
2.7643e-06,-0.0323681
2.76435e-06,-0.0325991
2.7644e-06,-0.0327874
2.76445e-06,-0.03284952
2.7645e-06,-0.03285535
2.76455e-06,-0.03294076
2.7646e-06,-0.03313877
2.76465e-06,-0.03336201
2.7647e-06,-0.03350372
2.76475e-06,-0.03356195
2.7648e-06,-0.03362602
2.76485e-06,-0.03378325
2.7649e-06,-0.03401814
2.76495e-06,-0.03422974
2.765e-06,-0.03434233
2.76505e-06,-0.03438504
2.7651e-06,-0.03444133
2.76515e-06,-0.0345481
2.7652e-06,-0.03465875
2.76525e-06,-0.03474028
2.7653e-06,-0.03480046
2.76535e-06,-0.03486064
2.7654e-06,-0.0348917
2.76545e-06,-0.03486646
2.7655e-06,-0.03483734
2.76555e-06,-0.03488393
2.7656e-06,-0.03497129
2.76565e-06,-0.03492664
2.7657e-06,-0.0346704
2.76575e-06,-0.03433845
2.7658e-06,-0.03414432
2.76585e-06,-0.03411521
2.7659e-06,-0.03408609
2.76595e-06,-0.03392885
2.766e-06,-0.03370172
2.76605e-06,-0.03356584
2.7661e-06,-0.03358719
2.76615e-06,-0.03367455
2.7662e-06,-0.03365707
2.76625e-06,-0.03346878
2.7663e-06,-0.03322224
2.76635e-06,-0.03310771
2.7664e-06,-0.03315818
2.76645e-06,-0.03318536
2.7665e-06,-0.03295629
2.76655e-06,-0.0324671
2.7666e-06,-0.03197209
2.76665e-06,-0.03171778
2.7667e-06,-0.03167702
2.76675e-06,-0.03160325
2.7668e-06,-0.03134119
2.76685e-06,-0.03102671
2.7669e-06,-0.03092576
2.76695e-06,-0.03109077
2.767e-06,-0.03127324
2.76705e-06,-0.03120724
2.7671e-06,-0.03094129
2.76715e-06,-0.03078405
2.7672e-06,-0.03091994
2.76725e-06,-0.03117424
2.7673e-06,-0.03123442
2.76735e-06,-0.03104612
2.7674e-06,-0.03083647
2.76745e-06,-0.03081317
2.7675e-06,-0.03093159
2.76755e-06,-0.03101312
2.7676e-06,-0.03099565
2.76765e-06,-0.03098594
2.7677e-06,-0.03108688
2.76775e-06,-0.03122859
2.7678e-06,-0.03125965
2.76785e-06,-0.03113736
2.7679e-06,-0.030984
2.76795e-06,-0.03093741
2.768e-06,-0.03098206
2.76805e-06,-0.0309937
2.7681e-06,-0.03089276
2.76815e-06,-0.0307297
2.7682e-06,-0.03061905
2.76825e-06,-0.03062875
2.7683e-06,-0.03073358
2.76835e-06,-0.03084035
2.7684e-06,-0.03083841
2.76845e-06,-0.0307064
2.7685e-06,-0.03056858
2.76855e-06,-0.03059769
2.7686e-06,-0.03080346
2.76865e-06,-0.03097235
2.7687e-06,-0.03090635
2.76875e-06,-0.03067923
2.7688e-06,-0.03055305
2.76885e-06,-0.03065011
2.7689e-06,-0.03081123
2.76895e-06,-0.03083064
2.769e-06,-0.03071999
2.76905e-06,-0.03067534
2.7691e-06,-0.03079958
2.76915e-06,-0.030984
2.7692e-06,-0.031083
2.76925e-06,-0.03112959
2.7693e-06,-0.03124412
2.76935e-06,-0.03143631
2.7694e-06,-0.03157802
2.76945e-06,-0.03161878
2.7695e-06,-0.03169449
2.76955e-06,-0.03196238
2.7696e-06,-0.03236033
2.76965e-06,-0.03263405
2.7697e-06,-0.03262434
2.76975e-06,-0.03248263
2.7698e-06,-0.03249816
2.76985e-06,-0.03277381
2.7699e-06,-0.03312518
2.76995e-06,-0.03333871
2.77e-06,-0.0334183
2.77005e-06,-0.03350178
2.7701e-06,-0.03364349
2.77015e-06,-0.03378131
2.7702e-06,-0.03388226
2.77025e-06,-0.03397155
2.7703e-06,-0.03403367
2.77035e-06,-0.0340162
2.7704e-06,-0.03392496
2.77045e-06,-0.03384343
2.7705e-06,-0.03382402
2.77055e-06,-0.03382984
2.7706e-06,-0.0337949
2.77065e-06,-0.03371337
2.7707e-06,-0.0336299
2.77075e-06,-0.03358719
2.7708e-06,-0.03358137
2.77085e-06,-0.03357748
2.7709e-06,-0.03355031
2.77095e-06,-0.03350372
2.771e-06,-0.0334416
2.77105e-06,-0.03335424
2.7711e-06,-0.03323
2.77115e-06,-0.03309024
2.7712e-06,-0.03297958
2.77125e-06,-0.03291552
2.7713e-06,-0.03285146
2.77135e-06,-0.0327214
2.7714e-06,-0.03254087
2.77145e-06,-0.03243022
2.7715e-06,-0.03246128
2.77155e-06,-0.03253698
2.7716e-06,-0.03249039
2.77165e-06,-0.03232733
2.7717e-06,-0.0322225
2.77175e-06,-0.03226327
2.7718e-06,-0.03229627
2.77185e-06,-0.03214097
2.7719e-06,-0.03185949
2.77195e-06,-0.0317042
2.772e-06,-0.03179932
2.77205e-06,-0.03197209
2.7721e-06,-0.03197597
2.77215e-06,-0.03178573
2.7722e-06,-0.03159937
2.77225e-06,-0.03157413
2.7723e-06,-0.03165955
2.77235e-06,-0.03171584
2.7724e-06,-0.03171002
2.77245e-06,-0.03170225
2.7725e-06,-0.03171002
2.77255e-06,-0.03167314
2.7726e-06,-0.03156831
2.77265e-06,-0.03143436
2.7727e-06,-0.03129848
2.77275e-06,-0.03114512
2.7728e-06,-0.03099759
2.77285e-06,-0.03092576
2.7729e-06,-0.03093935
2.77295e-06,-0.03094323
2.773e-06,-0.03086364
2.77305e-06,-0.03071417
2.7731e-06,-0.03054722
2.77315e-06,-0.03039969
2.7732e-06,-0.03029292
2.77325e-06,-0.03024439
2.7733e-06,-0.03023857
2.77335e-06,-0.03022304
2.7734e-06,-0.03017062
2.77345e-06,-0.03007162
2.7735e-06,-0.02989885
2.77355e-06,-0.02967173
2.7736e-06,-0.02948731
2.77365e-06,-0.02941548
2.7737e-06,-0.02936889
2.77375e-06,-0.02918642
2.7738e-06,-0.02887776
2.77385e-06,-0.02863123
2.7739e-06,-0.02855164
2.77395e-06,-0.0285264
2.774e-06,-0.02843904
2.77405e-06,-0.0283381
2.7741e-06,-0.02832257
2.77415e-06,-0.02832839
2.7742e-06,-0.02821968
2.77425e-06,-0.02801391
2.7743e-06,-0.02787997
2.77435e-06,-0.02789356
2.7744e-06,-0.02791297
2.77445e-06,-0.02778873
2.7745e-06,-0.02760431
2.77455e-06,-0.02761208
2.7746e-06,-0.02791103
2.77465e-06,-0.02828763
2.7747e-06,-0.02848175
2.77475e-06,-0.02848563
2.7748e-06,-0.02850505
2.77485e-06,-0.02867199
2.7749e-06,-0.02892047
2.77495e-06,-0.02913401
2.775e-06,-0.02927377
2.77505e-06,-0.02937278
2.7751e-06,-0.02947566
2.77515e-06,-0.02964843
2.7752e-06,-0.02994156
2.77525e-06,-0.03031039
2.7753e-06,-0.03063846
2.77535e-06,-0.03087141
2.7754e-06,-0.0310733
2.77545e-06,-0.0313373
2.7755e-06,-0.03165761
2.77555e-06,-0.0319585
2.7756e-06,-0.03221862
2.77565e-06,-0.03247292
2.7757e-06,-0.03272334
2.77575e-06,-0.03291358
2.7758e-06,-0.03301841
2.77585e-06,-0.03309606
2.7759e-06,-0.03320477
2.77595e-06,-0.03333095
2.776e-06,-0.03340471
2.77605e-06,-0.0333853
2.7761e-06,-0.03330571
2.77615e-06,-0.0332533
2.7762e-06,-0.03327465
2.77625e-06,-0.03333483
2.7763e-06,-0.03336783
2.77635e-06,-0.0333523
2.7764e-06,-0.03330765
2.77645e-06,-0.03323971
2.7765e-06,-0.03314071
2.77655e-06,-0.03302035
2.7766e-06,-0.03290582
2.77665e-06,-0.0328107
2.7767e-06,-0.03272722
2.77675e-06,-0.03263599
2.7768e-06,-0.03252728
2.77685e-06,-0.03241663
2.7769e-06,-0.03233315
2.77695e-06,-0.03230598
2.777e-06,-0.03234674
2.77705e-06,-0.03244575
2.7771e-06,-0.03255446
2.77715e-06,-0.03259134
2.7772e-06,-0.03250981
2.77725e-06,-0.03236227
2.7773e-06,-0.0322458
2.77735e-06,-0.03220892
2.7774e-06,-0.03220503
2.77745e-06,-0.03216815
2.7775e-06,-0.03208274
2.77755e-06,-0.03201673
2.7776e-06,-0.03204003
2.77765e-06,-0.03215456
2.7777e-06,-0.0322788
2.77775e-06,-0.03235063
2.7778e-06,-0.03237974
2.77785e-06,-0.03242828
2.7779e-06,-0.03252922
2.77795e-06,-0.03266122
2.778e-06,-0.03276411
2.77805e-06,-0.03278934
2.7781e-06,-0.03273693
2.77815e-06,-0.03266511
2.7782e-06,-0.03263599
2.77825e-06,-0.03265928
2.7783e-06,-0.03267287
2.77835e-06,-0.03260104
2.7784e-06,-0.03246516
2.77845e-06,-0.03239333
2.7785e-06,-0.03247292
2.77855e-06,-0.03260104
2.7786e-06,-0.03259328
2.77865e-06,-0.03241469
2.7787e-06,-0.03223803
2.77875e-06,-0.03219339
2.7788e-06,-0.03219921
2.77885e-06,-0.03210603
2.7789e-06,-0.03191385
2.77895e-06,-0.0317469
2.779e-06,-0.03165955
2.77905e-06,-0.03156249
2.7791e-06,-0.03135089
2.77915e-06,-0.0310733
2.7792e-06,-0.03087917
2.77925e-06,-0.03085394
2.7793e-06,-0.03091606
2.77935e-06,-0.03089858
2.7794e-06,-0.0307297
2.77945e-06,-0.03049869
2.7795e-06,-0.03035116
2.77955e-06,-0.03034533
2.7796e-06,-0.03040745
2.77965e-06,-0.03040745
2.7797e-06,-0.03028321
2.77975e-06,-0.03010656
2.7798e-06,-0.02999785
2.77985e-06,-0.02999009
2.7799e-06,-0.02999979
2.77995e-06,-0.0299532
2.78e-06,-0.02989691
2.78005e-06,-0.02993767
2.7801e-06,-0.03009103
2.78015e-06,-0.03025021
2.7802e-06,-0.03031816
2.78025e-06,-0.03031427
2.7803e-06,-0.03031816
2.78035e-06,-0.03036475
2.7804e-06,-0.03041716
2.78045e-06,-0.03043463
2.7805e-06,-0.03041328
2.78055e-06,-0.03038028
2.7806e-06,-0.03037833
2.78065e-06,-0.03043269
2.7807e-06,-0.03054916
2.78075e-06,-0.03069476
2.7808e-06,-0.03082482
2.78085e-06,-0.030918
2.7809e-06,-0.0309937
2.78095e-06,-0.03107912
2.781e-06,-0.03117812
2.78105e-06,-0.03127518
2.7811e-06,-0.03136642
2.78115e-06,-0.03145378
2.7812e-06,-0.03152754
2.78125e-06,-0.03155084
2.7813e-06,-0.03150813
2.78135e-06,-0.03144989
2.7814e-06,-0.03146737
2.78145e-06,-0.03158384
2.7815e-06,-0.03171196
2.78155e-06,-0.03174108
2.7816e-06,-0.03167119
2.78165e-06,-0.03159549
2.7817e-06,-0.03158384
2.78175e-06,-0.03161296
2.7818e-06,-0.03162266
2.78185e-06,-0.03159937
2.7819e-06,-0.03158578
2.78195e-06,-0.03163625
2.782e-06,-0.03173526
2.78205e-06,-0.03178961
2.7821e-06,-0.03175079
2.78215e-06,-0.0316809
2.7822e-06,-0.03166343
2.78225e-06,-0.03165955
2.7823e-06,-0.03156831
2.78235e-06,-0.03142078
2.7824e-06,-0.03137807
2.78245e-06,-0.03149066
2.7825e-06,-0.03158578
2.78255e-06,-0.03148678
2.7826e-06,-0.03125965
2.78265e-06,-0.03112765
2.7827e-06,-0.03115483
2.78275e-06,-0.03118395
2.7828e-06,-0.03108494
2.78285e-06,-0.0309277
2.7829e-06,-0.03085782
2.78295e-06,-0.03086947
2.783e-06,-0.03084811
2.78305e-06,-0.03075105
2.7831e-06,-0.03065787
2.78315e-06,-0.03065593
2.7832e-06,-0.03074911
2.78325e-06,-0.03087529
2.7833e-06,-0.03095294
2.78335e-06,-0.03093159
2.7834e-06,-0.03080541
2.78345e-06,-0.03064234
2.7835e-06,-0.03054334
2.78355e-06,-0.03055693
2.7836e-06,-0.03060934
2.78365e-06,-0.03057052
2.7837e-06,-0.03040939
2.78375e-06,-0.03022886
2.7838e-06,-0.03013568
2.78385e-06,-0.03013568
2.7839e-06,-0.03015703
2.78395e-06,-0.03017256
2.784e-06,-0.03020168
2.78405e-06,-0.03024245
2.7841e-06,-0.03022498
2.78415e-06,-0.03009491
2.7842e-06,-0.02989885
2.78425e-06,-0.02973579
2.7843e-06,-0.0296562
2.78435e-06,-0.02961931
2.7844e-06,-0.02955525
2.78445e-06,-0.02945043
2.7845e-06,-0.02934948
2.78455e-06,-0.02929901
2.7846e-06,-0.02931454
2.78465e-06,-0.02935142
2.7847e-06,-0.02932425
2.78475e-06,-0.02918059
2.7848e-06,-0.02901559
2.78485e-06,-0.02900006
2.7849e-06,-0.02914177
2.78495e-06,-0.02922136
2.785e-06,-0.02907771
2.78505e-06,-0.02886806
2.7851e-06,-0.02888359
2.78515e-06,-0.02915148
2.7852e-06,-0.02939995
2.78525e-06,-0.02943684
2.7853e-06,-0.02936501
2.78535e-06,-0.02938831
2.7854e-06,-0.02954555
2.78545e-06,-0.02971443
2.7855e-06,-0.02980567
2.78555e-06,-0.02986003
2.7856e-06,-0.02995709
2.78565e-06,-0.03009491
2.7857e-06,-0.03020362
2.78575e-06,-0.03025992
2.7858e-06,-0.03032786
2.78585e-06,-0.03045598
2.7859e-06,-0.03059187
2.78595e-06,-0.03063264
2.786e-06,-0.03058216
2.78605e-06,-0.03057246
2.7861e-06,-0.0307064
2.78615e-06,-0.03092576
2.7862e-06,-0.03107135
2.78625e-06,-0.03108494
2.7863e-06,-0.03107135
2.78635e-06,-0.03115094
2.7864e-06,-0.03132177
2.78645e-06,-0.03147319
2.7865e-06,-0.0315256
2.78655e-06,-0.0314926
2.7866e-06,-0.03144407
2.78665e-06,-0.03143436
2.7867e-06,-0.03147707
2.78675e-06,-0.03155084
2.7868e-06,-0.03159937
2.78685e-06,-0.03158578
2.7869e-06,-0.03151978
2.78695e-06,-0.03148484
2.787e-06,-0.03155472
2.78705e-06,-0.03170031
2.7871e-06,-0.03179155
2.78715e-06,-0.03171584
2.7872e-06,-0.03153143
2.78725e-06,-0.03141883
2.7873e-06,-0.03149066
2.78735e-06,-0.03166149
2.7874e-06,-0.03175273
2.78745e-06,-0.03168284
2.7875e-06,-0.03152754
2.78755e-06,-0.03142466
2.7876e-06,-0.03143242
2.78765e-06,-0.03150425
2.7877e-06,-0.0315489
2.78775e-06,-0.03153531
2.7878e-06,-0.03152754
2.78785e-06,-0.03158578
2.7879e-06,-0.03168478
2.78795e-06,-0.03173331
2.788e-06,-0.03169061
2.78805e-06,-0.03160131
2.7881e-06,-0.03154696
2.78815e-06,-0.03155084
2.7882e-06,-0.03156054
2.78825e-06,-0.03151978
2.7883e-06,-0.03145184
2.78835e-06,-0.03146154
2.7884e-06,-0.03157996
2.78845e-06,-0.03168867
2.7885e-06,-0.03165178
2.78855e-06,-0.03150619
2.7886e-06,-0.0314596
2.78865e-06,-0.03160519
2.7887e-06,-0.03178767
2.78875e-06,-0.03179349
2.7888e-06,-0.03161684
2.78885e-06,-0.03144601
2.7889e-06,-0.03140136
2.78895e-06,-0.03142078
2.789e-06,-0.03139748
2.78905e-06,-0.03131595
2.7891e-06,-0.03122277
2.78915e-06,-0.0311393
2.7892e-06,-0.03108106
2.78925e-06,-0.03108106
2.7893e-06,-0.03111988
2.78935e-06,-0.03109853
2.7894e-06,-0.03095294
2.78945e-06,-0.03076076
2.7895e-06,-0.03065205
2.78955e-06,-0.03061711
2.7896e-06,-0.03052393
2.78965e-06,-0.0303201
2.7897e-06,-0.03013568
2.78975e-06,-0.03008521
2.7898e-06,-0.03008909
2.78985e-06,-0.02997844
2.7899e-06,-0.02975908
2.78995e-06,-0.02962125
2.79e-06,-0.02967755
2.79005e-06,-0.02979208
2.7901e-06,-0.02973385
2.79015e-06,-0.02946013
2.7902e-06,-0.02917283
2.79025e-06,-0.02908547
2.7903e-06,-0.02918254
2.79035e-06,-0.02924271
2.7904e-06,-0.02910683
2.79045e-06,-0.02885641
2.7905e-06,-0.02870111
2.79055e-06,-0.02871664
2.7906e-06,-0.02877294
2.79065e-06,-0.02873217
2.7907e-06,-0.02864676
2.79075e-06,-0.02866617
2.7908e-06,-0.02878458
2.79085e-06,-0.02883311
2.7909e-06,-0.02872052
2.79095e-06,-0.02857881
2.791e-06,-0.02859046
2.79105e-06,-0.02876323
2.7911e-06,-0.02893406
2.79115e-06,-0.02898259
2.7912e-06,-0.02892823
2.79125e-06,-0.02884088
2.7913e-06,-0.02874964
2.79135e-06,-0.02867976
2.7914e-06,-0.02868946
2.79145e-06,-0.02882341
2.7915e-06,-0.02899812
2.79155e-06,-0.02907965
2.7916e-06,-0.02907965
2.79165e-06,-0.02916118
2.7917e-06,-0.02938637
2.79175e-06,-0.02959602
2.7918e-06,-0.02962125
2.79185e-06,-0.02953778
2.7919e-06,-0.02955331
2.79195e-06,-0.0297222
2.792e-06,-0.0299105
2.79205e-06,-0.03000368
2.7921e-06,-0.03002891
2.79215e-06,-0.03006774
2.7922e-06,-0.03012209
2.79225e-06,-0.03014345
2.7923e-06,-0.03012792
2.79235e-06,-0.03015121
2.7924e-06,-0.03027739
2.79245e-06,-0.03044434
2.7925e-06,-0.03052004
2.79255e-06,-0.0304754
2.7926e-06,-0.03044822
2.79265e-06,-0.03054722
2.7927e-06,-0.03067728
2.79275e-06,-0.03064622
2.7928e-06,-0.03043075
2.79285e-06,-0.03024827
2.7929e-06,-0.03027739
2.79295e-06,-0.0304521
2.793e-06,-0.03056469
2.79305e-06,-0.03052781
2.7931e-06,-0.0304424
2.79315e-06,-0.03042687
2.7932e-06,-0.03047345
2.79325e-06,-0.03050646
2.7933e-06,-0.03049675
2.79335e-06,-0.03047151
2.7934e-06,-0.03044822
2.79345e-06,-0.03040163
2.7935e-06,-0.03033174
2.79355e-06,-0.03028904
2.7936e-06,-0.03030845
2.79365e-06,-0.03033757
2.7937e-06,-0.03030845
2.79375e-06,-0.03024051
2.7938e-06,-0.03021915
2.79385e-06,-0.03027351
2.7939e-06,-0.03034922
2.79395e-06,-0.03038222
2.794e-06,-0.03034533
2.79405e-06,-0.03025215
2.7941e-06,-0.03014733
2.79415e-06,-0.03010462
2.7942e-06,-0.03017645
2.79425e-06,-0.03033369
2.7943e-06,-0.03044822
2.79435e-06,-0.03040551
2.7944e-06,-0.0302308
2.79445e-06,-0.03007356
2.7945e-06,-0.03005997
2.79455e-06,-0.03014733
2.7946e-06,-0.03018809
2.79465e-06,-0.03012792
2.7947e-06,-0.03007162
2.79475e-06,-0.03012209
2.7948e-06,-0.03020945
2.79485e-06,-0.03020362
2.7949e-06,-0.03010268
2.79495e-06,-0.03003085
2.795e-06,-0.03007162
2.79505e-06,-0.03016674
2.7951e-06,-0.03021915
2.79515e-06,-0.03018421
2.7952e-06,-0.03010462
2.79525e-06,-0.03004638
2.7953e-06,-0.03005221
2.79535e-06,-0.03011627
2.7954e-06,-0.03020751
2.79545e-06,-0.03029292
2.7955e-06,-0.03034922
2.79555e-06,-0.03033951
2.7956e-06,-0.03025798
2.79565e-06,-0.03015703
2.7957e-06,-0.03011433
2.79575e-06,-0.03013568
2.7958e-06,-0.03013374
2.79585e-06,-0.0300425
2.7959e-06,-0.02989497
2.79595e-06,-0.02976879
2.796e-06,-0.02969114
2.79605e-06,-0.02964455
2.7961e-06,-0.02961931
2.79615e-06,-0.0296232
2.7962e-06,-0.02964455
2.79625e-06,-0.02965037
2.7963e-06,-0.02961737
2.79635e-06,-0.02955719
2.7964e-06,-0.0295009
2.79645e-06,-0.02946207
2.7965e-06,-0.02940578
2.79655e-06,-0.02930483
2.7966e-06,-0.02920389
2.79665e-06,-0.02916895
2.7967e-06,-0.02919224
2.79675e-06,-0.02916895
2.7968e-06,-0.02904859
2.79685e-06,-0.02892435
2.7969e-06,-0.02892629
2.79695e-06,-0.02908742
2.797e-06,-0.02931842
2.79705e-06,-0.02949702
2.7971e-06,-0.02956496
2.79715e-06,-0.02956884
2.7972e-06,-0.02962902
2.79725e-06,-0.02978238
2.7973e-06,-0.02991826
2.79735e-06,-0.02990467
2.7974e-06,-0.02976879
2.79745e-06,-0.0296892
2.7975e-06,-0.02978238
2.79755e-06,-0.02998815
2.7976e-06,-0.03016092
2.79765e-06,-0.03023468
2.7977e-06,-0.03024827
2.79775e-06,-0.0302541
2.7978e-06,-0.0302541
2.79785e-06,-0.03022304
2.7979e-06,-0.03017451
2.79795e-06,-0.03015315
2.798e-06,-0.03019586
2.79805e-06,-0.0302871
2.7981e-06,-0.03035504
2.79815e-06,-0.03031816
2.7982e-06,-0.03019586
2.79825e-06,-0.03008909
2.7983e-06,-0.03005803
2.79835e-06,-0.0300328
2.7984e-06,-0.02994738
2.79845e-06,-0.02987361
2.7985e-06,-0.02994544
2.79855e-06,-0.03012209
2.7986e-06,-0.03020362
2.79865e-06,-0.03008715
2.7987e-06,-0.02991632
2.79875e-06,-0.02990273
2.7988e-06,-0.03004638
2.79885e-06,-0.03014345
2.7989e-06,-0.03005803
2.79895e-06,-0.02990079
2.799e-06,-0.02985032
2.79905e-06,-0.02992409
2.7991e-06,-0.02998815
2.79915e-06,-0.02999397
2.7992e-06,-0.03004056
2.79925e-06,-0.03018615
2.7993e-06,-0.03033369
2.79935e-06,-0.0303861
2.7994e-06,-0.03039581
2.79945e-06,-0.03048704
2.7995e-06,-0.03065593
2.79955e-06,-0.03077046
2.7996e-06,-0.03074911
2.79965e-06,-0.03065981
2.7997e-06,-0.03061516
2.79975e-06,-0.03061905
2.7998e-06,-0.03058411
2.79985e-06,-0.03046763
2.7999e-06,-0.03034339
2.79995e-06,-0.0302968
2.8e-06,-0.03030651
2.80005e-06,-0.03029098
2.8001e-06,-0.0302308
2.80015e-06,-0.03017451
2.8002e-06,-0.03013374
2.80025e-06,-0.03005221
2.8003e-06,-0.02989497
2.80035e-06,-0.02972414
2.8004e-06,-0.02958437
2.80045e-06,-0.02941937
2.8005e-06,-0.02916312
2.80055e-06,-0.02886612
2.8006e-06,-0.02865064
2.80065e-06,-0.02853805
2.8007e-06,-0.02844681
2.80075e-06,-0.02832063
2.8008e-06,-0.0282061
2.80085e-06,-0.02812068
2.8009e-06,-0.02801974
2.80095e-06,-0.02788385
2.801e-06,-0.02777126
2.80105e-06,-0.02770332
2.8011e-06,-0.02759849
2.80115e-06,-0.02740825
2.8012e-06,-0.02724713
2.80125e-06,-0.0272413
2.8013e-06,-0.02732478
2.80135e-06,-0.02731507
2.8014e-06,-0.0272083
2.80145e-06,-0.02720442
2.8015e-06,-0.02741602
2.80155e-06,-0.02768196
2.8016e-06,-0.02778485
2.80165e-06,-0.02775573
2.8017e-06,-0.0278062
2.80175e-06,-0.02803721
2.8018e-06,-0.02833422
2.80185e-06,-0.02853999
2.8019e-06,-0.02862928
2.80195e-06,-0.0286817
2.802e-06,-0.02876323
2.80205e-06,-0.02888747
2.8021e-06,-0.02901753
2.80215e-06,-0.02912042
2.8022e-06,-0.02919224
2.80225e-06,-0.02928348
2.8023e-06,-0.02944072
2.80235e-06,-0.0296329
2.8024e-06,-0.02976491
2.80245e-06,-0.02979208
2.8025e-06,-0.02979791
2.80255e-06,-0.02990662
2.8026e-06,-0.03012403
2.80265e-06,-0.03030845
2.8027e-06,-0.03034922
2.80275e-06,-0.03030263
2.8028e-06,-0.03028321
2.80285e-06,-0.0302871
2.8029e-06,-0.03023274
2.80295e-06,-0.03012209
2.803e-06,-0.03008327
2.80305e-06,-0.03019198
2.8031e-06,-0.03034533
2.80315e-06,-0.0303628
2.8032e-06,-0.03019974
2.80325e-06,-0.02999397
2.8033e-06,-0.02992215
2.80335e-06,-0.03000756
2.8034e-06,-0.03010462
2.80345e-06,-0.03006191
2.8035e-06,-0.0298872
2.80355e-06,-0.02972414
2.8036e-06,-0.02967949
2.80365e-06,-0.02972608
2.8037e-06,-0.02974938
2.80375e-06,-0.02969308
2.8038e-06,-0.02961737
2.80385e-06,-0.02964261
2.8039e-06,-0.02978626
2.80395e-06,-0.02991632
2.804e-06,-0.02987556
2.80405e-06,-0.0296892
2.8041e-06,-0.02954943
2.80415e-06,-0.02958825
2.8042e-06,-0.0297319
2.80425e-06,-0.02982508
2.8043e-06,-0.02982314
2.80435e-06,-0.02979791
2.8044e-06,-0.02982314
2.80445e-06,-0.02990467
2.8045e-06,-0.03001532
2.80455e-06,-0.03011433
2.8046e-06,-0.03016286
2.80465e-06,-0.03017256
2.8047e-06,-0.03022109
2.80475e-06,-0.03033757
2.8048e-06,-0.0304424
2.80485e-06,-0.0304521
2.8049e-06,-0.03041522
2.80495e-06,-0.03045404
2.805e-06,-0.03056275
2.80505e-06,-0.03058022
2.8051e-06,-0.03041716
2.80515e-06,-0.03019392
2.8052e-06,-0.03011821
2.80525e-06,-0.03023274
2.8053e-06,-0.0303861
2.80535e-06,-0.03041716
2.8054e-06,-0.03030457
2.80545e-06,-0.03014345
2.8055e-06,-0.03004638
2.80555e-06,-0.03008715
2.8056e-06,-0.03022304
2.80565e-06,-0.03026963
2.8057e-06,-0.03005415
2.80575e-06,-0.02964261
2.8058e-06,-0.02932813
2.80585e-06,-0.02930095
2.8059e-06,-0.02940384
2.80595e-06,-0.02933201
2.806e-06,-0.0290253
2.80605e-06,-0.02873799
2.8061e-06,-0.02867976
2.80615e-06,-0.02875546
2.8062e-06,-0.02874382
2.80625e-06,-0.02860599
2.8063e-06,-0.02847787
2.80635e-06,-0.02844487
2.8064e-06,-0.02844681
2.80645e-06,-0.02838275
2.8065e-06,-0.02824104
2.80655e-06,-0.0280935
2.8066e-06,-0.02801391
2.80665e-06,-0.02801391
2.8067e-06,-0.02801197
2.80675e-06,-0.02792268
2.8068e-06,-0.0277635
2.80685e-06,-0.02764314
2.8069e-06,-0.02762179
2.80695e-06,-0.02763926
2.807e-06,-0.02763343
2.80705e-06,-0.02763926
2.8071e-06,-0.02772273
2.80715e-06,-0.02786638
2.8072e-06,-0.02797703
2.80725e-06,-0.02800227
2.8073e-06,-0.02795762
2.80735e-06,-0.02788579
2.8074e-06,-0.02782561
2.80745e-06,-0.02780814
2.8075e-06,-0.02781397
2.80755e-06,-0.0277965
2.8076e-06,-0.02775379
2.80765e-06,-0.0277732
2.8077e-06,-0.02794597
2.80775e-06,-0.02823133
2.8078e-06,-0.02845652
2.80785e-06,-0.02847981
2.8079e-06,-0.02836139
2.80795e-06,-0.02830898
2.808e-06,-0.02843904
2.80805e-06,-0.02863899
2.8081e-06,-0.02871082
2.80815e-06,-0.02859628
2.8082e-06,-0.02842934
2.80825e-06,-0.02836334
2.8083e-06,-0.02840798
2.80835e-06,-0.02847205
2.8084e-06,-0.0285031
2.80845e-06,-0.02852252
2.8085e-06,-0.02857105
2.80855e-06,-0.02860987
2.8086e-06,-0.02857493
2.80865e-06,-0.02847205
2.8087e-06,-0.02839828
2.80875e-06,-0.02841381
2.8088e-06,-0.02845652
2.80885e-06,-0.02841769
2.8089e-06,-0.0283051
2.80895e-06,-0.0282488
2.809e-06,-0.02833034
2.80905e-06,-0.02845457
2.8091e-06,-0.02848175
2.80915e-06,-0.0284274
2.8092e-06,-0.0284604
2.80925e-06,-0.02865258
2.8093e-06,-0.02887388
2.80935e-06,-0.02895541
2.8094e-06,-0.02888747
2.80945e-06,-0.02881564
2.8095e-06,-0.02884864
2.80955e-06,-0.02896124
2.8096e-06,-0.02904859
2.80965e-06,-0.0290583
2.8097e-06,-0.02900588
2.80975e-06,-0.02892435
2.8098e-06,-0.02885059
2.80985e-06,-0.028837
2.8099e-06,-0.02893018
2.80995e-06,-0.02909324
2.81e-06,-0.02922136
2.81005e-06,-0.02925436
2.8101e-06,-0.02924271
2.81015e-06,-0.02928736
2.8102e-06,-0.02940966
2.81025e-06,-0.02953584
2.8103e-06,-0.02957466
2.81035e-06,-0.02950866
2.8104e-06,-0.02939607
2.81045e-06,-0.02931842
2.8105e-06,-0.02929513
2.81055e-06,-0.02927183
2.8106e-06,-0.02918448
2.81065e-06,-0.02904665
2.8107e-06,-0.02896124
2.81075e-06,-0.02900977
2.8108e-06,-0.02913012
2.81085e-06,-0.02916506
2.8109e-06,-0.02903888
2.81095e-06,-0.02883894
2.811e-06,-0.02872052
2.81105e-06,-0.02872246
2.8111e-06,-0.02874382
2.81115e-06,-0.02866811
2.8112e-06,-0.02847593
2.81125e-06,-0.02826045
2.8113e-06,-0.02813815
2.81135e-06,-0.02812262
2.8114e-06,-0.02811292
2.81145e-06,-0.0280275
2.8115e-06,-0.02789744
2.81155e-06,-0.02780426
2.8116e-06,-0.02775767
2.81165e-06,-0.02772855
2.8117e-06,-0.02772661
2.81175e-06,-0.02778485
2.8118e-06,-0.02785862
2.81185e-06,-0.02784309
2.8119e-06,-0.02772079
2.81195e-06,-0.02760043
2.812e-06,-0.02759461
2.81205e-06,-0.02765479
2.8121e-06,-0.02763149
2.81215e-06,-0.02748202
2.8122e-06,-0.02734419
2.81225e-06,-0.02736943
2.8123e-06,-0.02755384
2.81235e-06,-0.02774991
2.8124e-06,-0.02782561
2.81245e-06,-0.02777514
2.8125e-06,-0.02771496
2.81255e-06,-0.02774602
2.8126e-06,-0.02785279
2.81265e-06,-0.02792074
2.8127e-06,-0.02789162
2.81275e-06,-0.0278392
2.8128e-06,-0.02786638
2.81285e-06,-0.02796538
2.8129e-06,-0.02804692
2.81295e-06,-0.02807021
2.813e-06,-0.02807021
2.81305e-06,-0.02808186
2.8131e-06,-0.02809933
2.81315e-06,-0.02813233
2.8132e-06,-0.02820416
2.81325e-06,-0.02830704
2.8133e-06,-0.02838275
2.81335e-06,-0.02841575
2.8134e-06,-0.02843128
2.81345e-06,-0.02843516
2.8135e-06,-0.02838857
2.81355e-06,-0.02828569
2.8136e-06,-0.02819445
2.81365e-06,-0.02816727
2.8137e-06,-0.02816533
2.81375e-06,-0.02812068
2.8138e-06,-0.02804886
2.81385e-06,-0.02802362
2.8139e-06,-0.02805856
2.81395e-06,-0.02806439
2.814e-06,-0.02797897
2.81405e-06,-0.02786056
2.8141e-06,-0.0278392
2.81415e-06,-0.02794015
2.8142e-06,-0.02803527
2.81425e-06,-0.02799838
2.8143e-06,-0.02787026
2.81435e-06,-0.02782756
2.8144e-06,-0.02794597
2.81445e-06,-0.02808186
2.8145e-06,-0.02808186
2.81455e-06,-0.02800033
2.8146e-06,-0.02803139
2.81465e-06,-0.02823521
2.8147e-06,-0.02845652
2.81475e-06,-0.02855164
2.8148e-06,-0.02855358
2.81485e-06,-0.02857493
2.8149e-06,-0.02863317
2.81495e-06,-0.02867005
2.815e-06,-0.02868946
2.81505e-06,-0.02875935
2.8151e-06,-0.02887194
2.81515e-06,-0.028936
2.8152e-06,-0.02890882
2.81525e-06,-0.02888164
2.8153e-06,-0.02894765
2.81535e-06,-0.02907965
2.8154e-06,-0.02919224
2.81545e-06,-0.02928348
2.8155e-06,-0.02940966
2.81555e-06,-0.02957078
2.8156e-06,-0.02966008
2.81565e-06,-0.02961737
2.8157e-06,-0.0295106
2.81575e-06,-0.02944654
2.8158e-06,-0.02942713
2.81585e-06,-0.02935725
2.8159e-06,-0.02918642
2.81595e-06,-0.02899618
2.816e-06,-0.02891465
2.81605e-06,-0.02895929
2.8161e-06,-0.02901559
2.81615e-06,-0.02895153
2.8162e-06,-0.02876711
2.81625e-06,-0.02859434
2.8163e-06,-0.02854193
2.81635e-06,-0.02857687
2.8164e-06,-0.02857493
2.81645e-06,-0.02847399
2.8165e-06,-0.02829928
2.81655e-06,-0.02808768
2.8166e-06,-0.02786444
2.81665e-06,-0.0276742
2.8167e-06,-0.02756937
2.81675e-06,-0.02752084
2.8168e-06,-0.02744513
2.81685e-06,-0.02732089
2.8169e-06,-0.02724325
2.81695e-06,-0.02729178
2.817e-06,-0.02741213
2.81705e-06,-0.02746066
2.8171e-06,-0.02736943
2.81715e-06,-0.0271986
2.8172e-06,-0.02707048
2.81725e-06,-0.02705883
2.8173e-06,-0.02711318
2.81735e-06,-0.02710542
2.8174e-06,-0.02697341
2.81745e-06,-0.02680259
2.8175e-06,-0.02675017
2.81755e-06,-0.02687053
2.8176e-06,-0.027053
2.81765e-06,-0.02714813
2.8177e-06,-0.02711901
2.81775e-06,-0.02703359
2.8178e-06,-0.02697536
2.81785e-06,-0.02699865
2.8179e-06,-0.0271093
2.81795e-06,-0.02726848
2.818e-06,-0.02739854
2.81805e-06,-0.02744319
2.8181e-06,-0.02740631
2.81815e-06,-0.02731701
2.8182e-06,-0.02722383
2.81825e-06,-0.02717918
2.8183e-06,-0.02719471
2.81835e-06,-0.02722577
2.8184e-06,-0.02723742
2.81845e-06,-0.02726266
2.8185e-06,-0.02731701
2.81855e-06,-0.02735778
2.8186e-06,-0.02735584
2.81865e-06,-0.02738107
2.8187e-06,-0.0274859
2.81875e-06,-0.02760237
2.8188e-06,-0.02762373
2.81885e-06,-0.02754414
2.8189e-06,-0.02746066
2.81895e-06,-0.02744319
2.819e-06,-0.02750143
2.81905e-06,-0.02761208
2.8191e-06,-0.02771885
2.81915e-06,-0.0277635
2.8192e-06,-0.02776544
2.81925e-06,-0.02781591
2.8193e-06,-0.02795762
2.81935e-06,-0.02812262
2.8194e-06,-0.02825074
2.81945e-06,-0.02836139
2.8195e-06,-0.02843516
2.81955e-06,-0.02837498
2.8196e-06,-0.02816921
2.81965e-06,-0.02800809
2.8197e-06,-0.02805662
2.81975e-06,-0.02822357
2.8198e-06,-0.02827404
2.81985e-06,-0.02816533
2.8199e-06,-0.02809739
2.81995e-06,-0.02822163
2.82e-06,-0.02844293
2.82005e-06,-0.02854387
2.8201e-06,-0.02846234
2.82015e-06,-0.0283711
2.8202e-06,-0.02845069
2.82025e-06,-0.02867587
2.8203e-06,-0.02883117
2.82035e-06,-0.02876517
2.8204e-06,-0.02859823
2.82045e-06,-0.02859046
2.8205e-06,-0.02879429
2.82055e-06,-0.02895541
2.8206e-06,-0.02883311
2.82065e-06,-0.02852446
2.8207e-06,-0.02836528
2.82075e-06,-0.02851863
2.8208e-06,-0.02880205
2.82085e-06,-0.02891659
2.8209e-06,-0.02880594
2.82095e-06,-0.02868364
2.821e-06,-0.02875546
2.82105e-06,-0.02897482
2.8211e-06,-0.02911653
2.82115e-06,-0.02905441
2.8212e-06,-0.02889135
2.82125e-06,-0.02880594
2.8213e-06,-0.02881953
2.82135e-06,-0.02882729
2.8214e-06,-0.02876711
2.82145e-06,-0.02868752
2.8215e-06,-0.02864287
2.82155e-06,-0.02862928
2.8216e-06,-0.02862928
2.82165e-06,-0.0286584
2.8217e-06,-0.02870111
2.82175e-06,-0.02867976
2.8218e-06,-0.02853416
2.82185e-06,-0.02829539
2.8219e-06,-0.02807409
2.82195e-06,-0.02795762
2.822e-06,-0.02795374
2.82205e-06,-0.02799062
2.8221e-06,-0.02795568
2.82215e-06,-0.02779067
2.8222e-06,-0.02757325
2.82225e-06,-0.02745872
2.8223e-06,-0.02748978
2.82235e-06,-0.02753055
2.8224e-06,-0.0274626
2.82245e-06,-0.0273539
2.8225e-06,-0.02734225
2.82255e-06,-0.02743931
2.8226e-06,-0.02750919
2.82265e-06,-0.02745484
2.8227e-06,-0.02731119
2.82275e-06,-0.02715589
2.8228e-06,-0.02704912
2.82285e-06,-0.02703553
2.8229e-06,-0.02709959
2.82295e-06,-0.02712289
2.823e-06,-0.02700447
2.82305e-06,-0.02683559
2.8231e-06,-0.02681812
2.82315e-06,-0.02699283
2.8232e-06,-0.02716948
2.82325e-06,-0.02715007
2.8233e-06,-0.02700059
2.82335e-06,-0.02695594
2.8234e-06,-0.02711707
2.82345e-06,-0.02730925
2.8235e-06,-0.02730342
2.82355e-06,-0.02709765
2.8236e-06,-0.02690159
2.82365e-06,-0.02688606
2.8237e-06,-0.02700836
2.82375e-06,-0.02710736
2.8238e-06,-0.02709959
2.82385e-06,-0.02703553
2.8239e-06,-0.02702194
2.82395e-06,-0.02711901
2.824e-06,-0.02727625
2.82405e-06,-0.02736166
2.8241e-06,-0.02728789
2.82415e-06,-0.02713454
2.8242e-06,-0.02709765
2.82425e-06,-0.02724325
2.8243e-06,-0.02737525
2.82435e-06,-0.02727819
2.8244e-06,-0.02704136
2.82445e-06,-0.02695983
2.8245e-06,-0.02714424
2.82455e-06,-0.02738301
2.8246e-06,-0.02744902
2.82465e-06,-0.02739272
2.8247e-06,-0.02742766
2.82475e-06,-0.02761014
2.8248e-06,-0.0277635
2.82485e-06,-0.02772661
2.8249e-06,-0.02756937
2.82495e-06,-0.02750725
2.825e-06,-0.02762955
2.82505e-06,-0.0278062
2.8251e-06,-0.02787026
2.82515e-06,-0.02781397
2.8252e-06,-0.02777708
2.82525e-06,-0.02785473
2.8253e-06,-0.02802362
2.82535e-06,-0.02821386
2.8254e-06,-0.02836528
2.82545e-06,-0.02845069
2.8255e-06,-0.02845263
2.82555e-06,-0.02842351
2.8256e-06,-0.02845069
2.82565e-06,-0.02857105
2.8257e-06,-0.02870499
2.82575e-06,-0.02874964
2.8258e-06,-0.02869529
2.82585e-06,-0.02863899
2.8259e-06,-0.02864676
2.82595e-06,-0.02868946
2.826e-06,-0.02871276
2.82605e-06,-0.02873217
2.8261e-06,-0.02877488
2.82615e-06,-0.02881758
2.8262e-06,-0.02881953
2.82625e-06,-0.02879623
2.8263e-06,-0.02879041
2.82635e-06,-0.02880788
2.8264e-06,-0.02881758
2.82645e-06,-0.02880011
2.8265e-06,-0.02873217
2.82655e-06,-0.02860793
2.8266e-06,-0.0284701
2.82665e-06,-0.02839245
2.8267e-06,-0.02838081
2.82675e-06,-0.02837692
2.8268e-06,-0.02831869
2.82685e-06,-0.02823133
2.8269e-06,-0.02817115
2.82695e-06,-0.02814398
2.827e-06,-0.02810709
2.82705e-06,-0.02804109
2.8271e-06,-0.02795568
2.82715e-06,-0.0278722
2.8272e-06,-0.0278062
2.82725e-06,-0.02775767
2.8273e-06,-0.0277072
2.82735e-06,-0.02759461
2.8274e-06,-0.02741213
2.82745e-06,-0.02723742
2.8275e-06,-0.02715395
2.82755e-06,-0.02715007
2.8276e-06,-0.02715201
2.82765e-06,-0.02715201
2.8277e-06,-0.02718695
2.82775e-06,-0.02726072
2.8278e-06,-0.02731119
2.82785e-06,-0.02728013
2.8279e-06,-0.0271656
2.82795e-06,-0.02700836
2.828e-06,-0.02687635
2.82805e-06,-0.02682976
2.8281e-06,-0.02687441
2.82815e-06,-0.02693265
2.8282e-06,-0.02694041
2.82825e-06,-0.02691324
2.8283e-06,-0.02690741
2.82835e-06,-0.02693071
2.8284e-06,-0.02696177
2.82845e-06,-0.02700836
2.8285e-06,-0.02707048
2.82855e-06,-0.02710348
2.8286e-06,-0.02708989
2.82865e-06,-0.02710736
2.8287e-06,-0.02722577
2.82875e-06,-0.02734419
2.8288e-06,-0.02728595
2.82885e-06,-0.02706465
2.8289e-06,-0.02690159
2.82895e-06,-0.02695788
2.829e-06,-0.02712677
2.82905e-06,-0.02717336
2.8291e-06,-0.02702
2.82915e-06,-0.02683947
2.8292e-06,-0.02686082
2.82925e-06,-0.02709959
2.8293e-06,-0.02733642
2.82935e-06,-0.02739078
2.8294e-06,-0.02735584
2.82945e-06,-0.02741407
2.8295e-06,-0.02753249
2.82955e-06,-0.02751114
2.8296e-06,-0.02733448
2.82965e-06,-0.02723548
2.8297e-06,-0.02734807
2.82975e-06,-0.02748202
2.8298e-06,-0.02739078
2.82985e-06,-0.0271423
2.8299e-06,-0.02702583
2.82995e-06,-0.02716365
2.83e-06,-0.02735972
2.83005e-06,-0.02739272
2.8301e-06,-0.02729372
2.83015e-06,-0.02727625
2.8302e-06,-0.02742766
2.83025e-06,-0.0275849
2.8303e-06,-0.02754414
2.83035e-06,-0.02732478
2.8304e-06,-0.02716365
2.83045e-06,-0.02722189
2.8305e-06,-0.02738884
2.83055e-06,-0.02743737
2.8306e-06,-0.02730731
2.83065e-06,-0.02715395
2.8307e-06,-0.02713454
2.83075e-06,-0.02722383
2.8308e-06,-0.0272976
2.83085e-06,-0.02731701
2.8309e-06,-0.02735001
2.83095e-06,-0.02742572
2.831e-06,-0.02748784
2.83105e-06,-0.02749561
2.8311e-06,-0.02748396
2.83115e-06,-0.02750531
2.8312e-06,-0.02753637
2.83125e-06,-0.02752472
2.8313e-06,-0.0274626
2.83135e-06,-0.0273869
2.8314e-06,-0.02733448
2.83145e-06,-0.02735972
2.8315e-06,-0.02748978
2.83155e-06,-0.02766449
2.8316e-06,-0.02774602
2.83165e-06,-0.02766838
2.8317e-06,-0.02753831
2.83175e-06,-0.02749561
2.8318e-06,-0.02754608
2.83185e-06,-0.02757908
2.8319e-06,-0.02751696
2.83195e-06,-0.02741019
2.832e-06,-0.02733254
2.83205e-06,-0.02729372
2.8321e-06,-0.0272413
2.83215e-06,-0.02715977
2.8322e-06,-0.02710154
2.83225e-06,-0.02711124
2.8323e-06,-0.02715395
2.83235e-06,-0.02713842
2.8324e-06,-0.02702389
2.83245e-06,-0.02687053
2.8325e-06,-0.02679094
2.83255e-06,-0.02684529
2.8326e-06,-0.02695788
2.83265e-06,-0.02695983
2.8327e-06,-0.02677153
2.83275e-06,-0.02652111
2.8328e-06,-0.02640075
2.83285e-06,-0.02644346
2.8329e-06,-0.02648811
2.83295e-06,-0.0263891
2.833e-06,-0.02619304
2.83305e-06,-0.02607074
2.8331e-06,-0.0261018
2.83315e-06,-0.02618527
2.8332e-06,-0.02619498
2.83325e-06,-0.02612704
2.8333e-06,-0.02608627
2.83335e-06,-0.02612121
2.8334e-06,-0.02617169
2.83345e-06,-0.02617169
2.8335e-06,-0.02609986
2.83355e-06,-0.02596203
2.8336e-06,-0.02579509
2.83365e-06,-0.0256922
2.8337e-06,-0.02573491
2.83375e-06,-0.02587079
2.8338e-06,-0.0259465
2.83385e-06,-0.02588827
2.8339e-06,-0.02578344
2.83395e-06,-0.02576014
2.834e-06,-0.0258145
2.83405e-06,-0.02583973
2.8341e-06,-0.02577567
2.83415e-06,-0.02569414
2.8342e-06,-0.0256825
2.83425e-06,-0.02571744
2.8343e-06,-0.02569414
2.83435e-06,-0.02557961
2.8344e-06,-0.02545537
2.83445e-06,-0.02540684
2.8345e-06,-0.02541266
2.83455e-06,-0.02540878
2.8346e-06,-0.02540102
2.83465e-06,-0.02546508
2.8347e-06,-0.02559708
2.83475e-06,-0.02568055
2.8348e-06,-0.02563591
2.83485e-06,-0.02553496
2.8349e-06,-0.02551943
2.83495e-06,-0.02563008
2.835e-06,-0.02576209
2.83505e-06,-0.02577373
2.8351e-06,-0.02564367
2.83515e-06,-0.02549031
2.8352e-06,-0.02546314
2.83525e-06,-0.02557573
2.8353e-06,-0.02569803
2.83535e-06,-0.02571938
2.8354e-06,-0.02568055
2.83545e-06,-0.0257155
2.8355e-06,-0.02587856
2.83555e-06,-0.02608045
2.8356e-06,-0.02622216
2.83565e-06,-0.02630951
2.8357e-06,-0.02639881
2.83575e-06,-0.02648034
2.8358e-06,-0.02649975
2.83585e-06,-0.02646869
2.8359e-06,-0.02646287
2.83595e-06,-0.02652305
2.836e-06,-0.02660652
2.83605e-06,-0.02667641
2.8361e-06,-0.02677153
2.83615e-06,-0.02691906
2.8362e-06,-0.02706853
2.83625e-06,-0.02712871
2.8363e-06,-0.02709959
2.83635e-06,-0.02707824
2.8364e-06,-0.02715395
2.83645e-06,-0.02731895
2.8365e-06,-0.02749949
2.83655e-06,-0.02763149
2.8366e-06,-0.0276839
2.83665e-06,-0.02763343
2.8367e-06,-0.02748396
2.83675e-06,-0.02729954
2.8368e-06,-0.02721024
2.83685e-06,-0.0272976
2.8369e-06,-0.02747425
2.83695e-06,-0.02755967
2.837e-06,-0.02750143
2.83705e-06,-0.02743737
2.8371e-06,-0.02749949
2.83715e-06,-0.02762955
2.8372e-06,-0.02768779
2.83725e-06,-0.02764508
2.8373e-06,-0.02758878
2.83735e-06,-0.02754802
2.8374e-06,-0.02744902
2.83745e-06,-0.02726654
2.8375e-06,-0.02708989
2.83755e-06,-0.02701806
2.8376e-06,-0.02700836
2.83765e-06,-0.02695594
2.8377e-06,-0.02684141
2.83775e-06,-0.0267657
2.8378e-06,-0.02679482
2.83785e-06,-0.02686665
2.8379e-06,-0.02686082
2.83795e-06,-0.02676764
2.838e-06,-0.02668805
2.83805e-06,-0.02668417
2.8381e-06,-0.02670358
2.83815e-06,-0.02666282
2.8382e-06,-0.02657546
2.83825e-06,-0.02650169
2.8383e-06,-0.02647452
2.83835e-06,-0.02644346
2.8384e-06,-0.02638328
2.83845e-06,-0.02635416
2.8385e-06,-0.02645316
2.83855e-06,-0.02665893
2.8386e-06,-0.02680259
2.83865e-06,-0.026756
2.8387e-06,-0.02660846
2.83875e-06,-0.02657352
2.8388e-06,-0.02672105
2.83885e-06,-0.02687053
2.8389e-06,-0.026822
2.83895e-06,-0.02661623
2.839e-06,-0.02648228
2.83905e-06,-0.02655605
2.8391e-06,-0.02673853
2.83915e-06,-0.02682976
2.8392e-06,-0.02678123
2.83925e-06,-0.02671717
2.8393e-06,-0.02675406
2.83935e-06,-0.02683947
2.8394e-06,-0.02684141
2.83945e-06,-0.02672494
2.8395e-06,-0.02660652
2.83955e-06,-0.02658905
2.8396e-06,-0.02662593
2.83965e-06,-0.02660264
2.8397e-06,-0.02649975
2.83975e-06,-0.02642793
2.8398e-06,-0.02644152
2.83985e-06,-0.0264454
2.8399e-06,-0.02636193
2.83995e-06,-0.02626486
2.84e-06,-0.02629592
2.84005e-06,-0.02645122
2.8401e-06,-0.02659099
2.84015e-06,-0.02660264
2.8402e-06,-0.02652499
2.84025e-06,-0.02646869
2.8403e-06,-0.02646287
2.84035e-06,-0.02644346
2.8404e-06,-0.02636969
2.84045e-06,-0.02629592
2.8405e-06,-0.02627845
2.84055e-06,-0.02628622
2.8406e-06,-0.02626292
2.84065e-06,-0.02621633
2.8407e-06,-0.02617751
2.84075e-06,-0.02614063
2.8408e-06,-0.02611151
2.84085e-06,-0.02614451
2.8409e-06,-0.02625904
2.84095e-06,-0.02636581
2.841e-06,-0.02636193
2.84105e-06,-0.02627263
2.8411e-06,-0.02620275
2.84115e-06,-0.0261911
2.8412e-06,-0.02619498
2.84125e-06,-0.0261911
2.8413e-06,-0.02619692
2.84135e-06,-0.02617751
2.8414e-06,-0.02607657
2.84145e-06,-0.02593874
2.8415e-06,-0.02589797
2.84155e-06,-0.02601639
2.8416e-06,-0.02620469
2.84165e-06,-0.0263231
2.8417e-06,-0.0263464
2.84175e-06,-0.02633281
2.8418e-06,-0.02629592
2.84185e-06,-0.02620275
2.8419e-06,-0.02608239
2.84195e-06,-0.02602998
2.842e-06,-0.02605909
2.84205e-06,-0.02606298
2.8421e-06,-0.02598144
2.84215e-06,-0.02589409
2.8422e-06,-0.02590768
2.84225e-06,-0.02599309
2.8423e-06,-0.02602998
2.84235e-06,-0.02599115
2.8424e-06,-0.02594844
2.84245e-06,-0.02596009
2.8425e-06,-0.02600862
2.84255e-06,-0.02604356
2.8426e-06,-0.02603774
2.84265e-06,-0.02596786
2.8427e-06,-0.02583197
2.84275e-06,-0.02568832
2.8428e-06,-0.02561649
2.84285e-06,-0.02564755
2.8429e-06,-0.02571355
2.84295e-06,-0.02572326
2.843e-06,-0.02565144
2.84305e-06,-0.02556602
2.8431e-06,-0.0255602
2.84315e-06,-0.02565338
2.8432e-06,-0.02578344
2.84325e-06,-0.02586497
2.8433e-06,-0.02586885
2.84335e-06,-0.02582032
2.8434e-06,-0.02577179
2.84345e-06,-0.0257582
2.8435e-06,-0.02576985
2.84355e-06,-0.02576403
2.8436e-06,-0.02571161
2.84365e-06,-0.02564561
2.8437e-06,-0.02560096
2.84375e-06,-0.02556602
2.8438e-06,-0.02552526
2.84385e-06,-0.02552137
2.8439e-06,-0.02562426
2.84395e-06,-0.02580868
2.844e-06,-0.02595233
2.84405e-06,-0.02595427
2.8441e-06,-0.02585526
2.84415e-06,-0.02577762
2.8442e-06,-0.02579703
2.84425e-06,-0.02588632
2.8443e-06,-0.02595621
2.84435e-06,-0.02595427
2.8444e-06,-0.02589991
2.84445e-06,-0.02585332
2.8445e-06,-0.02586303
2.84455e-06,-0.02593291
2.8446e-06,-0.02603774
2.84465e-06,-0.02614063
2.8447e-06,-0.02619498
2.84475e-06,-0.02618722
2.8448e-06,-0.02618139
2.84485e-06,-0.02626875
2.8449e-06,-0.02641822
2.84495e-06,-0.02646481
2.845e-06,-0.0263231
2.84505e-06,-0.02614839
2.8451e-06,-0.02615616
2.84515e-06,-0.02632116
2.8452e-06,-0.02641434
2.84525e-06,-0.02632504
2.8453e-06,-0.02621439
2.84535e-06,-0.02626875
2.8454e-06,-0.02645316
2.84545e-06,-0.02658323
2.8455e-06,-0.02657546
2.84555e-06,-0.02650364
2.8456e-06,-0.02646093
2.84565e-06,-0.02647258
2.8457e-06,-0.02651917
2.84575e-06,-0.02657546
2.8458e-06,-0.02658129
2.84585e-06,-0.02650946
2.8459e-06,-0.02643763
2.84595e-06,-0.02647452
2.846e-06,-0.02658905
2.84605e-06,-0.02660458
2.8461e-06,-0.02645316
2.84615e-06,-0.02631534
2.8462e-06,-0.02640269
2.84625e-06,-0.02665505
2.8463e-06,-0.02680841
2.84635e-06,-0.026756
2.8464e-06,-0.02667252
2.84645e-06,-0.02672688
2.8465e-06,-0.02686471
2.84655e-06,-0.026921
2.8466e-06,-0.02685888
2.84665e-06,-0.02675794
2.8467e-06,-0.02668029
2.84675e-06,-0.02662787
2.8468e-06,-0.02664535
2.84685e-06,-0.02677735
2.8469e-06,-0.02697536
2.84695e-06,-0.02710542
2.847e-06,-0.02710736
2.84705e-06,-0.0270763
2.8471e-06,-0.0271093
2.84715e-06,-0.02716754
2.8472e-06,-0.02714618
2.84725e-06,-0.02704718
2.8473e-06,-0.02698118
2.84735e-06,-0.0270103
2.8474e-06,-0.02708212
2.84745e-06,-0.0271093
2.8475e-06,-0.02708989
2.84755e-06,-0.02710348
2.8476e-06,-0.02720054
2.84765e-06,-0.02729372
2.8477e-06,-0.02726072
2.84775e-06,-0.02712095
2.8478e-06,-0.02704718
2.84785e-06,-0.02715201
2.8479e-06,-0.02732478
2.84795e-06,-0.02735972
2.848e-06,-0.02721801
2.84805e-06,-0.02704912
2.8481e-06,-0.02697147
2.84815e-06,-0.0269443
2.8482e-06,-0.02686471
2.84825e-06,-0.02671911
2.8483e-06,-0.02658711
2.84835e-06,-0.02654634
2.8484e-06,-0.02659487
2.84845e-06,-0.02666282
2.8485e-06,-0.02666864
2.84855e-06,-0.02658517
2.8486e-06,-0.02648422
2.84865e-06,-0.02644734
2.8487e-06,-0.02644346
2.84875e-06,-0.02637746
2.8488e-06,-0.02623769
2.84885e-06,-0.02612898
2.8489e-06,-0.02611539
2.84895e-06,-0.02613286
2.849e-06,-0.02607851
2.84905e-06,-0.02596203
2.8491e-06,-0.02587662
2.84915e-06,-0.0258805
2.8492e-06,-0.02592321
2.84925e-06,-0.02592515
2.8493e-06,-0.02588438
2.84935e-06,-0.02586109
2.8494e-06,-0.02587856
2.84945e-06,-0.02588632
2.8495e-06,-0.02585332
2.84955e-06,-0.02580673
2.8496e-06,-0.0257912
2.84965e-06,-0.0258145
2.8497e-06,-0.02585332
2.84975e-06,-0.02584944
2.8498e-06,-0.02576209
2.84985e-06,-0.02562038
2.8499e-06,-0.02554273
2.84995e-06,-0.02560485
2.85e-06,-0.02573297
2.85005e-06,-0.02577956
2.8501e-06,-0.02571355
2.85015e-06,-0.02565726
2.8502e-06,-0.02572326
2.85025e-06,-0.02584944
2.8503e-06,-0.02587856
2.85035e-06,-0.02576597
2.8504e-06,-0.02563785
2.85045e-06,-0.02563008
2.8505e-06,-0.0257252
2.85055e-06,-0.02577762
2.8506e-06,-0.02569608
2.85065e-06,-0.02555826
2.8507e-06,-0.02552137
2.85075e-06,-0.02564755
2.8508e-06,-0.02582615
2.85085e-06,-0.02588438
2.8509e-06,-0.02577956
2.85095e-06,-0.02565726
2.851e-06,-0.02570191
2.85105e-06,-0.0259038
2.8511e-06,-0.02602998
2.85115e-06,-0.02588632
2.8512e-06,-0.02558543
2.85125e-06,-0.02543402
2.8513e-06,-0.02556408
2.85135e-06,-0.02576791
2.8514e-06,-0.02577373
2.85145e-06,-0.02558349
2.8515e-06,-0.02541072
2.85155e-06,-0.02540684
2.8516e-06,-0.0255272
2.85165e-06,-0.02566502
2.8517e-06,-0.02575432
2.85175e-06,-0.0257582
2.8518e-06,-0.02566891
2.85185e-06,-0.02555437
2.8519e-06,-0.02554467
2.85195e-06,-0.0256592
2.852e-06,-0.02576791
2.85205e-06,-0.02574267
2.8521e-06,-0.02561261
2.85215e-06,-0.02551361
2.8522e-06,-0.02551749
2.85225e-06,-0.02558543
2.8523e-06,-0.02565532
2.85235e-06,-0.02570579
2.8524e-06,-0.02575044
2.85245e-06,-0.02581838
2.8525e-06,-0.02590185
2.85255e-06,-0.0259368
2.8526e-06,-0.02584556
2.85265e-06,-0.02564755
2.8527e-06,-0.02547284
2.85275e-06,-0.02544178
2.8528e-06,-0.02554855
2.85285e-06,-0.02566114
2.8529e-06,-0.02566308
2.85295e-06,-0.02557379
2.853e-06,-0.0255039
2.85305e-06,-0.02554273
2.8531e-06,-0.02566697
2.85315e-06,-0.02577956
2.8532e-06,-0.0257912
2.85325e-06,-0.02569997
2.8533e-06,-0.02559126
2.85335e-06,-0.02557184
2.8534e-06,-0.0256592
2.85345e-06,-0.02573491
2.8535e-06,-0.0256825
2.85355e-06,-0.0255369
2.8536e-06,-0.02547478
2.85365e-06,-0.02558349
2.8537e-06,-0.02572326
2.85375e-06,-0.02571355
2.8538e-06,-0.02559514
2.85385e-06,-0.02558543
2.8539e-06,-0.02577762
2.85395e-06,-0.0260028
2.854e-06,-0.0260688
2.85405e-06,-0.02600862
2.8541e-06,-0.02598921
2.85415e-06,-0.02606104
2.8542e-06,-0.0261348
2.85425e-06,-0.02614257
2.8543e-06,-0.02611151
2.85435e-06,-0.0260688
2.8544e-06,-0.02600474
2.85445e-06,-0.02594456
2.8545e-06,-0.02596203
2.85455e-06,-0.02607268
2.8546e-06,-0.02614451
2.85465e-06,-0.0260358
2.8547e-06,-0.02580673
2.85475e-06,-0.02569997
2.8548e-06,-0.02585332
2.85485e-06,-0.02612704
2.8549e-06,-0.02626681
2.85495e-06,-0.02617363
2.855e-06,-0.02598921
2.85505e-06,-0.02589021
2.8551e-06,-0.02589021
2.85515e-06,-0.02586303
2.8552e-06,-0.0257155
2.85525e-06,-0.02552331
2.8553e-06,-0.02542043
2.85535e-06,-0.02545537
2.8554e-06,-0.02553884
2.85545e-06,-0.02557573
2.8555e-06,-0.02555826
2.85555e-06,-0.02553108
2.8556e-06,-0.02550973
2.85565e-06,-0.02545731
2.8557e-06,-0.02535443
2.85575e-06,-0.02522242
2.8558e-06,-0.02512536
2.85585e-06,-0.02512148
2.8559e-06,-0.02520495
2.85595e-06,-0.02527678
2.856e-06,-0.02523795
2.85605e-06,-0.02510595
2.8561e-06,-0.02501665
2.85615e-06,-0.02506712
2.8562e-06,-0.02521272
2.85625e-06,-0.0253486
2.8563e-06,-0.02542237
2.85635e-06,-0.02542237
2.8564e-06,-0.02535443
2.85645e-06,-0.02525542
2.8565e-06,-0.02522048
2.85655e-06,-0.02528454
2.8566e-06,-0.02536802
2.85665e-06,-0.02535443
2.8567e-06,-0.02523795
2.85675e-06,-0.02512536
2.8568e-06,-0.02512342
2.85685e-06,-0.0252496
2.8569e-06,-0.02542625
2.85695e-06,-0.02553302
2.857e-06,-0.02551167
2.85705e-06,-0.02544566
2.8571e-06,-0.02547478
2.85715e-06,-0.0256262
2.8572e-06,-0.0257485
2.85725e-06,-0.0256922
2.8573e-06,-0.02550196
2.85735e-06,-0.02536996
2.8574e-06,-0.02540296
2.85745e-06,-0.02551943
2.8575e-06,-0.0255699
2.85755e-06,-0.02551943
2.8576e-06,-0.02544761
2.85765e-06,-0.02544566
2.8577e-06,-0.02553302
2.85775e-06,-0.02566308
2.8578e-06,-0.0257582
2.85785e-06,-0.02577373
2.8579e-06,-0.02574267
2.85795e-06,-0.02569608
2.858e-06,-0.02562232
2.85805e-06,-0.02553108
2.8581e-06,-0.02549614
2.85815e-06,-0.02553884
2.8582e-06,-0.0255369
2.85825e-06,-0.02539325
2.8583e-06,-0.02520883
2.85835e-06,-0.02518942
2.8584e-06,-0.02536802
2.85845e-06,-0.02554079
2.8585e-06,-0.02552331
2.85855e-06,-0.02535054
2.8586e-06,-0.0252166
2.85865e-06,-0.02525348
2.8587e-06,-0.0254049
2.85875e-06,-0.02551749
2.8588e-06,-0.02550584
2.85885e-06,-0.02540296
2.8589e-06,-0.02528648
2.85895e-06,-0.02521078
2.859e-06,-0.02518942
2.85905e-06,-0.02521272
2.8591e-06,-0.02524184
2.85915e-06,-0.02523213
2.8592e-06,-0.02518554
2.85925e-06,-0.0251506
2.8593e-06,-0.02516225
2.85935e-06,-0.02520107
2.8594e-06,-0.02522631
2.85945e-06,-0.02524572
2.8595e-06,-0.02529619
2.85955e-06,-0.02537966
2.8596e-06,-0.02541655
2.85965e-06,-0.02532919
2.8597e-06,-0.0251506
2.85975e-06,-0.02499142
2.8598e-06,-0.02491765
2.85985e-06,-0.02488853
2.8599e-06,-0.02484388
2.85995e-06,-0.02479923
2.86e-06,-0.02480312
2.86005e-06,-0.02484
2.8601e-06,-0.02483224
2.86015e-06,-0.02477594
2.8602e-06,-0.02474488
2.86025e-06,-0.02477788
2.8603e-06,-0.02480312
2.86035e-06,-0.02475653
2.8604e-06,-0.02467111
2.86045e-06,-0.02461482
2.8605e-06,-0.02459735
2.86055e-06,-0.0245857
2.8606e-06,-0.02456823
2.86065e-06,-0.02454882
2.8607e-06,-0.02451387
2.86075e-06,-0.0244634
2.8608e-06,-0.02445564
2.86085e-06,-0.02452358
2.8609e-06,-0.02460899
2.86095e-06,-0.02461482
2.861e-06,-0.02454882
2.86105e-06,-0.02451581
2.8611e-06,-0.02458376
2.86115e-06,-0.02467888
2.8612e-06,-0.02468082
2.86125e-06,-0.02460123
2.8613e-06,-0.0245624
2.86135e-06,-0.02461676
2.8614e-06,-0.02466529
2.86145e-06,-0.02462647
2.8615e-06,-0.02457017
2.86155e-06,-0.02462841
2.8616e-06,-0.02477788
2.86165e-06,-0.02487494
2.8617e-06,-0.02484777
2.86175e-06,-0.02476818
2.8618e-06,-0.02473906
2.86185e-06,-0.02477206
2.8619e-06,-0.02483418
2.86195e-06,-0.0248963
2.862e-06,-0.02494289
2.86205e-06,-0.02497006
2.8621e-06,-0.02498753
2.86215e-06,-0.02500501
2.8622e-06,-0.02502248
2.86225e-06,-0.02503801
2.8623e-06,-0.02504965
2.86235e-06,-0.02507295
2.8624e-06,-0.02514477
2.86245e-06,-0.02528843
2.8625e-06,-0.02546508
2.86255e-06,-0.02558155
2.8626e-06,-0.02557961
2.86265e-06,-0.02551361
2.8627e-06,-0.02548255
2.86275e-06,-0.02551943
2.8628e-06,-0.02556602
2.86285e-06,-0.02556602
2.8629e-06,-0.02550196
2.86295e-06,-0.02540102
2.863e-06,-0.02533307
2.86305e-06,-0.02539325
2.8631e-06,-0.02558543
2.86315e-06,-0.02579703
2.8632e-06,-0.02589021
2.86325e-06,-0.02587079
2.8633e-06,-0.02585332
2.86335e-06,-0.02590574
2.8634e-06,-0.02597368
2.86345e-06,-0.02596203
2.8635e-06,-0.02586303
2.86355e-06,-0.02577567
2.8636e-06,-0.02580479
2.86365e-06,-0.02593291
2.8637e-06,-0.02601445
2.86375e-06,-0.02594844
2.8638e-06,-0.02582032
2.86385e-06,-0.02580479
2.8639e-06,-0.0259465
2.86395e-06,-0.02610568
2.864e-06,-0.02613286
2.86405e-06,-0.02603386
2.8641e-06,-0.02595039
2.86415e-06,-0.02597368
2.8642e-06,-0.02604551
2.86425e-06,-0.02604356
2.8643e-06,-0.02596009
2.86435e-06,-0.02590185
2.8644e-06,-0.0259368
2.86445e-06,-0.02598921
2.8645e-06,-0.02596591
2.86455e-06,-0.02589215
2.8646e-06,-0.02583779
2.86465e-06,-0.02580285
2.8647e-06,-0.02574267
2.86475e-06,-0.02568055
2.8648e-06,-0.0256825
2.86485e-06,-0.02572714
2.8649e-06,-0.02572714
2.86495e-06,-0.02564755
2.865e-06,-0.02554467
2.86505e-06,-0.02546508
2.8651e-06,-0.02540684
2.86515e-06,-0.02535831
2.8652e-06,-0.02531366
2.86525e-06,-0.02523213
2.8653e-06,-0.02507877
2.86535e-06,-0.02491377
2.8654e-06,-0.02485359
2.86545e-06,-0.02491183
2.8655e-06,-0.024972
2.86555e-06,-0.02493512
2.8656e-06,-0.02484388
2.86565e-06,-0.024807
2.8657e-06,-0.02483029
2.86575e-06,-0.02481671
2.8658e-06,-0.02468664
2.86585e-06,-0.0244964
2.8659e-06,-0.02437993
2.86595e-06,-0.02440128
2.866e-06,-0.02448281
2.86605e-06,-0.02450999
2.8661e-06,-0.02444205
2.86615e-06,-0.02434305
2.8662e-06,-0.0242984
2.86625e-06,-0.02435663
2.8663e-06,-0.02449252
2.86635e-06,-0.02457988
2.8664e-06,-0.0244867
2.86645e-06,-0.0242324
2.8665e-06,-0.02402662
2.86655e-06,-0.02404798
2.8666e-06,-0.02422657
2.86665e-06,-0.0242984
2.8667e-06,-0.02412563
2.86675e-06,-0.02387715
2.8668e-06,-0.02381891
2.86685e-06,-0.02397033
2.8669e-06,-0.02408874
2.86695e-06,-0.02400915
2.867e-06,-0.0238655
2.86705e-06,-0.02386744
2.8671e-06,-0.02399945
2.86715e-06,-0.02406157
2.8672e-06,-0.02397809
2.86725e-06,-0.02390044
2.8673e-06,-0.02395286
2.86735e-06,-0.02404992
2.8674e-06,-0.02403439
2.86745e-06,-0.02391986
2.8675e-06,-0.02384997
2.86755e-06,-0.02390044
2.8676e-06,-0.02399945
2.86765e-06,-0.02407516
2.8677e-06,-0.02412951
2.86775e-06,-0.02417416
2.8678e-06,-0.02417998
2.86785e-06,-0.02413145
2.8679e-06,-0.02410427
2.86795e-06,-0.02419163
2.868e-06,-0.02437411
2.86805e-06,-0.02450611
2.8681e-06,-0.02447893
2.86815e-06,-0.0243081
2.8682e-06,-0.02411786
2.86825e-06,-0.02402274
2.8683e-06,-0.02404992
2.86835e-06,-0.02414116
2.8684e-06,-0.02419745
2.86845e-06,-0.02417416
2.8685e-06,-0.02413145
2.86855e-06,-0.02416057
2.8686e-06,-0.02426928
2.86865e-06,-0.02437411
2.8687e-06,-0.02442458
2.86875e-06,-0.02444593
2.8688e-06,-0.02445175
2.86885e-06,-0.02441487
2.8689e-06,-0.0243081
2.86895e-06,-0.02418775
2.869e-06,-0.02413339
2.86905e-06,-0.02416445
2.8691e-06,-0.02422075
2.86915e-06,-0.02424987
2.8692e-06,-0.02426928
2.86925e-06,-0.02432169
2.8693e-06,-0.02441875
2.86935e-06,-0.02454493
2.8694e-06,-0.02467888
2.86945e-06,-0.02477788
2.8695e-06,-0.02482447
2.86955e-06,-0.02486135
2.8696e-06,-0.02494094
2.86965e-06,-0.02503412
2.8697e-06,-0.02505354
2.86975e-06,-0.02497977
2.8698e-06,-0.02491959
2.86985e-06,-0.02495842
2.8699e-06,-0.02504965
2.86995e-06,-0.02510013
2.87e-06,-0.02511566
2.87005e-06,-0.02518748
2.8701e-06,-0.02533501
2.87015e-06,-0.02546896
2.8702e-06,-0.02551167
2.87025e-06,-0.02548255
2.8703e-06,-0.02543014
2.87035e-06,-0.0253719
2.8704e-06,-0.02531366
2.87045e-06,-0.02528843
2.8705e-06,-0.02530396
2.87055e-06,-0.02530978
2.8706e-06,-0.02527678
2.87065e-06,-0.02525154
2.8707e-06,-0.02527872
2.87075e-06,-0.02529619
2.8708e-06,-0.02519913
2.87085e-06,-0.02502054
2.8709e-06,-0.02492736
2.87095e-06,-0.02500695
2.871e-06,-0.02514089
2.87105e-06,-0.02514283
2.8711e-06,-0.024972
2.87115e-06,-0.02475265
2.8712e-06,-0.02461482
2.87125e-06,-0.02456046
2.8713e-06,-0.02451776
2.87135e-06,-0.02445564
2.8714e-06,-0.02443234
2.87145e-06,-0.0244964
2.8715e-06,-0.02457017
2.87155e-06,-0.02453329
2.8716e-06,-0.02440128
2.87165e-06,-0.0243314
2.8717e-06,-0.02441487
2.87175e-06,-0.0245197
2.8718e-06,-0.02446923
2.87185e-06,-0.02431393
2.8719e-06,-0.02427316
2.87195e-06,-0.02442264
2.872e-06,-0.02454687
2.87205e-06,-0.02442069
2.8721e-06,-0.02412951
2.87215e-06,-0.02398198
2.8722e-06,-0.02413339
2.87225e-06,-0.02444399
2.8723e-06,-0.02468082
2.87235e-06,-0.02476041
2.8724e-06,-0.02474682
2.87245e-06,-0.0247507
2.8725e-06,-0.02483029
2.87255e-06,-0.02494483
2.8726e-06,-0.02500306
2.87265e-06,-0.02495065
2.8727e-06,-0.02485165
2.87275e-06,-0.02480312
2.8728e-06,-0.02481671
2.87285e-06,-0.02483612
2.8729e-06,-0.02483224
2.87295e-06,-0.02484388
2.873e-06,-0.024906
2.87305e-06,-0.02499142
2.8731e-06,-0.02506518
2.87315e-06,-0.02512924
2.8732e-06,-0.02520301
2.87325e-06,-0.02525931
2.8733e-06,-0.02525737
2.87335e-06,-0.02521466
2.8734e-06,-0.02521078
2.87345e-06,-0.02527678
2.8735e-06,-0.02533307
2.87355e-06,-0.02529037
2.8736e-06,-0.02517389
2.87365e-06,-0.02506518
2.8737e-06,-0.02498948
2.87375e-06,-0.02493706
2.8738e-06,-0.02492736
2.87385e-06,-0.02497783
2.8739e-06,-0.02504189
2.87395e-06,-0.02504577
2.874e-06,-0.02499724
2.87405e-06,-0.02496618
2.8741e-06,-0.02497589
2.87415e-06,-0.02498948
2.8742e-06,-0.02498365
2.87425e-06,-0.02494677
2.8743e-06,-0.02484
2.87435e-06,-0.02466335
2.8744e-06,-0.0245294
2.87445e-06,-0.02456435
2.8745e-06,-0.02469635
2.87455e-06,-0.02472159
2.8746e-06,-0.02458182
2.87465e-06,-0.02444981
2.8747e-06,-0.02449834
2.87475e-06,-0.02467694
2.8748e-06,-0.024807
2.87485e-06,-0.02478176
2.8749e-06,-0.02465752
2.87495e-06,-0.02454882
2.875e-06,-0.0244964
2.87505e-06,-0.02446146
2.8751e-06,-0.02439352
2.87515e-06,-0.02430228
2.8752e-06,-0.02424598
2.87525e-06,-0.0242654
2.8753e-06,-0.02433334
2.87535e-06,-0.02436052
2.8754e-06,-0.02430228
2.87545e-06,-0.02422851
2.8755e-06,-0.02425181
2.87555e-06,-0.02437411
2.8756e-06,-0.02446728
2.87565e-06,-0.02445564
2.8757e-06,-0.02438769
2.87575e-06,-0.02434887
2.8758e-06,-0.02432363
2.87585e-06,-0.02426345
2.8759e-06,-0.02417804
2.87595e-06,-0.02413339
2.876e-06,-0.0241528
2.87605e-06,-0.02419551
2.8761e-06,-0.02421687
2.87615e-06,-0.0242091
2.8762e-06,-0.02418386
2.87625e-06,-0.02415475
2.8763e-06,-0.02413727
2.87635e-06,-0.02416833
2.8764e-06,-0.02425763
2.87645e-06,-0.02434887
2.8765e-06,-0.02433334
2.87655e-06,-0.02418775
2.8766e-06,-0.02402468
2.87665e-06,-0.02398004
2.8767e-06,-0.02404215
2.87675e-06,-0.02407127
2.8768e-06,-0.02400721
2.87685e-06,-0.02395286
2.8769e-06,-0.02400333
2.87695e-06,-0.02409845
2.877e-06,-0.02412563
2.87705e-06,-0.02409845
2.8771e-06,-0.02413145
2.87715e-06,-0.02425181
2.8772e-06,-0.02435081
2.87725e-06,-0.0243411
2.8773e-06,-0.02425569
2.87735e-06,-0.02414892
2.8774e-06,-0.02400333
2.87745e-06,-0.02380921
2.8775e-06,-0.02366167
2.87755e-06,-0.02368303
2.8776e-06,-0.02383638
2.87765e-06,-0.02395092
2.8777e-06,-0.0239218
2.87775e-06,-0.02380921
2.8778e-06,-0.02374515
2.87785e-06,-0.02379756
2.8779e-06,-0.02391209
2.87795e-06,-0.02396839
2.878e-06,-0.0238888
2.87805e-06,-0.02374903
2.8781e-06,-0.02368885
2.87815e-06,-0.02374126
2.8782e-06,-0.02377815
2.87825e-06,-0.02371215
2.8783e-06,-0.02362285
2.87835e-06,-0.02365585
2.8784e-06,-0.02381697
2.87845e-06,-0.02397227
2.8785e-06,-0.02401886
2.87855e-06,-0.02398004
2.8786e-06,-0.02394509
2.87865e-06,-0.02397615
2.8787e-06,-0.02404215
2.87875e-06,-0.02405574
2.8788e-06,-0.02397033
2.87885e-06,-0.02388103
2.8789e-06,-0.02391597
2.87895e-06,-0.02404798
2.879e-06,-0.02410816
2.87905e-06,-0.02400915
2.8791e-06,-0.02385774
2.87915e-06,-0.02380921
2.8792e-06,-0.02388491
2.87925e-06,-0.02399556
2.8793e-06,-0.02409845
2.87935e-06,-0.02421492
2.8794e-06,-0.02434693
2.87945e-06,-0.02441099
2.8795e-06,-0.02434305
2.87955e-06,-0.02418581
2.8796e-06,-0.02407321
2.87965e-06,-0.02410039
2.8797e-06,-0.02421298
2.87975e-06,-0.02425181
2.8798e-06,-0.02413922
2.87985e-06,-0.02398974
2.8799e-06,-0.02399362
2.87995e-06,-0.02417416
2.88e-06,-0.02435081
2.88005e-06,-0.02436052
2.8801e-06,-0.02424792
2.88015e-06,-0.02419357
2.8802e-06,-0.02426734
2.88025e-06,-0.02435469
2.8803e-06,-0.0243081
2.88035e-06,-0.02412951
2.8804e-06,-0.02395868
2.88045e-06,-0.02390433
2.8805e-06,-0.02394703
2.88055e-06,-0.02400139
2.8806e-06,-0.02399751
2.88065e-06,-0.02393733
2.8807e-06,-0.02388686
2.88075e-06,-0.02391209
2.8808e-06,-0.02401886
2.88085e-06,-0.02412369
2.8809e-06,-0.02413727
2.88095e-06,-0.02404992
2.881e-06,-0.02394509
2.88105e-06,-0.02390627
2.8811e-06,-0.0239315
2.88115e-06,-0.02394509
2.8812e-06,-0.02390239
2.88125e-06,-0.02382668
2.8813e-06,-0.02376262
2.88135e-06,-0.02372185
2.8814e-06,-0.02369662
2.88145e-06,-0.02371215
2.8815e-06,-0.02380144
2.88155e-06,-0.02392956
2.8816e-06,-0.02400915
2.88165e-06,-0.02397421
2.8817e-06,-0.02386162
2.88175e-06,-0.02378397
2.8818e-06,-0.02384609
2.88185e-06,-0.02400527
2.8819e-06,-0.02409457
2.88195e-06,-0.02400721
2.882e-06,-0.02384221
2.88205e-06,-0.02378203
2.8821e-06,-0.02383638
2.88215e-06,-0.02383833
2.8822e-06,-0.02372962
2.88225e-06,-0.02366361
2.8823e-06,-0.02378397
2.88235e-06,-0.02400721
2.8824e-06,-0.02412563
2.88245e-06,-0.02407127
2.8825e-06,-0.02397421
2.88255e-06,-0.02396839
2.8826e-06,-0.0240208
2.88265e-06,-0.02400915
2.8827e-06,-0.02391597
2.88275e-06,-0.02386162
2.8828e-06,-0.02392762
2.88285e-06,-0.02403439
2.8829e-06,-0.02404604
2.88295e-06,-0.02394315
2.883e-06,-0.02383444
2.88305e-06,-0.02384027
2.8831e-06,-0.02398198
2.88315e-06,-0.02418581
2.8832e-06,-0.02434887
2.88325e-06,-0.02440322
2.8833e-06,-0.02437799
2.88335e-06,-0.0243644
2.8834e-06,-0.02440128
2.88345e-06,-0.02442458
2.8835e-06,-0.02433722
2.88355e-06,-0.02415475
2.8836e-06,-0.02402857
2.88365e-06,-0.02408874
2.8837e-06,-0.02427316
2.88375e-06,-0.02438187
2.8838e-06,-0.02430422
2.88385e-06,-0.02416057
2.8839e-06,-0.02414116
2.88395e-06,-0.02427122
2.884e-06,-0.02438575
2.88405e-06,-0.02436634
2.8841e-06,-0.02427316
2.88415e-06,-0.02423434
2.8842e-06,-0.0242751
2.88425e-06,-0.02431587
2.8843e-06,-0.02428287
2.88435e-06,-0.02416057
2.8844e-06,-0.02400333
2.88445e-06,-0.02389656
2.8845e-06,-0.02389268
2.88455e-06,-0.02394898
2.8846e-06,-0.02399362
2.88465e-06,-0.02400721
2.8847e-06,-0.02401109
2.88475e-06,-0.02400139
2.8848e-06,-0.02397033
2.88485e-06,-0.02394703
2.8849e-06,-0.02397033
2.88495e-06,-0.02399556
2.885e-06,-0.02394315
2.88505e-06,-0.02379368
2.8851e-06,-0.02361702
2.88515e-06,-0.02349861
2.8852e-06,-0.0234889
2.88525e-06,-0.02355879
2.8853e-06,-0.02362867
2.88535e-06,-0.0236442
2.8854e-06,-0.02362673
2.88545e-06,-0.02362867
2.8855e-06,-0.02365973
2.88555e-06,-0.02369467
2.8856e-06,-0.02372962
2.88565e-06,-0.02376262
2.8857e-06,-0.02376262
2.88575e-06,-0.0237102
2.8858e-06,-0.0236345
2.88585e-06,-0.02359179
2.8859e-06,-0.0236112
2.88595e-06,-0.02367332
2.886e-06,-0.02372962
2.88605e-06,-0.0237432
2.8861e-06,-0.02373738
2.88615e-06,-0.02375485
2.8862e-06,-0.02378591
2.88625e-06,-0.02377426
2.8863e-06,-0.02371797
2.88635e-06,-0.02369662
2.8864e-06,-0.02375679
2.88645e-06,-0.02383444
2.8865e-06,-0.02383056
2.88655e-06,-0.02373156
2.8866e-06,-0.02360149
2.88665e-06,-0.02350249
2.8867e-06,-0.02346367
2.88675e-06,-0.02348114
2.8868e-06,-0.0235219
2.88685e-06,-0.02352579
2.8869e-06,-0.02347337
2.88695e-06,-0.02340737
2.887e-06,-0.02338796
2.88705e-06,-0.02343067
2.8871e-06,-0.02350832
2.88715e-06,-0.02356073
2.8872e-06,-0.02353938
2.88725e-06,-0.02343649
2.8873e-06,-0.02329866
2.88735e-06,-0.02318607
2.8874e-06,-0.02311813
2.88745e-06,-0.02306571
2.8875e-06,-0.02300165
2.88755e-06,-0.02294536
2.8876e-06,-0.02294924
2.88765e-06,-0.02302107
2.8877e-06,-0.02310648
2.88775e-06,-0.02314142
2.8878e-06,-0.02312007
2.88785e-06,-0.02308513
2.8879e-06,-0.02308124
2.88795e-06,-0.02309872
2.888e-06,-0.02309677
2.88805e-06,-0.0230696
2.8881e-06,-0.02306377
2.88815e-06,-0.02310648
2.8882e-06,-0.02314725
2.88825e-06,-0.02310842
2.8883e-06,-0.02298612
2.88835e-06,-0.02288906
2.8884e-06,-0.02292983
2.88845e-06,-0.02310648
2.8885e-06,-0.02329866
2.88855e-06,-0.02338796
2.8886e-06,-0.02335302
2.88865e-06,-0.0232676
2.8887e-06,-0.02324237
2.88875e-06,-0.02332002
2.8888e-06,-0.0234462
2.88885e-06,-0.02352579
2.8889e-06,-0.02352385
2.88895e-06,-0.02348696
2.889e-06,-0.02345202
2.88905e-06,-0.02340543
2.8891e-06,-0.02334331
2.88915e-06,-0.02332002
2.8892e-06,-0.02339767
2.88925e-06,-0.02356849
2.8893e-06,-0.0237335
2.88935e-06,-0.02378591
2.8894e-06,-0.02372767
2.88945e-06,-0.02365391
2.8895e-06,-0.02363255
2.88955e-06,-0.02362867
2.8896e-06,-0.02358402
2.88965e-06,-0.02353938
2.8897e-06,-0.02357044
2.88975e-06,-0.02366944
2.8898e-06,-0.02374903
2.88985e-06,-0.02376068
2.8899e-06,-0.02373156
2.88995e-06,-0.02367332
2.89e-06,-0.02359761
2.89005e-06,-0.02356461
2.8901e-06,-0.02365003
2.89015e-06,-0.0238228
2.8902e-06,-0.02393345
2.89025e-06,-0.02390044
2.8903e-06,-0.02378785
2.89035e-06,-0.0237102
2.8904e-06,-0.02372185
2.89045e-06,-0.02378785
2.8905e-06,-0.02381503
2.89055e-06,-0.02370826
2.8906e-06,-0.02349667
2.89065e-06,-0.02336661
2.8907e-06,-0.02346173
2.89075e-06,-0.02368497
2.8908e-06,-0.02378203
2.89085e-06,-0.02364808
2.8909e-06,-0.02345784
2.89095e-06,-0.02345202
2.891e-06,-0.02365197
2.89105e-06,-0.02383638
2.8911e-06,-0.02383444
2.89115e-06,-0.02372379
2.8912e-06,-0.02369079
2.89125e-06,-0.02374903
2.8913e-06,-0.0237335
2.89135e-06,-0.02357044
2.8914e-06,-0.02339961
2.89145e-06,-0.02337631
2.8915e-06,-0.02345978
2.89155e-06,-0.02348308
2.8916e-06,-0.02340931
2.89165e-06,-0.02335884
2.8917e-06,-0.02342678
2.89175e-06,-0.02357238
2.8918e-06,-0.02368691
2.89185e-06,-0.02370438
2.8919e-06,-0.02361508
2.89195e-06,-0.02347531
2.892e-06,-0.02338214
2.89205e-06,-0.02338796
2.8921e-06,-0.02341514
2.89215e-06,-0.0233336
2.8922e-06,-0.02315307
2.89225e-06,-0.02303271
2.8923e-06,-0.02308513
2.89235e-06,-0.02322295
2.8924e-06,-0.02327149
2.89245e-06,-0.02320742
2.8925e-06,-0.02314919
2.89255e-06,-0.02317248
2.8926e-06,-0.02319966
2.89265e-06,-0.02315501
2.8927e-06,-0.02308513
2.89275e-06,-0.02305601
2.8928e-06,-0.02304824
2.89285e-06,-0.02301524
2.8929e-06,-0.02299971
2.89295e-06,-0.02306183
2.893e-06,-0.02314531
2.89305e-06,-0.02313754
2.8931e-06,-0.02302689
2.89315e-06,-0.02292789
2.8932e-06,-0.02292595
2.89325e-06,-0.02299389
2.8933e-06,-0.02305019
2.89335e-06,-0.02306183
2.8934e-06,-0.02303854
2.89345e-06,-0.02297642
2.8935e-06,-0.02286383
2.89355e-06,-0.02272988
2.8936e-06,-0.02265612
2.89365e-06,-0.02267164
2.8937e-06,-0.02269882
2.89375e-06,-0.02265806
2.8938e-06,-0.02261147
2.89385e-06,-0.02270853
2.8939e-06,-0.02293565
2.89395e-06,-0.02307542
2.894e-06,-0.02298224
2.89405e-06,-0.02279394
2.8941e-06,-0.02275512
2.89415e-06,-0.02289683
2.8942e-06,-0.02301718
2.89425e-06,-0.02295506
2.8943e-06,-0.02276677
2.89435e-06,-0.02263282
2.8944e-06,-0.02264447
2.89445e-06,-0.02272018
2.8945e-06,-0.02272794
2.89455e-06,-0.02264641
2.8946e-06,-0.02258429
2.89465e-06,-0.02265612
2.8947e-06,-0.02282888
2.89475e-06,-0.02294536
2.8948e-06,-0.0229143
2.89485e-06,-0.02283277
2.8949e-06,-0.02285994
2.89495e-06,-0.02299195
2.895e-06,-0.02304048
2.89505e-06,-0.02290848
2.8951e-06,-0.02272212
2.89515e-06,-0.02266776
2.8952e-06,-0.02276871
2.89525e-06,-0.02288906
2.8953e-06,-0.02293953
2.89535e-06,-0.02293565
2.8954e-06,-0.02293371
2.89545e-06,-0.02294924
2.8955e-06,-0.02296283
2.89555e-06,-0.02295701
2.8956e-06,-0.02295312
2.89565e-06,-0.02298418
2.8957e-06,-0.02305601
2.89575e-06,-0.02311425
2.8958e-06,-0.02311425
2.89585e-06,-0.0230696
2.8959e-06,-0.02301718
2.89595e-06,-0.02296477
2.896e-06,-0.02291042
2.89605e-06,-0.02288324
2.8961e-06,-0.02292401
2.89615e-06,-0.02303854
2.8962e-06,-0.02319384
2.89625e-06,-0.02334137
2.8963e-06,-0.02341125
2.89635e-06,-0.0233569
2.8964e-06,-0.02323848
2.89645e-06,-0.02318801
2.8965e-06,-0.02324819
2.89655e-06,-0.02333166
2.8966e-06,-0.02333555
2.89665e-06,-0.02327731
2.8967e-06,-0.02325013
2.89675e-06,-0.02328507
2.8968e-06,-0.02333555
2.89685e-06,-0.02337825
2.8969e-06,-0.02342873
2.89695e-06,-0.0234889
2.897e-06,-0.02351802
2.89705e-06,-0.02350055
2.8971e-06,-0.02349861
2.89715e-06,-0.02359373
2.8972e-06,-0.02378203
2.89725e-06,-0.02392956
2.8973e-06,-0.02391015
2.89735e-06,-0.02376262
2.8974e-06,-0.02364226
2.89745e-06,-0.02360926
2.8975e-06,-0.02358208
2.89755e-06,-0.02350249
2.8976e-06,-0.02343649
2.89765e-06,-0.02347143
2.8977e-06,-0.02356461
2.89775e-06,-0.02360149
2.8978e-06,-0.02355491
2.89785e-06,-0.02351802
2.8979e-06,-0.02354326
2.89795e-06,-0.02356461
2.898e-06,-0.0235122
2.89805e-06,-0.02345008
2.8981e-06,-0.02346949
2.89815e-06,-0.0235122
2.8982e-06,-0.0234559
2.89825e-06,-0.02331613
2.8983e-06,-0.02325207
2.89835e-06,-0.0233239
2.8984e-06,-0.0234229
2.89845e-06,-0.02343649
2.8985e-06,-0.02341514
2.89855e-06,-0.02343649
2.8986e-06,-0.02346755
2.89865e-06,-0.02342484
2.8987e-06,-0.02331225
2.89875e-06,-0.02321713
2.8988e-06,-0.02318995
2.89885e-06,-0.02321519
2.8989e-06,-0.02325207
2.89895e-06,-0.02326954
2.899e-06,-0.02323848
2.89905e-06,-0.02316084
2.8991e-06,-0.02312007
2.89915e-06,-0.02319966
2.8992e-06,-0.02334913
2.89925e-06,-0.02342678
2.8993e-06,-0.02337631
2.89935e-06,-0.02329478
2.8994e-06,-0.02327731
2.89945e-06,-0.02330837
2.8995e-06,-0.02333749
2.89955e-06,-0.02336078
2.8996e-06,-0.02337825
2.89965e-06,-0.02336661
2.8997e-06,-0.02332196
2.89975e-06,-0.0232676
2.8998e-06,-0.02320937
2.89985e-06,-0.02313366
2.8999e-06,-0.02307542
2.89995e-06,-0.02309677
2.9e-06,-0.02319384
2.90005e-06,-0.02326954
2.9001e-06,-0.02324819
2.90015e-06,-0.0231686
2.9002e-06,-0.02312589
2.90025e-06,-0.02314336
2.9003e-06,-0.02317831
2.90035e-06,-0.0232016
2.9004e-06,-0.02322295
2.90045e-06,-0.02323848
2.9005e-06,-0.02320742
2.90055e-06,-0.02309677
2.9006e-06,-0.02295506
2.90065e-06,-0.02289489
2.9007e-06,-0.02297448
2.90075e-06,-0.02312589
2.9008e-06,-0.0232016
2.90085e-06,-0.02312783
2.9009e-06,-0.02298612
2.90095e-06,-0.02292206
2.901e-06,-0.02298224
2.90105e-06,-0.02307736
2.9011e-06,-0.02312007
2.90115e-06,-0.02310454
2.9012e-06,-0.02305795
2.90125e-06,-0.02297448
2.9013e-06,-0.02287547
2.90135e-06,-0.02281918
2.9014e-06,-0.02283859
2.90145e-06,-0.02286965
2.9015e-06,-0.02285606
2.90155e-06,-0.02283083
2.9016e-06,-0.02285218
2.90165e-06,-0.02289295
2.9017e-06,-0.02285994
2.90175e-06,-0.02273376
2.9018e-06,-0.022594
2.90185e-06,-0.02251441
2.9019e-06,-0.02247558
2.90195e-06,-0.02242511
2.902e-06,-0.02236687
2.90205e-06,-0.02235911
2.9021e-06,-0.02241928
2.90215e-06,-0.02245811
2.9022e-06,-0.02239211
2.90225e-06,-0.0222834
2.9023e-06,-0.02226205
2.90235e-06,-0.02235717
2.9024e-06,-0.0224484
2.90245e-06,-0.02244064
2.9025e-06,-0.02237464
2.90255e-06,-0.02235134
2.9026e-06,-0.02239599
2.90265e-06,-0.02245617
2.9027e-06,-0.02246782
2.90275e-06,-0.02240958
2.9028e-06,-0.02229893
2.90285e-06,-0.02219022
2.9029e-06,-0.02213004
2.90295e-06,-0.02212422
2.903e-06,-0.02210675
2.90305e-06,-0.02205045
2.9031e-06,-0.02202133
2.90315e-06,-0.02211257
2.9032e-06,-0.02231058
2.90325e-06,-0.02248723
2.9033e-06,-0.02254546
2.90335e-06,-0.02250858
2.9034e-06,-0.0224717
2.90345e-06,-0.0224814
2.9035e-06,-0.02248917
2.90355e-06,-0.02242317
2.9036e-06,-0.02229699
2.90365e-06,-0.02222128
2.9037e-06,-0.02227175
2.90375e-06,-0.02238046
2.9038e-06,-0.0224154
2.90385e-06,-0.02235717
2.9039e-06,-0.02231252
2.90395e-06,-0.02236687
2.904e-06,-0.0224814
2.90405e-06,-0.02256682
2.9041e-06,-0.02258041
2.90415e-06,-0.02255517
2.9042e-06,-0.02252217
2.90425e-06,-0.02250082
2.9043e-06,-0.02248335
2.90435e-06,-0.02245617
2.9044e-06,-0.02242123
2.90445e-06,-0.02242123
2.9045e-06,-0.02248529
2.90455e-06,-0.02257458
2.9046e-06,-0.02261923
2.90465e-06,-0.02259982
2.9047e-06,-0.02257847
2.90475e-06,-0.02261535
2.9048e-06,-0.02268329
2.90485e-06,-0.02270465
2.9049e-06,-0.02263282
2.90495e-06,-0.02251441
2.905e-06,-0.0224387
2.90505e-06,-0.02245617
2.9051e-06,-0.02252994
2.90515e-06,-0.02257264
2.9052e-06,-0.02252994
2.90525e-06,-0.02244064
2.9053e-06,-0.02238823
2.90535e-06,-0.02241346
2.9054e-06,-0.0224814
2.90545e-06,-0.0225377
2.9055e-06,-0.02256488
2.90555e-06,-0.02258817
2.9056e-06,-0.02262506
2.90565e-06,-0.02267359
2.9057e-06,-0.02271241
2.90575e-06,-0.02273182
2.9058e-06,-0.02272212
2.90585e-06,-0.02267164
2.9059e-06,-0.0225707
2.90595e-06,-0.02244452
2.906e-06,-0.02237852
2.90605e-06,-0.02245423
2.9061e-06,-0.02262311
2.90615e-06,-0.02271241
2.9062e-06,-0.02263282
2.90625e-06,-0.02251052
2.9063e-06,-0.02252217
2.90635e-06,-0.02265806
2.9064e-06,-0.02276677
2.90645e-06,-0.02278812
2.9065e-06,-0.02280753
2.90655e-06,-0.02287159
2.9066e-06,-0.02291624
2.90665e-06,-0.02289877
2.9067e-06,-0.02288518
2.90675e-06,-0.02294924
2.9068e-06,-0.0230463
2.90685e-06,-0.02305795
2.9069e-06,-0.02296671
2.90695e-06,-0.0228813
2.907e-06,-0.02292595
2.90705e-06,-0.02309677
2.9071e-06,-0.02326954
2.90715e-06,-0.02332778
2.9072e-06,-0.02328507
2.90725e-06,-0.02324819
2.9073e-06,-0.02327537
2.90735e-06,-0.02329478
2.9074e-06,-0.02320548
2.90745e-06,-0.0230366
2.9075e-06,-0.02293565
2.90755e-06,-0.02299583
2.9076e-06,-0.02314531
2.90765e-06,-0.02323848
2.9077e-06,-0.02319578
2.90775e-06,-0.0230696
2.9078e-06,-0.02298224
2.90785e-06,-0.02301136
2.9079e-06,-0.02312201
2.90795e-06,-0.02320354
2.908e-06,-0.02318219
2.90805e-06,-0.02311036
2.9081e-06,-0.02308513
2.90815e-06,-0.02308319
2.9082e-06,-0.02300554
2.90825e-06,-0.02285994
2.9083e-06,-0.02279006
2.90835e-06,-0.02285606
2.9084e-06,-0.02292595
2.90845e-06,-0.02287547
2.9085e-06,-0.02279006
2.90855e-06,-0.02281141
2.9086e-06,-0.02292206
2.90865e-06,-0.02297836
2.9087e-06,-0.02294924
2.90875e-06,-0.02292595
2.9088e-06,-0.02294342
2.90885e-06,-0.02289489
2.9089e-06,-0.0227027
2.90895e-06,-0.02248723
2.909e-06,-0.02244258
2.90905e-06,-0.02255905
2.9091e-06,-0.02261341
2.90915e-06,-0.02248529
2.9092e-06,-0.02235328
2.90925e-06,-0.02243481
2.9093e-06,-0.02266776
2.90935e-06,-0.02279782
2.9094e-06,-0.02274735
2.90945e-06,-0.02268717
2.9095e-06,-0.02274347
2.90955e-06,-0.02280559
2.9096e-06,-0.02273959
2.90965e-06,-0.02261341
2.9097e-06,-0.02258041
2.90975e-06,-0.02262506
2.9098e-06,-0.02259788
2.90985e-06,-0.02247946
2.9099e-06,-0.02241734
2.90995e-06,-0.02249111
2.91e-06,-0.02261147
2.91005e-06,-0.02266
2.9101e-06,-0.02263864
2.91015e-06,-0.02261729
2.9102e-06,-0.02261147
2.91025e-06,-0.02259205
2.9103e-06,-0.02255129
2.91035e-06,-0.02250276
2.9104e-06,-0.02243481
2.91045e-06,-0.02233387
2.9105e-06,-0.02220769
2.91055e-06,-0.02210286
2.9106e-06,-0.02207569
2.91065e-06,-0.02213198
2.9107e-06,-0.02219604
2.91075e-06,-0.0221941
2.9108e-06,-0.02215334
2.91085e-06,-0.02217081
2.9109e-06,-0.02226205
2.91095e-06,-0.02232222
2.911e-06,-0.02226981
2.91105e-06,-0.02215528
2.9111e-06,-0.02206404
2.91115e-06,-0.02199221
2.9112e-06,-0.02189127
2.91125e-06,-0.02179421
2.9113e-06,-0.02178256
2.91135e-06,-0.02183303
2.9114e-06,-0.02183109
2.91145e-06,-0.02173403
2.9115e-06,-0.02163503
2.91155e-06,-0.02161561
2.9116e-06,-0.02164667
2.91165e-06,-0.02166415
2.9117e-06,-0.02166803
2.91175e-06,-0.02166803
2.9118e-06,-0.02163697
2.91185e-06,-0.02156126
2.9119e-06,-0.02147779
2.91195e-06,-0.02141761
2.912e-06,-0.02136325
2.91205e-06,-0.02129143
2.9121e-06,-0.02122737
2.91215e-06,-0.02120407
2.9122e-06,-0.0212196
2.91225e-06,-0.02126619
2.9123e-06,-0.0213322
2.91235e-06,-0.0213982
2.9124e-06,-0.02146032
2.91245e-06,-0.02153797
2.9125e-06,-0.02162726
2.91255e-06,-0.02166803
2.9126e-06,-0.02160009
2.91265e-06,-0.0214642
2.9127e-06,-0.0213652
2.91275e-06,-0.02134384
2.9128e-06,-0.02133608
2.91285e-06,-0.02127008
2.9129e-06,-0.02118078
2.91295e-06,-0.02119825
2.913e-06,-0.02136131
2.91305e-06,-0.02153991
2.9131e-06,-0.02158067
2.91315e-06,-0.02150302
2.9132e-06,-0.02148555
2.91325e-06,-0.0215865
2.9133e-06,-0.02166803
2.91335e-06,-0.02160785
2.9134e-06,-0.02150691
2.91345e-06,-0.02154961
2.9135e-06,-0.02173403
2.91355e-06,-0.02185633
2.9136e-06,-0.0217748
2.91365e-06,-0.02156903
2.9137e-06,-0.02142149
2.91375e-06,-0.02142537
2.9138e-06,-0.02154767
2.91385e-06,-0.02171656
2.9139e-06,-0.0218738
2.91395e-06,-0.02197863
2.914e-06,-0.02201357
2.91405e-06,-0.02201939
2.9141e-06,-0.02206598
2.91415e-06,-0.02215528
2.9142e-06,-0.02220963
2.91425e-06,-0.02216498
2.9143e-06,-0.02206016
2.91435e-06,-0.02200774
2.9144e-06,-0.0220951
2.91445e-06,-0.02228146
2.9145e-06,-0.0224057
2.91455e-06,-0.02234746
2.9146e-06,-0.0221941
2.91465e-06,-0.02217469
2.9147e-06,-0.02237464
2.91475e-06,-0.02261341
2.9148e-06,-0.02268135
2.91485e-06,-0.02261535
2.9149e-06,-0.02259788
2.91495e-06,-0.02267747
2.915e-06,-0.022726
2.91505e-06,-0.02268912
2.9151e-06,-0.02268135
2.91515e-06,-0.02277647
2.9152e-06,-0.02286189
2.91525e-06,-0.02280559
2.9153e-06,-0.02266388
2.91535e-06,-0.02260176
2.9154e-06,-0.02265223
2.91545e-06,-0.02270076
2.9155e-06,-0.02270076
2.91555e-06,-0.02276094
2.9156e-06,-0.02293759
2.91565e-06,-0.02310066
2.9157e-06,-0.02308707
2.91575e-06,-0.02292789
2.9158e-06,-0.02280171
2.91585e-06,-0.02279782
2.9159e-06,-0.02284247
2.91595e-06,-0.02284441
2.916e-06,-0.02282306
2.91605e-06,-0.02283665
2.9161e-06,-0.02287353
2.91615e-06,-0.02287159
2.9162e-06,-0.0228153
2.91625e-06,-0.02277453
2.9163e-06,-0.02279977
2.91635e-06,-0.02285994
2.9164e-06,-0.02286577
2.91645e-06,-0.02280365
2.9165e-06,-0.02275318
2.91655e-06,-0.02278424
2.9166e-06,-0.02286383
2.91665e-06,-0.02290071
2.9167e-06,-0.0228483
2.91675e-06,-0.022759
2.9168e-06,-0.022726
2.91685e-06,-0.02278618
2.9169e-06,-0.02285024
2.91695e-06,-0.02282694
2.917e-06,-0.02275706
2.91705e-06,-0.02277065
2.9171e-06,-0.02288324
2.91715e-06,-0.02293759
2.9172e-06,-0.02285024
2.91725e-06,-0.02275124
2.9173e-06,-0.02278618
2.91735e-06,-0.02287742
2.9174e-06,-0.02283277
2.91745e-06,-0.02264253
2.9175e-06,-0.02249888
2.91755e-06,-0.02250858
2.9176e-06,-0.02256876
2.91765e-06,-0.02254158
2.9177e-06,-0.02246199
2.91775e-06,-0.02244646
2.9178e-06,-0.02249305
2.91785e-06,-0.0224814
2.9179e-06,-0.02236299
2.91795e-06,-0.02223293
2.918e-06,-0.0221941
2.91805e-06,-0.02221351
2.9181e-06,-0.02218634
2.91815e-06,-0.02209704
2.9182e-06,-0.02203298
2.91825e-06,-0.02202133
2.9183e-06,-0.02197668
2.91835e-06,-0.02185245
2.9184e-06,-0.02173985
2.91845e-06,-0.02174179
2.9185e-06,-0.02179615
2.91855e-06,-0.02176897
2.9186e-06,-0.02166415
2.91865e-06,-0.02163503
2.9187e-06,-0.02172821
2.91875e-06,-0.02179033
2.9188e-06,-0.02167191
2.91885e-06,-0.02145643
2.9189e-06,-0.02134578
2.91895e-06,-0.02139626
2.919e-06,-0.02144867
2.91905e-06,-0.02136908
2.9191e-06,-0.02120796
2.91915e-06,-0.02110701
2.9192e-06,-0.02111866
2.91925e-06,-0.02119437
2.9193e-06,-0.02127396
2.91935e-06,-0.02132443
2.9194e-06,-0.02132249
2.91945e-06,-0.02128172
2.9195e-06,-0.02124484
2.91955e-06,-0.0212429
2.9196e-06,-0.02123902
2.91965e-06,-0.02121184
2.9197e-06,-0.02120019
2.91975e-06,-0.02124678
2.9198e-06,-0.02132249
2.91985e-06,-0.0213322
2.9199e-06,-0.02121378
2.91995e-06,-0.02103325
2.92e-06,-0.0209556
2.92005e-06,-0.02109148
2.9201e-06,-0.02135161
2.92015e-06,-0.02150302
2.9202e-06,-0.02144285
2.92025e-06,-0.02132443
2.9203e-06,-0.02135355
2.92035e-06,-0.02151273
2.9204e-06,-0.02162338
2.92045e-06,-0.0215962
2.9205e-06,-0.02151661
2.92055e-06,-0.02148167
2.9206e-06,-0.02149138
2.92065e-06,-0.02150108
2.9207e-06,-0.02148749
2.92075e-06,-0.02146032
2.9208e-06,-0.0214409
2.92085e-06,-0.0214642
2.9209e-06,-0.02155155
2.92095e-06,-0.0216855
2.921e-06,-0.02179809
2.92105e-06,-0.0218408
2.9211e-06,-0.0218175
2.92115e-06,-0.02176121
2.9212e-06,-0.02167968
2.92125e-06,-0.02159038
2.9213e-06,-0.02154379
2.92135e-06,-0.02159038
2.9214e-06,-0.02169715
2.92145e-06,-0.02176897
2.9215e-06,-0.02176509
2.92155e-06,-0.02174374
2.9216e-06,-0.02177674
2.92165e-06,-0.02187962
2.9217e-06,-0.02202133
2.92175e-06,-0.02214363
2.9218e-06,-0.02216692
2.92185e-06,-0.0220621
2.9219e-06,-0.02191068
2.92195e-06,-0.0218408
2.922e-06,-0.02189515
2.92205e-06,-0.02199221
2.9221e-06,-0.02203104
2.92215e-06,-0.0219961
2.9222e-06,-0.02193592
2.92225e-06,-0.02190292
2.9223e-06,-0.02191651
2.92235e-06,-0.02195921
2.9224e-06,-0.02199221
2.92245e-06,-0.02199804
2.9225e-06,-0.02200968
2.92255e-06,-0.02206598
2.9226e-06,-0.02214169
2.92265e-06,-0.02217663
2.9227e-06,-0.02215139
2.92275e-06,-0.02210481
2.9228e-06,-0.02206598
2.92285e-06,-0.02204074
2.9229e-06,-0.02203104
2.92295e-06,-0.02203298
2.923e-06,-0.02200774
2.92305e-06,-0.02196115
2.9231e-06,-0.0219728
2.92315e-06,-0.0220951
2.9232e-06,-0.02224846
2.92325e-06,-0.02227563
2.9233e-06,-0.02216498
2.92335e-06,-0.02208733
2.9234e-06,-0.02218634
2.92345e-06,-0.02235911
2.9235e-06,-0.02236493
2.92355e-06,-0.02214557
2.9236e-06,-0.02189903
2.92365e-06,-0.02183692
2.9237e-06,-0.02195921
2.92375e-06,-0.02207957
2.9238e-06,-0.02206404
2.92385e-06,-0.02196504
2.9239e-06,-0.02192427
2.92395e-06,-0.02200192
2.924e-06,-0.02212228
2.92405e-06,-0.02217469
2.9241e-06,-0.02213781
2.92415e-06,-0.02207763
2.9242e-06,-0.0220621
2.92425e-06,-0.02206792
2.9243e-06,-0.02203104
2.92435e-06,-0.02192039
2.9244e-06,-0.02180391
2.92445e-06,-0.02178256
2.9245e-06,-0.02187768
2.92455e-06,-0.02198251
2.9246e-06,-0.02199221
2.92465e-06,-0.02193009
2.9247e-06,-0.02191651
2.92475e-06,-0.02198639
2.9248e-06,-0.02205822
2.92485e-06,-0.02206016
2.9249e-06,-0.02201745
2.92495e-06,-0.02197668
2.925e-06,-0.02191262
2.92505e-06,-0.02178256
2.9251e-06,-0.0216292
2.92515e-06,-0.02154961
2.9252e-06,-0.02158456
2.92525e-06,-0.0216622
2.9253e-06,-0.02167579
2.92535e-06,-0.02160979
2.9254e-06,-0.02156514
2.92545e-06,-0.02162532
2.9255e-06,-0.02173015
2.92555e-06,-0.02171268
2.9256e-06,-0.02153991
2.92565e-06,-0.02140208
2.9257e-06,-0.02146226
2.92575e-06,-0.02160979
2.9258e-06,-0.02158261
2.92585e-06,-0.02133025
2.9259e-06,-0.02110701
2.92595e-06,-0.02111478
2.926e-06,-0.02126231
2.92605e-06,-0.02131667
2.9261e-06,-0.02122543
2.92615e-06,-0.02113807
2.9262e-06,-0.02119049
2.92625e-06,-0.02133025
2.9263e-06,-0.02140402
2.92635e-06,-0.02136908
2.9264e-06,-0.02131861
2.92645e-06,-0.02134967
2.9265e-06,-0.02141761
2.92655e-06,-0.02140596
2.9266e-06,-0.02129337
2.92665e-06,-0.02118272
2.9267e-06,-0.02116525
2.92675e-06,-0.02121572
2.9268e-06,-0.02125455
2.92685e-06,-0.0212526
2.9269e-06,-0.02123707
2.92695e-06,-0.02123319
2.927e-06,-0.0212429
2.92705e-06,-0.02125066
2.9271e-06,-0.0212196
2.92715e-06,-0.02114972
2.9272e-06,-0.02110313
2.92725e-06,-0.02114001
2.9273e-06,-0.02123125
2.92735e-06,-0.02129725
2.9274e-06,-0.02129143
2.92745e-06,-0.0212429
2.9275e-06,-0.02119825
2.92755e-06,-0.02118078
2.9276e-06,-0.02120796
2.92765e-06,-0.0212759
2.9277e-06,-0.02132637
2.92775e-06,-0.02130308
2.9278e-06,-0.02124678
2.92785e-06,-0.02125455
2.9279e-06,-0.02134384
2.92795e-06,-0.02140984
2.928e-06,-0.02135549
2.92805e-06,-0.02123319
2.9281e-06,-0.02117301
2.92815e-06,-0.02121378
2.9282e-06,-0.02127202
2.92825e-06,-0.02126231
2.9283e-06,-0.02120796
2.92835e-06,-0.0211769
2.9284e-06,-0.02119437
2.92845e-06,-0.02122154
2.9285e-06,-0.02123319
2.92855e-06,-0.02124484
2.9286e-06,-0.02126813
2.92865e-06,-0.02127202
2.9287e-06,-0.02122154
2.92875e-06,-0.02116137
2.9288e-06,-0.0211769
2.92885e-06,-0.02129919
2.9289e-06,-0.02141373
2.92895e-06,-0.02139043
2.929e-06,-0.02124678
2.92905e-06,-0.02114001
2.9291e-06,-0.02115943
2.92915e-06,-0.0212099
2.9292e-06,-0.02115748
2.92925e-06,-0.0210313
2.9293e-06,-0.02099442
2.92935e-06,-0.02110313
2.9294e-06,-0.0212429
2.92945e-06,-0.02128949
2.9295e-06,-0.02126425
2.92955e-06,-0.02126231
2.9296e-06,-0.02129919
2.92965e-06,-0.02130696
2.9297e-06,-0.02122349
2.92975e-06,-0.02107401
2.9298e-06,-0.02094977
2.92985e-06,-0.02092648
2.9299e-06,-0.02099054
2.92995e-06,-0.02103713
2.93e-06,-0.02100219
2.93005e-06,-0.0209653
2.9301e-06,-0.02102936
2.93015e-06,-0.02117107
2.9302e-06,-0.02125649
2.93025e-06,-0.02123707
2.9303e-06,-0.02117884
2.93035e-06,-0.02111866
2.9304e-06,-0.02104489
2.93045e-06,-0.0209886
2.9305e-06,-0.02101772
2.93055e-06,-0.02110313
2.9306e-06,-0.02110313
2.93065e-06,-0.02099442
2.9307e-06,-0.02093618
2.93075e-06,-0.02106819
2.9308e-06,-0.02128561
2.93085e-06,-0.0213652
2.9309e-06,-0.02125843
2.93095e-06,-0.02115943
2.931e-06,-0.02124096
2.93105e-06,-0.02143508
2.9311e-06,-0.02153408
2.93115e-06,-0.02143896
2.9312e-06,-0.02126231
2.93125e-06,-0.02117884
2.9313e-06,-0.02123707
2.93135e-06,-0.02133802
2.9314e-06,-0.02136908
2.93145e-06,-0.02134578
2.9315e-06,-0.02135937
2.93155e-06,-0.02142926
2.9316e-06,-0.02149332
2.93165e-06,-0.02151467
2.9317e-06,-0.02151467
2.93175e-06,-0.02150302
2.9318e-06,-0.02146614
2.93185e-06,-0.02142537
2.9319e-06,-0.02141567
2.93195e-06,-0.0214312
2.932e-06,-0.02142926
2.93205e-06,-0.02138849
2.9321e-06,-0.02133608
2.93215e-06,-0.0213089
2.9322e-06,-0.02131861
2.93225e-06,-0.02135355
2.9323e-06,-0.0213982
2.93235e-06,-0.02143702
2.9324e-06,-0.02147585
2.93245e-06,-0.02153408
2.9325e-06,-0.02160591
2.93255e-06,-0.02165056
2.9326e-06,-0.0216292
2.93265e-06,-0.02157097
2.9327e-06,-0.0215302
2.93275e-06,-0.02150885
2.9328e-06,-0.02145449
2.93285e-06,-0.02137878
2.9329e-06,-0.02134578
2.93295e-06,-0.02137684
2.933e-06,-0.02140984
2.93305e-06,-0.02140984
2.9331e-06,-0.02141955
2.93315e-06,-0.02148555
2.9332e-06,-0.02157291
2.93325e-06,-0.02160397
2.9333e-06,-0.0215632
2.93335e-06,-0.02152438
2.9334e-06,-0.02156903
2.93345e-06,-0.02166609
2.9335e-06,-0.02167385
2.93355e-06,-0.02152244
2.9336e-06,-0.02133414
2.93365e-06,-0.02131861
2.9337e-06,-0.0214972
2.93375e-06,-0.02166026
2.9338e-06,-0.02161561
2.93385e-06,-0.02141567
2.9339e-06,-0.02127784
2.93395e-06,-0.02132249
2.934e-06,-0.0214739
2.93405e-06,-0.02160203
2.9341e-06,-0.02165832
2.93415e-06,-0.02164473
2.9342e-06,-0.02156126
2.93425e-06,-0.0214312
2.9343e-06,-0.02132249
2.93435e-06,-0.02128755
2.9344e-06,-0.02129919
2.93445e-06,-0.02129531
2.9345e-06,-0.02126813
2.93455e-06,-0.02125455
2.9346e-06,-0.02129337
2.93465e-06,-0.02138849
2.9347e-06,-0.02150496
2.93475e-06,-0.02156514
2.9348e-06,-0.02151661
2.93485e-06,-0.02139431
2.9349e-06,-0.02129531
2.93495e-06,-0.02127396
2.935e-06,-0.02130114
2.93505e-06,-0.02132831
2.9351e-06,-0.02132249
2.93515e-06,-0.02126813
2.9352e-06,-0.02118272
2.93525e-06,-0.02109925
2.9353e-06,-0.02104489
2.93535e-06,-0.02101577
2.9354e-06,-0.02100024
2.93545e-06,-0.02101189
2.9355e-06,-0.02103325
2.93555e-06,-0.02102354
2.9356e-06,-0.02095948
2.93565e-06,-0.02088765
2.9357e-06,-0.02087601
2.93575e-06,-0.02091677
2.9358e-06,-0.02094201
2.93585e-06,-0.02088959
2.9359e-06,-0.02077506
2.93595e-06,-0.02066053
2.936e-06,-0.02058288
2.93605e-06,-0.02054017
2.9361e-06,-0.02052076
2.93615e-06,-0.02053435
2.9362e-06,-0.02060812
2.93625e-06,-0.02074206
2.9363e-06,-0.02087989
2.93635e-06,-0.02094201
2.9364e-06,-0.02090318
2.93645e-06,-0.02081777
2.9365e-06,-0.02074788
2.93655e-06,-0.02070518
2.9366e-06,-0.02065859
2.93665e-06,-0.020612
2.9367e-06,-0.02061394
2.93675e-06,-0.02068576
2.9368e-06,-0.02075371
2.93685e-06,-0.0207343
2.9369e-06,-0.02065082
2.93695e-06,-0.02061782
2.937e-06,-0.02069353
2.93705e-06,-0.02080806
2.9371e-06,-0.02086436
2.93715e-06,-0.02087212
2.9372e-06,-0.02090124
2.93725e-06,-0.02097501
2.9373e-06,-0.02104101
2.93735e-06,-0.0210313
2.9374e-06,-0.02094007
2.93745e-06,-0.02082942
2.9375e-06,-0.02076924
2.93755e-06,-0.02077118
2.9376e-06,-0.02079059
2.93765e-06,-0.02080418
2.9377e-06,-0.02083136
2.93775e-06,-0.02089154
2.9378e-06,-0.0209653
2.93785e-06,-0.02101383
2.9379e-06,-0.0209983
2.93795e-06,-0.02092648
2.938e-06,-0.02087018
2.93805e-06,-0.02091289
2.9381e-06,-0.02102354
2.93815e-06,-0.02106819
2.9382e-06,-0.02095948
2.93825e-06,-0.02079642
2.9383e-06,-0.02074594
2.93835e-06,-0.02083718
2.9384e-06,-0.02093424
2.93845e-06,-0.02093618
2.9385e-06,-0.02088959
2.93855e-06,-0.02089348
2.9386e-06,-0.02095365
2.93865e-06,-0.02099248
2.9387e-06,-0.02097501
2.93875e-06,-0.02095171
2.9388e-06,-0.02097501
2.93885e-06,-0.02104295
2.9389e-06,-0.02108566
2.93895e-06,-0.02104878
2.939e-06,-0.02095365
2.93905e-06,-0.02089348
2.9391e-06,-0.02092648
2.93915e-06,-0.02099248
2.9392e-06,-0.02097889
2.93925e-06,-0.02089154
2.9393e-06,-0.02086824
2.93935e-06,-0.02098471
2.9394e-06,-0.0211439
2.93945e-06,-0.02119437
2.9395e-06,-0.02111866
2.93955e-06,-0.02103325
2.9396e-06,-0.02102742
2.93965e-06,-0.02108372
2.9397e-06,-0.02115166
2.93975e-06,-0.02120407
2.9398e-06,-0.02121184
2.93985e-06,-0.02113419
2.9399e-06,-0.02099248
2.93995e-06,-0.02089348
2.94e-06,-0.02091483
2.94005e-06,-0.02101577
2.9401e-06,-0.02109925
2.94015e-06,-0.02112837
2.9402e-06,-0.02113613
2.94025e-06,-0.02112837
2.9403e-06,-0.02106819
2.94035e-06,-0.0209556
2.9404e-06,-0.02087406
2.94045e-06,-0.02090124
2.9405e-06,-0.02097695
2.94055e-06,-0.02095365
2.9406e-06,-0.02079253
2.94065e-06,-0.02062753
2.9407e-06,-0.02062365
2.94075e-06,-0.02077894
2.9408e-06,-0.02092842
2.94085e-06,-0.02095365
2.9409e-06,-0.02089736
2.94095e-06,-0.02088377
2.941e-06,-0.02094589
2.94105e-06,-0.02101577
2.9411e-06,-0.02103713
2.94115e-06,-0.02103325
2.9412e-06,-0.02104295
2.94125e-06,-0.0210546
2.9413e-06,-0.02102548
2.94135e-06,-0.02096724
2.9414e-06,-0.02093618
2.94145e-06,-0.02096142
2.9415e-06,-0.02099248
2.94155e-06,-0.02097307
2.9416e-06,-0.02093813
2.94165e-06,-0.02097889
2.9417e-06,-0.02110895
2.94175e-06,-0.02121572
2.9418e-06,-0.02119049
2.94185e-06,-0.02107983
2.9419e-06,-0.02102936
2.94195e-06,-0.02110119
2.942e-06,-0.02118854
2.94205e-06,-0.02115166
2.9421e-06,-0.02103713
2.94215e-06,-0.02101966
2.9422e-06,-0.0211439
2.94225e-06,-0.02123513
2.9423e-06,-0.02114584
2.94235e-06,-0.02098083
2.9424e-06,-0.02094783
2.94245e-06,-0.02107207
2.9425e-06,-0.02118078
2.94255e-06,-0.02116719
2.9426e-06,-0.02110119
2.94265e-06,-0.02108566
2.9427e-06,-0.02109342
2.94275e-06,-0.02104295
2.9428e-06,-0.02094783
2.94285e-06,-0.02092648
2.9429e-06,-0.02102936
2.94295e-06,-0.02114195
2.943e-06,-0.02108954
2.94305e-06,-0.02088377
2.9431e-06,-0.02071877
2.94315e-06,-0.02073041
2.9432e-06,-0.02082165
2.94325e-06,-0.0208333
2.9433e-06,-0.02078865
2.94335e-06,-0.02081971
2.9434e-06,-0.02094395
2.94345e-06,-0.02101772
2.9435e-06,-0.02095754
2.94355e-06,-0.02082942
2.9436e-06,-0.02074594
2.94365e-06,-0.02073041
2.9437e-06,-0.02075177
2.94375e-06,-0.02078865
2.9438e-06,-0.02081971
2.94385e-06,-0.02081389
2.9439e-06,-0.02078283
2.94395e-06,-0.02079059
2.944e-06,-0.02088183
2.94405e-06,-0.02100219
2.9441e-06,-0.02104878
2.94415e-06,-0.02099248
2.9442e-06,-0.0209226
2.94425e-06,-0.02092842
2.9443e-06,-0.02099054
2.94435e-06,-0.02100219
2.9444e-06,-0.02092648
2.94445e-06,-0.02083524
2.9445e-06,-0.02081389
2.94455e-06,-0.02083718
2.9446e-06,-0.0208333
2.94465e-06,-0.02080418
2.9447e-06,-0.02081777
2.94475e-06,-0.0208993
2.9448e-06,-0.02100413
2.94485e-06,-0.02106819
2.9449e-06,-0.02107013
2.94495e-06,-0.02100995
2.945e-06,-0.02090707
2.94505e-06,-0.020777
2.9451e-06,-0.020645
2.94515e-06,-0.02054406
2.9452e-06,-0.02051105
2.94525e-06,-0.020546
2.9453e-06,-0.02060035
2.94535e-06,-0.020612
2.9454e-06,-0.02056347
2.94545e-06,-0.02050911
2.9455e-06,-0.02050911
2.94555e-06,-0.0205557
2.9456e-06,-0.02059647
2.94565e-06,-0.02061588
2.9457e-06,-0.02063141
2.94575e-06,-0.02062559
2.9458e-06,-0.020546
2.94585e-06,-0.02040429
2.9459e-06,-0.02028975
2.94595e-06,-0.0202684
2.946e-06,-0.02030528
2.94605e-06,-0.02033246
2.9461e-06,-0.02033634
2.94615e-06,-0.02034993
2.9462e-06,-0.02038487
2.94625e-06,-0.02041787
2.9463e-06,-0.02043146
2.94635e-06,-0.02042758
2.9464e-06,-0.02040235
2.94645e-06,-0.02036546
2.9465e-06,-0.02033828
2.94655e-06,-0.02033052
2.9466e-06,-0.02029752
2.94665e-06,-0.02021987
2.9467e-06,-0.02015969
2.94675e-06,-0.02018104
2.9468e-06,-0.02023928
2.94685e-06,-0.02022375
2.9469e-06,-0.02014999
2.94695e-06,-0.02014999
2.947e-06,-0.02027422
2.94705e-06,-0.02041399
2.9471e-06,-0.02046252
2.94715e-06,-0.02047805
2.9472e-06,-0.02056929
2.94725e-06,-0.02069159
2.9473e-06,-0.02070712
2.94735e-06,-0.02058094
2.9474e-06,-0.02045088
2.94745e-06,-0.0204334
2.9475e-06,-0.02048776
2.94755e-06,-0.02049552
2.9476e-06,-0.02041982
2.94765e-06,-0.02034605
2.9477e-06,-0.0203577
2.94775e-06,-0.02044311
2.9478e-06,-0.02053435
2.94785e-06,-0.02058288
2.9479e-06,-0.02061782
2.94795e-06,-0.02068382
2.948e-06,-0.02076536
2.94805e-06,-0.02079642
2.9481e-06,-0.02074594
2.94815e-06,-0.02066053
2.9482e-06,-0.02060035
2.94825e-06,-0.0205557
2.9483e-06,-0.02047805
2.94835e-06,-0.02039652
2.9484e-06,-0.02041787
2.94845e-06,-0.020579
2.9485e-06,-0.02077118
2.94855e-06,-0.02085077
2.9486e-06,-0.02081195
2.94865e-06,-0.02076341
2.9487e-06,-0.02078477
2.94875e-06,-0.02084883
2.9488e-06,-0.02089736
2.94885e-06,-0.02091289
2.9489e-06,-0.02090512
2.94895e-06,-0.02084689
2.949e-06,-0.02070712
2.94905e-06,-0.020546
2.9491e-06,-0.02049941
2.94915e-06,-0.02061394
2.9492e-06,-0.02079836
2.94925e-06,-0.02092648
2.9493e-06,-0.02099636
2.94935e-06,-0.02107595
2.9494e-06,-0.02118466
2.94945e-06,-0.02124096
2.9495e-06,-0.02115748
2.94955e-06,-0.02095754
2.9496e-06,-0.02079642
2.94965e-06,-0.02080418
2.9497e-06,-0.02092648
2.94975e-06,-0.02098666
2.9498e-06,-0.02088959
2.94985e-06,-0.02074206
2.9499e-06,-0.02071488
2.94995e-06,-0.02084883
2.95e-06,-0.02101577
2.95005e-06,-0.02108178
2.9501e-06,-0.02103325
2.95015e-06,-0.02096918
2.9502e-06,-0.02098277
2.95025e-06,-0.02107207
2.9503e-06,-0.02113807
2.95035e-06,-0.02109536
2.9504e-06,-0.02097695
2.95045e-06,-0.02091483
2.9505e-06,-0.02097501
2.95055e-06,-0.02107401
2.9506e-06,-0.02109148
2.95065e-06,-0.02100607
2.9507e-06,-0.02090318
2.95075e-06,-0.02085853
2.9508e-06,-0.02088571
2.95085e-06,-0.02096918
2.9509e-06,-0.02109148
2.95095e-06,-0.02121378
2.951e-06,-0.02125649
2.95105e-06,-0.02119049
2.9511e-06,-0.02107789
2.95115e-06,-0.02101966
2.9512e-06,-0.02103907
2.95125e-06,-0.0210546
2.9513e-06,-0.02099054
2.95135e-06,-0.02087795
2.9514e-06,-0.02081777
2.95145e-06,-0.02082553
2.9515e-06,-0.02082165
2.95155e-06,-0.02076536
2.9516e-06,-0.02071877
2.95165e-06,-0.02076536
2.9517e-06,-0.02089348
2.95175e-06,-0.02100219
2.9518e-06,-0.02100219
2.95185e-06,-0.02089736
2.9519e-06,-0.02077118
2.95195e-06,-0.02069547
2.952e-06,-0.020678
2.95205e-06,-0.02070712
2.9521e-06,-0.02074594
2.95215e-06,-0.02072265
2.9522e-06,-0.02058288
2.95225e-06,-0.02041011
2.9523e-06,-0.02036934
2.95235e-06,-0.02049164
2.9524e-06,-0.02061782
2.95245e-06,-0.02062365
2.9525e-06,-0.02057706
2.95255e-06,-0.02060617
2.9526e-06,-0.02069159
2.95265e-06,-0.02068771
2.9527e-06,-0.02053047
2.95275e-06,-0.02034217
2.9528e-06,-0.02028781
2.95285e-06,-0.02038682
2.9529e-06,-0.02046641
2.95295e-06,-0.02036352
2.953e-06,-0.02014222
2.95305e-06,-0.02003351
2.9531e-06,-0.02016551
2.95315e-06,-0.02037711
2.9532e-06,-0.02041399
2.95325e-06,-0.02024122
2.9533e-06,-0.02008981
2.95335e-06,-0.02015193
2.9534e-06,-0.02033828
2.95345e-06,-0.0204004
2.9535e-06,-0.02024122
2.95355e-06,-0.0200238
2.9536e-06,-0.01993839
2.95365e-06,-0.02000828
2.9537e-06,-0.02009951
2.95375e-06,-0.02012087
2.9538e-06,-0.02009951
2.95385e-06,-0.02011504
2.9539e-06,-0.02017522
2.95395e-06,-0.02019852
2.954e-06,-0.02014028
2.95405e-06,-0.02007622
2.9541e-06,-0.02011504
2.95415e-06,-0.02023734
2.9542e-06,-0.02030528
2.95425e-06,-0.02024122
2.9543e-06,-0.02011893
2.95435e-06,-0.02006457
2.9544e-06,-0.02008204
2.95445e-06,-0.02010145
2.9545e-06,-0.02010145
2.95455e-06,-0.02011698
2.9546e-06,-0.02015775
2.95465e-06,-0.02019852
2.9547e-06,-0.02024899
2.95475e-06,-0.02034799
2.9548e-06,-0.02045476
2.95485e-06,-0.02046058
2.9549e-06,-0.02032275
2.95495e-06,-0.02014999
2.955e-06,-0.02010922
2.95505e-06,-0.0202354
2.9551e-06,-0.0204004
2.95515e-06,-0.02043535
2.9552e-06,-0.02030917
2.95525e-06,-0.02015193
2.9553e-06,-0.02012863
2.95535e-06,-0.02028781
2.9554e-06,-0.02049941
2.95545e-06,-0.02058482
2.9555e-06,-0.0204897
2.95555e-06,-0.02035576
2.9556e-06,-0.02035381
2.95565e-06,-0.02047805
2.9557e-06,-0.02057317
2.95575e-06,-0.02053629
2.9558e-06,-0.02042758
2.95585e-06,-0.02037517
2.9559e-06,-0.02039846
2.95595e-06,-0.02041787
2.956e-06,-0.02039264
2.95605e-06,-0.02037129
2.9561e-06,-0.02039846
2.95615e-06,-0.02043535
2.9562e-06,-0.02043729
2.95625e-06,-0.02042952
2.9563e-06,-0.0204567
2.95635e-06,-0.02051688
2.9564e-06,-0.0205557
2.95645e-06,-0.02053629
2.9565e-06,-0.02047611
2.95655e-06,-0.02041205
2.9566e-06,-0.02038099
2.95665e-06,-0.02041787
2.9567e-06,-0.02051688
2.95675e-06,-0.02059841
2.9568e-06,-0.02057317
2.95685e-06,-0.02045864
2.9569e-06,-0.02037711
2.95695e-06,-0.0204004
2.957e-06,-0.02047805
2.95705e-06,-0.02052853
2.9571e-06,-0.02057706
2.95715e-06,-0.02068382
2.9572e-06,-0.02081583
2.95725e-06,-0.02085853
2.9573e-06,-0.02076147
2.95735e-06,-0.02064888
2.9574e-06,-0.02067994
2.95745e-06,-0.02083912
2.9575e-06,-0.02091871
2.95755e-06,-0.0207673
2.9576e-06,-0.02050135
2.95765e-06,-0.02038876
2.9577e-06,-0.02053435
2.95775e-06,-0.02075565
2.9578e-06,-0.02085271
2.95785e-06,-0.02083136
2.9579e-06,-0.02084106
2.95795e-06,-0.02091677
2.958e-06,-0.02094977
2.95805e-06,-0.02088377
2.9581e-06,-0.02081971
2.95815e-06,-0.020843
2.9582e-06,-0.02088183
2.95825e-06,-0.02081777
2.9583e-06,-0.02068382
2.95835e-06,-0.02063141
2.9584e-06,-0.02069353
2.95845e-06,-0.02073235
2.9585e-06,-0.02064112
2.95855e-06,-0.02053823
2.9586e-06,-0.02060812
2.95865e-06,-0.02081195
2.9587e-06,-0.02091483
2.95875e-06,-0.02080612
2.9588e-06,-0.02066053
2.95885e-06,-0.02068576
2.9589e-06,-0.02081971
2.95895e-06,-0.02083524
2.959e-06,-0.02068188
2.95905e-06,-0.020546
2.9591e-06,-0.020546
2.95915e-06,-0.02057317
2.9592e-06,-0.02050911
2.95925e-06,-0.02044699
2.9593e-06,-0.02054017
2.95935e-06,-0.02071877
2.9594e-06,-0.02076536
2.95945e-06,-0.02064694
2.9595e-06,-0.020579
2.95955e-06,-0.02070906
2.9596e-06,-0.02087989
2.95965e-06,-0.02085077
2.9597e-06,-0.02064112
2.95975e-06,-0.02050135
2.9598e-06,-0.02055764
2.95985e-06,-0.02065276
2.9599e-06,-0.02057706
2.95995e-06,-0.02037323
2.96e-06,-0.02031305
2.96005e-06,-0.02054211
2.9601e-06,-0.02087212
2.96015e-06,-0.02098471
2.9602e-06,-0.02081
2.96025e-06,-0.02059453
2.9603e-06,-0.02056929
2.96035e-06,-0.02068188
2.9604e-06,-0.02072265
2.96045e-06,-0.02063918
2.9605e-06,-0.02056929
2.96055e-06,-0.02059259
2.9606e-06,-0.02063918
2.96065e-06,-0.02062753
2.9607e-06,-0.02057706
2.96075e-06,-0.02054988
2.9608e-06,-0.02055764
2.96085e-06,-0.02057706
2.9609e-06,-0.020612
2.96095e-06,-0.02067412
2.961e-06,-0.02074788
2.96105e-06,-0.02077506
2.9611e-06,-0.02070324
2.96115e-06,-0.02055958
2.9612e-06,-0.02044117
2.96125e-06,-0.02041205
2.9613e-06,-0.02043146
2.96135e-06,-0.02040623
2.9614e-06,-0.0203014
2.96145e-06,-0.02019075
2.9615e-06,-0.02019269
2.96155e-06,-0.02033634
2.9616e-06,-0.020513
2.96165e-06,-0.02054794
2.9617e-06,-0.02038099
2.96175e-06,-0.02015581
2.9618e-06,-0.02009951
2.96185e-06,-0.02026064
2.9619e-06,-0.02044893
2.96195e-06,-0.02044893
2.962e-06,-0.02028199
2.96205e-06,-0.02015387
2.9621e-06,-0.02018687
2.96215e-06,-0.02029946
2.9622e-06,-0.02036158
2.96225e-06,-0.02034605
2.9623e-06,-0.02029946
2.96235e-06,-0.02026258
2.9624e-06,-0.02025287
2.96245e-06,-0.02026646
2.9625e-06,-0.0202684
2.96255e-06,-0.02022763
2.9626e-06,-0.02017328
2.96265e-06,-0.02017522
2.9627e-06,-0.02026064
2.96275e-06,-0.02035964
2.9628e-06,-0.02037905
2.96285e-06,-0.02029946
2.9629e-06,-0.02018881
2.96295e-06,-0.02012863
2.963e-06,-0.02015969
2.96305e-06,-0.02025675
2.9631e-06,-0.02037905
2.96315e-06,-0.02046641
2.9632e-06,-0.02047999
2.96325e-06,-0.02041787
2.9633e-06,-0.0203344
2.96335e-06,-0.02030722
2.9634e-06,-0.02037129
2.96345e-06,-0.02045088
2.9635e-06,-0.0204004
2.96355e-06,-0.02019269
2.9636e-06,-0.01998692
2.96365e-06,-0.01996751
2.9637e-06,-0.0201131
2.96375e-06,-0.02021987
2.9638e-06,-0.0201694
2.96385e-06,-0.02006457
2.9639e-06,-0.02005875
2.96395e-06,-0.02017134
2.964e-06,-0.02027617
2.96405e-06,-0.0202684
2.9641e-06,-0.02015969
2.96415e-06,-0.02005681
2.9642e-06,-0.02005098
2.96425e-06,-0.0201364
2.9643e-06,-0.02021405
2.96435e-06,-0.02019269
2.9644e-06,-0.02009369
2.96445e-06,-0.01999857
2.9645e-06,-0.0199481
2.96455e-06,-0.01991898
2.9646e-06,-0.0198918
2.96465e-06,-0.01990345
2.9647e-06,-0.01997916
2.96475e-06,-0.0200801
2.9648e-06,-0.02013057
2.96485e-06,-0.02011116
2.9649e-06,-0.02008398
2.96495e-06,-0.02010145
2.965e-06,-0.02013446
2.96505e-06,-0.02010534
2.9651e-06,-0.02000633
2.96515e-06,-0.01992092
2.9652e-06,-0.01992092
2.96525e-06,-0.01998692
2.9653e-06,-0.02003351
2.96535e-06,-0.02000828
2.9654e-06,-0.01995198
2.96545e-06,-0.01995392
2.9655e-06,-0.02004516
2.96555e-06,-0.02014222
2.9656e-06,-0.02015581
2.96565e-06,-0.02011504
2.9657e-06,-0.02011504
2.96575e-06,-0.02015581
2.9658e-06,-0.02014222
2.96585e-06,-0.02006263
2.9659e-06,-0.02003351
2.96595e-06,-0.02010922
2.966e-06,-0.02018493
2.96605e-06,-0.02016163
2.9661e-06,-0.02012281
2.96615e-06,-0.0201791
2.9662e-06,-0.02028199
2.96625e-06,-0.02029752
2.9663e-06,-0.02022958
2.96635e-06,-0.0202121
2.9664e-06,-0.02029558
2.96645e-06,-0.02038099
2.9665e-06,-0.02037517
2.96655e-06,-0.02032858
2.9666e-06,-0.02034411
2.96665e-06,-0.02041011
2.9667e-06,-0.02042564
2.96675e-06,-0.0203344
2.9668e-06,-0.02021793
2.96685e-06,-0.02019463
2.9669e-06,-0.02028199
2.96695e-06,-0.0203907
2.967e-06,-0.02046252
2.96705e-06,-0.02053629
2.9671e-06,-0.02066829
2.96715e-06,-0.0208003
2.9672e-06,-0.02083912
2.96725e-06,-0.02080418
2.9673e-06,-0.02079447
2.96735e-06,-0.02082747
2.9674e-06,-0.02082359
2.96745e-06,-0.02074594
2.9675e-06,-0.02069741
2.96755e-06,-0.02077118
2.9676e-06,-0.02090124
2.96765e-06,-0.02094977
2.9677e-06,-0.0208993
2.96775e-06,-0.02087601
2.9678e-06,-0.02097889
2.96785e-06,-0.02113419
2.9679e-06,-0.02118854
2.96795e-06,-0.02109731
2.968e-06,-0.02098666
2.96805e-06,-0.02097113
2.9681e-06,-0.02102742
2.96815e-06,-0.02105848
2.9682e-06,-0.02102354
2.96825e-06,-0.02094977
2.9683e-06,-0.02085077
2.96835e-06,-0.0207343
2.9684e-06,-0.02066053
2.96845e-06,-0.02067994
2.9685e-06,-0.02077894
2.96855e-06,-0.02090512
2.9686e-06,-0.02102548
2.96865e-06,-0.02110507
2.9687e-06,-0.02109342
2.96875e-06,-0.02099442
2.9688e-06,-0.02091289
2.96885e-06,-0.02094201
2.9689e-06,-0.0210216
2.96895e-06,-0.02102936
2.969e-06,-0.02096142
2.96905e-06,-0.02090124
2.9691e-06,-0.02087018
2.96915e-06,-0.02084106
2.9692e-06,-0.02081971
2.96925e-06,-0.02084883
2.9693e-06,-0.02089542
2.96935e-06,-0.02089348
2.9694e-06,-0.02083912
2.96945e-06,-0.02079642
2.9695e-06,-0.02077894
2.96955e-06,-0.02073041
2.9696e-06,-0.02063723
2.96965e-06,-0.02056153
2.9697e-06,-0.02054017
2.96975e-06,-0.02054211
2.9698e-06,-0.02051882
2.96985e-06,-0.02048388
2.9699e-06,-0.02047999
2.96995e-06,-0.02049747
2.97e-06,-0.02047805
2.97005e-06,-0.02040235
2.9701e-06,-0.02033052
2.97015e-06,-0.02032664
2.9702e-06,-0.0203577
2.97025e-06,-0.02035576
2.9703e-06,-0.02030334
2.97035e-06,-0.02025287
2.9704e-06,-0.02022181
2.97045e-06,-0.02019269
2.9705e-06,-0.02014999
2.97055e-06,-0.02008981
2.9706e-06,-0.01999469
2.97065e-06,-0.01987045
2.9707e-06,-0.01976756
2.97075e-06,-0.01975786
2.9708e-06,-0.01985686
2.97085e-06,-0.01997722
2.9709e-06,-0.01997139
2.97095e-06,-0.01978697
2.971e-06,-0.01956567
2.97105e-06,-0.01951326
2.9711e-06,-0.01965885
2.97115e-06,-0.01980833
2.9712e-06,-0.01977727
2.97125e-06,-0.01959285
2.9713e-06,-0.01941426
2.97135e-06,-0.01934632
2.9714e-06,-0.01937155
2.97145e-06,-0.01942785
2.9715e-06,-0.01945308
2.97155e-06,-0.01942008
2.9716e-06,-0.01935602
2.97165e-06,-0.01934049
2.9717e-06,-0.01940649
2.97175e-06,-0.0194822
2.9718e-06,-0.0194725
2.97185e-06,-0.01937543
2.9719e-06,-0.01928808
2.97195e-06,-0.01930749
2.972e-06,-0.01942008
2.97205e-06,-0.01949191
2.9721e-06,-0.01940843
2.97215e-06,-0.01922402
2.9722e-06,-0.01910366
2.97225e-06,-0.01913278
2.9723e-06,-0.01922984
2.97235e-06,-0.01928808
2.9724e-06,-0.01930361
2.97245e-06,-0.01934049
2.9725e-06,-0.01942008
2.97255e-06,-0.01949579
2.9726e-06,-0.01950355
2.97265e-06,-0.01943949
2.9727e-06,-0.01935796
2.97275e-06,-0.01931137
2.9728e-06,-0.01929196
2.97285e-06,-0.01927643
2.9729e-06,-0.01929584
2.97295e-06,-0.01939485
2.973e-06,-0.01951908
2.97305e-06,-0.0195482
2.9731e-06,-0.01945308
2.97315e-06,-0.01937155
2.9732e-06,-0.01942591
2.97325e-06,-0.0195385
2.9733e-06,-0.01955209
2.97335e-06,-0.01947444
2.9734e-06,-0.01947638
2.97345e-06,-0.01961421
2.9735e-06,-0.01972097
2.97355e-06,-0.01965303
2.9736e-06,-0.01950744
2.97365e-06,-0.01949385
2.9737e-06,-0.0196375
2.97375e-06,-0.01976756
2.9738e-06,-0.01975009
2.97385e-06,-0.01965885
2.9739e-06,-0.01962391
2.97395e-06,-0.01966468
2.974e-06,-0.0197268
2.97405e-06,-0.01980056
2.9741e-06,-0.01992092
2.97415e-06,-0.02005292
2.9742e-06,-0.02010534
2.97425e-06,-0.02004322
2.9743e-06,-0.01995198
2.97435e-06,-0.01994033
2.9744e-06,-0.02000051
2.97445e-06,-0.02002963
2.9745e-06,-0.0199908
2.97455e-06,-0.01996169
2.9746e-06,-0.0199908
2.97465e-06,-0.02001798
2.9747e-06,-0.01998304
2.97475e-06,-0.01994616
2.9748e-06,-0.01997333
2.97485e-06,-0.02003157
2.9749e-06,-0.02003933
2.97495e-06,-0.01999469
2.975e-06,-0.01994421
2.97505e-06,-0.01989374
2.9751e-06,-0.01983356
2.97515e-06,-0.01977533
2.9752e-06,-0.0197598
2.97525e-06,-0.01979862
2.9753e-06,-0.01986074
2.97535e-06,-0.01989568
2.9754e-06,-0.01988598
2.97545e-06,-0.01987239
2.9755e-06,-0.01991898
2.97555e-06,-0.02001022
2.9756e-06,-0.02005681
2.97565e-06,-0.02001604
2.9757e-06,-0.01995392
2.97575e-06,-0.01993451
2.9758e-06,-0.01990733
2.97585e-06,-0.01979862
2.9759e-06,-0.01968797
2.97595e-06,-0.01972291
2.976e-06,-0.01990733
2.97605e-06,-0.02007039
2.9761e-06,-0.02007234
2.97615e-06,-0.01994421
2.9762e-06,-0.01981803
2.97625e-06,-0.01978697
2.9763e-06,-0.01984909
2.97635e-06,-0.01995974
2.9764e-06,-0.02006457
2.97645e-06,-0.0201131
2.9765e-06,-0.02007039
2.97655e-06,-0.01995974
2.9766e-06,-0.01987433
2.97665e-06,-0.0198821
2.9767e-06,-0.01994227
2.97675e-06,-0.01993063
2.9768e-06,-0.01981415
2.97685e-06,-0.01973068
2.9769e-06,-0.01982386
2.97695e-06,-0.02002575
2.977e-06,-0.02010534
2.97705e-06,-0.01996363
2.9771e-06,-0.01977533
2.97715e-06,-0.01974815
2.9772e-06,-0.01986268
2.97725e-06,-0.01994227
2.9773e-06,-0.01988015
2.97735e-06,-0.01973844
2.9774e-06,-0.01963168
2.97745e-06,-0.01959673
2.9775e-06,-0.01959285
2.97755e-06,-0.01957538
2.9776e-06,-0.01953461
2.97765e-06,-0.01951714
2.9777e-06,-0.01956373
2.97775e-06,-0.01965691
2.9778e-06,-0.01972486
2.97785e-06,-0.01970933
2.9779e-06,-0.01963556
2.97795e-06,-0.01959479
2.978e-06,-0.01964526
2.97805e-06,-0.01972874
2.9781e-06,-0.01972291
2.97815e-06,-0.01956762
2.9782e-06,-0.01936573
2.97825e-06,-0.01929002
2.9783e-06,-0.01940455
2.97835e-06,-0.01956373
2.9784e-06,-0.01959285
2.97845e-06,-0.01950355
2.9785e-06,-0.01944532
2.97855e-06,-0.01948997
2.9786e-06,-0.01958509
2.97865e-06,-0.0196705
2.9787e-06,-0.01974039
2.97875e-06,-0.0197695
2.9788e-06,-0.0197035
2.97885e-06,-0.0195812
2.9789e-06,-0.01952297
2.97895e-06,-0.01956567
2.979e-06,-0.01960644
2.97905e-06,-0.01955014
2.9791e-06,-0.01945697
2.97915e-06,-0.01944532
2.9792e-06,-0.01951908
2.97925e-06,-0.01959285
2.9793e-06,-0.01961615
2.97935e-06,-0.01959673
2.9794e-06,-0.01955209
2.97945e-06,-0.01949773
2.9795e-06,-0.01948608
2.97955e-06,-0.01954432
2.9796e-06,-0.01962197
2.97965e-06,-0.01962973
2.9797e-06,-0.01955985
2.97975e-06,-0.01946667
2.9798e-06,-0.01939485
2.97985e-06,-0.01936573
2.9799e-06,-0.01940455
2.97995e-06,-0.0194822
2.98e-06,-0.01950161
2.98005e-06,-0.01940649
2.9801e-06,-0.01928808
2.98015e-06,-0.0192939
2.9802e-06,-0.01943949
2.98025e-06,-0.0195715
2.9803e-06,-0.01955014
2.98035e-06,-0.01942008
2.9804e-06,-0.01933855
2.98045e-06,-0.01936379
2.9805e-06,-0.01937155
2.98055e-06,-0.01924149
2.9806e-06,-0.01905125
2.98065e-06,-0.01898913
2.9807e-06,-0.01911919
2.98075e-06,-0.01931331
2.9808e-06,-0.01941426
2.98085e-06,-0.01938126
2.9809e-06,-0.01929778
2.98095e-06,-0.01925314
2.981e-06,-0.0192842
2.98105e-06,-0.0193599
2.9811e-06,-0.01938708
2.98115e-06,-0.01930361
2.9812e-06,-0.01915413
2.98125e-06,-0.01908037
2.9813e-06,-0.01915219
2.98135e-06,-0.01928614
2.9814e-06,-0.0193502
2.98145e-06,-0.01932884
2.9815e-06,-0.01930361
2.98155e-06,-0.01930167
2.9816e-06,-0.01925314
2.98165e-06,-0.01913472
2.9817e-06,-0.01908619
2.98175e-06,-0.01923566
2.9818e-06,-0.01949579
2.98185e-06,-0.01961226
2.9819e-06,-0.01946279
2.98195e-06,-0.01923178
2.982e-06,-0.01918519
2.98205e-06,-0.0193502
2.9821e-06,-0.01949967
2.98215e-06,-0.01945114
2.9822e-06,-0.01928225
2.98225e-06,-0.01918908
2.9823e-06,-0.01924731
2.98235e-06,-0.01937932
2.9824e-06,-0.01947832
2.98245e-06,-0.0195152
2.9825e-06,-0.01950938
2.98255e-06,-0.01949385
2.9826e-06,-0.01946473
2.98265e-06,-0.01941814
2.9827e-06,-0.01938126
2.98275e-06,-0.0194162
2.9828e-06,-0.0195152
2.98285e-06,-0.01955791
2.9829e-06,-0.01945502
2.98295e-06,-0.01931137
2.983e-06,-0.01929584
2.98305e-06,-0.01942008
2.9831e-06,-0.01953267
2.98315e-06,-0.01955597
2.9832e-06,-0.01955985
2.98325e-06,-0.01962585
2.9833e-06,-0.01971127
2.98335e-06,-0.01973456
2.9834e-06,-0.01969768
2.98345e-06,-0.01965691
2.9835e-06,-0.01962973
2.98355e-06,-0.01959479
2.9836e-06,-0.01955403
2.98365e-06,-0.01954626
2.9837e-06,-0.01959285
2.98375e-06,-0.01967632
2.9838e-06,-0.01976368
2.98385e-06,-0.01984327
2.9839e-06,-0.01992092
2.98395e-06,-0.01997916
2.984e-06,-0.01999469
2.98405e-06,-0.01996751
2.9841e-06,-0.01993839
2.98415e-06,-0.01995198
2.9842e-06,-0.0200141
2.98425e-06,-0.02007039
2.9843e-06,-0.02004322
2.98435e-06,-0.0199248
2.9844e-06,-0.01982386
2.98445e-06,-0.01987045
2.9845e-06,-0.02003157
2.98455e-06,-0.02012863
2.9846e-06,-0.02006845
2.98465e-06,-0.01996169
2.9847e-06,-0.0199578
2.98475e-06,-0.02005292
2.9848e-06,-0.02013057
2.98485e-06,-0.02015387
2.9849e-06,-0.02017716
2.98495e-06,-0.0202354
2.985e-06,-0.02027811
2.98505e-06,-0.02024122
2.9851e-06,-0.02012087
2.98515e-06,-0.01998304
2.9852e-06,-0.01989374
2.98525e-06,-0.01989762
2.9853e-06,-0.0199908
2.98535e-06,-0.0201034
2.9854e-06,-0.02015969
2.98545e-06,-0.02013834
2.9855e-06,-0.02009563
2.98555e-06,-0.02008981
2.9856e-06,-0.0201131
2.98565e-06,-0.02011893
2.9857e-06,-0.02008398
2.98575e-06,-0.0200141
2.9858e-06,-0.01992674
2.98585e-06,-0.01983162
2.9859e-06,-0.01976562
2.98595e-06,-0.01975786
2.986e-06,-0.0197695
2.98605e-06,-0.01972874
2.9861e-06,-0.01962779
2.98615e-06,-0.01955597
2.9862e-06,-0.01957732
2.98625e-06,-0.01966274
2.9863e-06,-0.01974621
2.98635e-06,-0.01978892
2.9864e-06,-0.01978115
2.98645e-06,-0.01971515
2.9865e-06,-0.01961809
2.98655e-06,-0.01955403
2.9866e-06,-0.01955014
2.98665e-06,-0.01955209
2.9867e-06,-0.01948414
2.98675e-06,-0.01935408
2.9868e-06,-0.01924537
2.98685e-06,-0.01923955
2.9869e-06,-0.0193172
2.98695e-06,-0.0193929
2.987e-06,-0.01940649
2.98705e-06,-0.01938514
2.9871e-06,-0.0193929
2.98715e-06,-0.01945697
2.9872e-06,-0.01953267
2.98725e-06,-0.0195482
2.9873e-06,-0.01946861
2.98735e-06,-0.01933467
2.9874e-06,-0.01925314
2.98745e-06,-0.01928614
2.9875e-06,-0.01937155
2.98755e-06,-0.01935796
2.9876e-06,-0.01918519
2.98765e-06,-0.01898719
2.9877e-06,-0.01894836
2.98775e-06,-0.01909784
2.9878e-06,-0.01926672
2.98785e-06,-0.01929584
2.9879e-06,-0.01922402
2.98795e-06,-0.01918519
2.988e-06,-0.01922208
2.98805e-06,-0.01922596
2.9881e-06,-0.01912113
2.98815e-06,-0.01899301
2.9882e-06,-0.01896777
2.98825e-06,-0.01903184
2.9883e-06,-0.01905901
2.98835e-06,-0.01901631
2.9884e-06,-0.01899495
2.98845e-06,-0.01902019
2.9885e-06,-0.0189833
2.98855e-06,-0.01882995
2.9886e-06,-0.01869406
2.98865e-06,-0.01873483
2.9887e-06,-0.01890371
2.98875e-06,-0.01901631
2.9888e-06,-0.01899107
2.98885e-06,-0.01891924
2.9889e-06,-0.01888236
2.98895e-06,-0.0188513
2.989e-06,-0.01878336
2.98905e-06,-0.01874453
2.9891e-06,-0.01881248
2.98915e-06,-0.01892313
2.9892e-06,-0.01893672
2.98925e-06,-0.01883965
2.9893e-06,-0.01877559
2.98935e-06,-0.01884936
2.9894e-06,-0.01898719
2.98945e-06,-0.01903378
2.9895e-06,-0.01896195
2.98955e-06,-0.01891148
2.9896e-06,-0.01899301
2.98965e-06,-0.01912113
2.9897e-06,-0.01910948
2.98975e-06,-0.01892507
2.9898e-06,-0.01874065
2.98985e-06,-0.01871736
2.9899e-06,-0.01882995
2.98995e-06,-0.01894448
2.99e-06,-0.0190066
2.99005e-06,-0.01908037
2.9901e-06,-0.01920849
2.99015e-06,-0.01932108
2.9902e-06,-0.01930555
2.99025e-06,-0.0191716
2.9903e-06,-0.01905901
2.99035e-06,-0.01908813
2.9904e-06,-0.01920655
2.99045e-06,-0.01927061
2.9905e-06,-0.01923566
2.99055e-06,-0.01920072
2.9906e-06,-0.01923566
2.99065e-06,-0.01926867
2.9907e-06,-0.01920266
2.99075e-06,-0.01907066
2.9908e-06,-0.01901242
2.99085e-06,-0.01911725
2.9909e-06,-0.01934049
2.99095e-06,-0.01954044
2.991e-06,-0.01958703
2.99105e-06,-0.01946861
2.9911e-06,-0.01930943
2.99115e-06,-0.01924925
2.9912e-06,-0.01927643
2.99125e-06,-0.01925702
2.9913e-06,-0.01912696
2.99135e-06,-0.01901048
2.9914e-06,-0.0190629
2.99145e-06,-0.01924925
2.9915e-06,-0.01936961
2.99155e-06,-0.01929584
2.9916e-06,-0.01911531
2.99165e-06,-0.01903378
2.9917e-06,-0.01915413
2.99175e-06,-0.01939485
2.9918e-06,-0.01956762
2.99185e-06,-0.01954044
2.9919e-06,-0.01933855
2.99195e-06,-0.01914443
2.992e-06,-0.01912696
2.99205e-06,-0.01927837
2.9921e-06,-0.01940843
2.99215e-06,-0.01936573
2.9922e-06,-0.01922984
2.99225e-06,-0.01920072
2.9923e-06,-0.01933855
2.99235e-06,-0.01949385
2.9924e-06,-0.01952103
2.99245e-06,-0.01946085
2.9925e-06,-0.01945308
2.99255e-06,-0.01953073
2.9926e-06,-0.0196045
2.99265e-06,-0.01960838
2.9927e-06,-0.01957538
2.99275e-06,-0.01955014
2.9928e-06,-0.01953461
2.99285e-06,-0.01949967
2.9929e-06,-0.01943561
2.99295e-06,-0.01935602
2.993e-06,-0.01930943
2.99305e-06,-0.01935214
2.9931e-06,-0.01946861
2.99315e-06,-0.01956373
2.9932e-06,-0.01956956
2.99325e-06,-0.01953267
2.9933e-06,-0.01954044
2.99335e-06,-0.01960256
2.9934e-06,-0.01964721
2.99345e-06,-0.01962391
2.9935e-06,-0.0195482
2.99355e-06,-0.01947055
2.9936e-06,-0.01940261
2.99365e-06,-0.01934437
2.9937e-06,-0.01932496
2.99375e-06,-0.01936961
2.9938e-06,-0.01942979
2.99385e-06,-0.01940455
2.9939e-06,-0.01929002
2.99395e-06,-0.01921431
2.994e-06,-0.01927255
2.99405e-06,-0.01939873
2.9941e-06,-0.01947055
2.99415e-06,-0.01946279
2.9942e-06,-0.01944144
2.99425e-06,-0.01943173
2.9943e-06,-0.01940455
2.99435e-06,-0.01936379
2.9944e-06,-0.01934437
2.99445e-06,-0.01937737
2.9945e-06,-0.01945308
2.99455e-06,-0.01953267
2.9946e-06,-0.01956179
2.99465e-06,-0.01951326
2.9947e-06,-0.01943173
2.99475e-06,-0.01941814
2.9948e-06,-0.01953267
2.99485e-06,-0.01973262
2.9949e-06,-0.01989957
2.99495e-06,-0.01992092
2.995e-06,-0.01979474
2.99505e-06,-0.01962973
2.9951e-06,-0.01954626
2.99515e-06,-0.01955985
2.9952e-06,-0.01959868
2.99525e-06,-0.01962973
2.9953e-06,-0.01966662
2.99535e-06,-0.01968991
2.9954e-06,-0.01964721
2.99545e-06,-0.01954626
2.9955e-06,-0.01948803
2.99555e-06,-0.01952103
2.9956e-06,-0.01959091
2.99565e-06,-0.01962779
2.9957e-06,-0.01964526
2.99575e-06,-0.01966662
2.9958e-06,-0.01965691
2.99585e-06,-0.01956373
2.9959e-06,-0.01943755
2.99595e-06,-0.01939873
2.996e-06,-0.01946861
2.99605e-06,-0.0195385
2.9961e-06,-0.0195152
2.99615e-06,-0.01942591
2.9962e-06,-0.01936961
2.99625e-06,-0.01938902
2.9963e-06,-0.01945697
2.99635e-06,-0.01950744
2.9964e-06,-0.0194822
2.99645e-06,-0.01939873
2.9965e-06,-0.01935214
2.99655e-06,-0.01941038
2.9966e-06,-0.01949579
2.99665e-06,-0.01947444
2.9967e-06,-0.01933273
2.99675e-06,-0.01920849
2.9968e-06,-0.01921819
2.99685e-06,-0.01933079
2.9969e-06,-0.01943367
2.99695e-06,-0.01943755
2.997e-06,-0.01936767
2.99705e-06,-0.01934243
2.9971e-06,-0.01946085
2.99715e-06,-0.01964526
2.9972e-06,-0.0197035
2.99725e-06,-0.01952879
2.9973e-06,-0.01925314
2.99735e-06,-0.0191056
2.9974e-06,-0.01916772
2.99745e-06,-0.01930361
2.9975e-06,-0.01933855
2.99755e-06,-0.01924537
2.9976e-06,-0.01913666
2.99765e-06,-0.01909784
2.9977e-06,-0.01908425
2.99775e-06,-0.01905513
2.9978e-06,-0.01905901
2.99785e-06,-0.01915219
2.9979e-06,-0.01926867
2.99795e-06,-0.01928225
2.998e-06,-0.01917549
2.99805e-06,-0.01905319
2.9981e-06,-0.01898719
2.99815e-06,-0.01893089
2.9982e-06,-0.01883771
2.99825e-06,-0.01876395
2.9983e-06,-0.01879112
2.99835e-06,-0.01886683
2.9984e-06,-0.01885907
2.99845e-06,-0.01874065
2.9985e-06,-0.01864553
2.99855e-06,-0.01870959
2.9986e-06,-0.01886101
2.99865e-06,-0.01889789
2.9987e-06,-0.01875424
2.99875e-06,-0.01860476
2.9988e-06,-0.01862224
2.99885e-06,-0.0187523
2.9989e-06,-0.01881054
2.99895e-06,-0.01874842
2.999e-06,-0.01868241
2.99905e-06,-0.01866883
2.9991e-06,-0.01862806
2.99915e-06,-0.01850964
2.9992e-06,-0.01841841
2.99925e-06,-0.0184747
2.9993e-06,-0.01862029
2.99935e-06,-0.01867271
2.9994e-06,-0.01858923
2.99945e-06,-0.01853294
2.9995e-06,-0.01864165
2.99955e-06,-0.01880083
2.9996e-06,-0.01878142
2.99965e-06,-0.01856012
2.9997e-06,-0.01835435
2.99975e-06,-0.01833687
2.9998e-06,-0.01842811
2.99985e-06,-0.01846111
2.9999e-06,-0.01841647
2.99995e-06,-0.01840482
3e-06,-0.01847664
3.00005e-06,-0.018564
3.0001e-06,-0.01858729
3.00015e-06,-0.01854459
3.0002e-06,-0.01850382
3.00025e-06,-0.01852906
3.0003e-06,-0.01863388
3.00035e-06,-0.0187523
3.0004e-06,-0.01877753
3.00045e-06,-0.01868241
3.0005e-06,-0.01856594
3.00055e-06,-0.01853294
3.0006e-06,-0.01857176
3.00065e-06,-0.01859312
3.0007e-06,-0.01856982
3.00075e-06,-0.01855623
3.0008e-06,-0.01858147
3.00085e-06,-0.01862418
3.0009e-06,-0.01866106
3.00095e-06,-0.01869988
3.001e-06,-0.01872512
3.00105e-06,-0.01870765
3.0011e-06,-0.0186533
3.00115e-06,-0.01859894
3.0012e-06,-0.01856012
3.00125e-06,-0.01853488
3.0013e-06,-0.01854847
3.00135e-06,-0.01862806
3.0014e-06,-0.01874259
3.00145e-06,-0.01881054
3.0015e-06,-0.01878918
3.00155e-06,-0.01874065
3.0016e-06,-0.01876589
3.00165e-06,-0.01889013
3.0017e-06,-0.01903378
3.00175e-06,-0.01911143
3.0018e-06,-0.01912501
3.00185e-06,-0.01913084
3.0019e-06,-0.01915607
3.00195e-06,-0.01916966
3.002e-06,-0.01913472
3.00205e-06,-0.01905707
3.0021e-06,-0.01899301
3.00215e-06,-0.01899301
3.0022e-06,-0.01905901
3.00225e-06,-0.01913084
3.0023e-06,-0.01914443
3.00235e-06,-0.01908231
3.0024e-06,-0.01901631
3.00245e-06,-0.01902407
3.0025e-06,-0.01911337
3.00255e-06,-0.01919102
3.0026e-06,-0.01917355
3.00265e-06,-0.01909201
3.0027e-06,-0.01903766
3.00275e-06,-0.01903572
3.0028e-06,-0.01903184
3.00285e-06,-0.01899495
3.0029e-06,-0.01895419
3.00295e-06,-0.01892507
3.003e-06,-0.01887654
3.00305e-06,-0.01880083
3.0031e-06,-0.01875812
3.00315e-06,-0.01879112
3.0032e-06,-0.0188513
3.00325e-06,-0.01887265
3.0033e-06,-0.01887265
3.00335e-06,-0.01891924
3.0034e-06,-0.01900078
3.00345e-06,-0.01902795
3.0035e-06,-0.01896972
3.00355e-06,-0.01889595
3.0036e-06,-0.01885907
3.00365e-06,-0.01881248
3.0037e-06,-0.01871153
3.00375e-06,-0.01861447
3.0038e-06,-0.01860476
3.00385e-06,-0.01867659
3.0039e-06,-0.01873677
3.00395e-06,-0.01874065
3.004e-06,-0.01873483
3.00405e-06,-0.01877753
3.0041e-06,-0.01886683
3.00415e-06,-0.01892895
3.0042e-06,-0.01888818
3.00425e-06,-0.0187523
3.0043e-06,-0.01861253
3.00435e-06,-0.01856012
3.0044e-06,-0.01857953
3.00445e-06,-0.01858147
3.0045e-06,-0.0185077
3.00455e-06,-0.01839511
3.0046e-06,-0.01833105
3.00465e-06,-0.01837182
3.0047e-06,-0.01848441
3.00475e-06,-0.01855818
3.0048e-06,-0.01851935
3.00485e-06,-0.01842423
3.0049e-06,-0.0184087
3.00495e-06,-0.01849994
3.005e-06,-0.01854653
3.00505e-06,-0.01842035
3.0051e-06,-0.01820487
3.00515e-06,-0.01810781
3.0052e-06,-0.01819516
3.00525e-06,-0.01832523
3.0053e-06,-0.01833882
3.00535e-06,-0.01823205
3.0054e-06,-0.0181214
3.00545e-06,-0.01811557
3.0055e-06,-0.01821652
3.00555e-06,-0.01832134
3.0056e-06,-0.01833299
3.00565e-06,-0.01826699
3.0057e-06,-0.01824175
3.00575e-06,-0.0182864
3.0058e-06,-0.01828058
3.00585e-06,-0.01811752
3.0059e-06,-0.01788845
3.00595e-06,-0.01779721
3.006e-06,-0.01789816
3.00605e-06,-0.01805151
3.0061e-06,-0.01810199
3.00615e-06,-0.01805734
3.0062e-06,-0.0180224
3.00625e-06,-0.01806704
3.0063e-06,-0.01816411
3.00635e-06,-0.01826311
3.0064e-06,-0.01832911
3.00645e-06,-0.01836211
3.0065e-06,-0.01835046
3.00655e-06,-0.0182767
3.0066e-06,-0.01815634
3.00665e-06,-0.01807093
3.0067e-06,-0.01810004
3.00675e-06,-0.01820681
3.0068e-06,-0.01826117
3.00685e-06,-0.0182204
3.0069e-06,-0.01817963
3.00695e-06,-0.01822817
3.007e-06,-0.0183194
3.00705e-06,-0.01834076
3.0071e-06,-0.01826505
3.00715e-06,-0.01819711
3.0072e-06,-0.01823787
3.00725e-06,-0.01836211
3.0073e-06,-0.01843976
3.00735e-06,-0.01839705
3.0074e-06,-0.01828252
3.00745e-06,-0.01819905
3.0075e-06,-0.01817575
3.00755e-06,-0.01817769
3.0076e-06,-0.01819322
3.00765e-06,-0.01824952
3.0077e-06,-0.01832717
3.00775e-06,-0.01837376
3.0078e-06,-0.01838152
3.00785e-06,-0.01841452
3.0079e-06,-0.01848635
3.00795e-06,-0.01852906
3.008e-06,-0.01848441
3.00805e-06,-0.01840288
3.0081e-06,-0.01836405
3.00815e-06,-0.01836405
3.0082e-06,-0.01833882
3.00825e-06,-0.01829223
3.0083e-06,-0.01830581
3.00835e-06,-0.01840288
3.0084e-06,-0.01848247
3.00845e-06,-0.01844558
3.0085e-06,-0.01835629
3.00855e-06,-0.01835823
3.0086e-06,-0.01846888
3.00865e-06,-0.01855818
3.0087e-06,-0.01851935
3.00875e-06,-0.01840094
3.0088e-06,-0.01833493
3.00885e-06,-0.01839123
3.0089e-06,-0.01850964
3.00895e-06,-0.0185737
3.009e-06,-0.01849994
3.00905e-06,-0.01833493
3.0091e-06,-0.01821069
3.00915e-06,-0.01820293
3.0092e-06,-0.01825923
3.00925e-06,-0.01828252
3.0093e-06,-0.01826699
3.00935e-06,-0.01828252
3.0094e-06,-0.0183524
3.00945e-06,-0.01842617
3.0095e-06,-0.01844364
3.00955e-06,-0.01841841
3.0096e-06,-0.01840094
3.00965e-06,-0.01842035
3.0097e-06,-0.01845141
3.00975e-06,-0.01846111
3.0098e-06,-0.01842617
3.00985e-06,-0.01833493
3.0099e-06,-0.01821264
3.00995e-06,-0.01814469
3.01e-06,-0.01821458
3.01005e-06,-0.01837764
3.0101e-06,-0.01848247
3.01015e-06,-0.01846305
3.0102e-06,-0.01841841
3.01025e-06,-0.01843782
3.0103e-06,-0.01845141
3.01035e-06,-0.01836793
3.0104e-06,-0.01824564
3.01045e-06,-0.01822622
3.0105e-06,-0.01829999
3.01055e-06,-0.0183194
3.0106e-06,-0.01821458
3.01065e-06,-0.01810199
3.0107e-06,-0.01811169
3.01075e-06,-0.01822428
3.0108e-06,-0.01830776
3.01085e-06,-0.01830387
3.0109e-06,-0.01827281
3.01095e-06,-0.01830387
3.011e-06,-0.01839899
3.01105e-06,-0.0184747
3.0111e-06,-0.01844947
3.01115e-06,-0.01832134
3.0112e-06,-0.01817381
3.01125e-06,-0.01810587
3.0113e-06,-0.01813499
3.01135e-06,-0.01817575
3.0114e-06,-0.01813305
3.01145e-06,-0.01803598
3.0115e-06,-0.01801463
3.01155e-06,-0.01813499
3.0116e-06,-0.0182864
3.01165e-06,-0.01830387
3.0117e-06,-0.01818158
3.01175e-06,-0.01809422
3.0118e-06,-0.01818352
3.01185e-06,-0.01838541
3.0119e-06,-0.0185077
3.01195e-06,-0.01843588
3.012e-06,-0.01821846
3.01205e-06,-0.01800492
3.0121e-06,-0.01794086
3.01215e-06,-0.01804957
3.0122e-06,-0.01820875
3.01225e-06,-0.01825146
3.0123e-06,-0.01815828
3.01235e-06,-0.01808451
3.0124e-06,-0.01815634
3.01245e-06,-0.01829805
3.0125e-06,-0.01832523
3.01255e-06,-0.01820293
3.0126e-06,-0.01808063
3.01265e-06,-0.01806898
3.0127e-06,-0.01811363
3.01275e-06,-0.01812334
3.0128e-06,-0.0181214
3.01285e-06,-0.01816605
3.0129e-06,-0.01822622
3.01295e-06,-0.01820681
3.013e-06,-0.01811752
3.01305e-06,-0.0180651
3.0131e-06,-0.01810975
3.01315e-06,-0.01819516
3.0132e-06,-0.01823011
3.01325e-06,-0.01820099
3.0133e-06,-0.01816605
3.01335e-06,-0.01817769
3.0134e-06,-0.01820875
3.01345e-06,-0.01820099
3.0135e-06,-0.01814081
3.01355e-06,-0.01807287
3.0136e-06,-0.0180224
3.01365e-06,-0.01796998
3.0137e-06,-0.01791369
3.01375e-06,-0.01789816
3.0138e-06,-0.01796222
3.01385e-06,-0.01808451
3.0139e-06,-0.01818546
3.01395e-06,-0.01820875
3.014e-06,-0.01817963
3.01405e-06,-0.01816799
3.0141e-06,-0.01820099
3.01415e-06,-0.01822234
3.0142e-06,-0.01816605
3.01425e-06,-0.01805151
3.0143e-06,-0.01796416
3.01435e-06,-0.01793892
3.0144e-06,-0.01795057
3.01445e-06,-0.01795445
3.0145e-06,-0.01792922
3.01455e-06,-0.01787486
3.0146e-06,-0.0178341
3.01465e-06,-0.0178671
3.0147e-06,-0.01796028
3.01475e-06,-0.01800687
3.0148e-06,-0.01794086
3.01485e-06,-0.01785351
3.0149e-06,-0.01787874
3.01495e-06,-0.01801269
3.015e-06,-0.01811557
3.01505e-06,-0.01808063
3.0151e-06,-0.0179331
3.01515e-06,-0.01779915
3.0152e-06,-0.01778751
3.01525e-06,-0.01789427
3.0153e-06,-0.01798939
3.01535e-06,-0.01795251
3.0154e-06,-0.01781274
3.01545e-06,-0.0177215
3.0155e-06,-0.01778362
3.01555e-06,-0.01795833
3.0156e-06,-0.01811752
3.01565e-06,-0.01815634
3.0157e-06,-0.01804763
3.01575e-06,-0.01785351
3.0158e-06,-0.0176885
3.01585e-06,-0.01765162
3.0159e-06,-0.0177448
3.01595e-06,-0.01784768
3.016e-06,-0.01782051
3.01605e-06,-0.01767491
3.0161e-06,-0.01756815
3.01615e-06,-0.01762638
3.0162e-06,-0.01779139
3.01625e-06,-0.01788651
3.0163e-06,-0.01783215
3.01635e-06,-0.01774286
3.0164e-06,-0.01777392
3.01645e-06,-0.01792533
3.0165e-06,-0.01802045
3.01655e-06,-0.01792339
3.0166e-06,-0.01770986
3.01665e-06,-0.0175895
3.0167e-06,-0.01767103
3.01675e-06,-0.01782827
3.0168e-06,-0.01785157
3.01685e-06,-0.01771374
3.0169e-06,-0.01760115
3.01695e-06,-0.01767686
3.017e-06,-0.01787486
3.01705e-06,-0.01800104
3.0171e-06,-0.01797581
3.01715e-06,-0.01789039
3.0172e-06,-0.01783021
3.01725e-06,-0.01779527
3.0173e-06,-0.01775451
3.01735e-06,-0.01770403
3.0174e-06,-0.01766133
3.01745e-06,-0.01765744
3.0175e-06,-0.01770403
3.01755e-06,-0.01776809
3.0176e-06,-0.01778945
3.01765e-06,-0.01774868
3.0177e-06,-0.01770597
3.01775e-06,-0.01773315
3.0178e-06,-0.01784186
3.01785e-06,-0.01796028
3.0179e-06,-0.0180224
3.01795e-06,-0.0180224
3.018e-06,-0.01800687
3.01805e-06,-0.0179991
3.0181e-06,-0.01797581
3.01815e-06,-0.01791757
3.0182e-06,-0.01784574
3.01825e-06,-0.01780498
3.0183e-06,-0.01778362
3.01835e-06,-0.01774868
3.0184e-06,-0.0177215
3.01845e-06,-0.01778168
3.0185e-06,-0.01792339
3.01855e-06,-0.01801269
3.0186e-06,-0.0179428
3.01865e-06,-0.01779915
3.0187e-06,-0.01775451
3.01875e-06,-0.01784186
3.0188e-06,-0.01791951
3.01885e-06,-0.0178768
3.0189e-06,-0.01777974
3.01895e-06,-0.01774868
3.019e-06,-0.0177778
3.01905e-06,-0.01775256
3.0191e-06,-0.01763997
3.01915e-06,-0.01756232
3.0192e-06,-0.01761085
3.01925e-06,-0.01770986
3.0193e-06,-0.01774286
3.01935e-06,-0.01772539
3.0194e-06,-0.01776421
3.01945e-06,-0.0178671
3.0195e-06,-0.01793892
3.01955e-06,-0.01792533
3.0196e-06,-0.01788457
3.01965e-06,-0.0178671
3.0197e-06,-0.01783604
3.01975e-06,-0.0177448
3.0198e-06,-0.01764774
3.01985e-06,-0.01764191
3.0199e-06,-0.01773121
3.01995e-06,-0.01783798
3.02e-06,-0.01790592
3.02005e-06,-0.01795251
3.0201e-06,-0.01799716
3.02015e-06,-0.01800881
3.0202e-06,-0.01796416
3.02025e-06,-0.01789622
3.0203e-06,-0.01786516
3.02035e-06,-0.01785739
3.0204e-06,-0.01779333
3.02045e-06,-0.01765162
3.0205e-06,-0.01753709
3.02055e-06,-0.01757009
3.0206e-06,-0.01771374
3.02065e-06,-0.0178108
3.0207e-06,-0.01779139
3.02075e-06,-0.01774868
3.0208e-06,-0.01777198
3.02085e-06,-0.01781857
3.0209e-06,-0.01780109
3.02095e-06,-0.01774286
3.021e-06,-0.01774868
3.02105e-06,-0.01783604
3.0211e-06,-0.0178768
3.02115e-06,-0.01776227
3.0212e-06,-0.01758562
3.02125e-06,-0.01754873
3.0213e-06,-0.01770597
3.02135e-06,-0.01785739
3.0214e-06,-0.01779915
3.02145e-06,-0.01756815
3.0215e-06,-0.01738761
3.02155e-06,-0.01742255
3.0216e-06,-0.01762444
3.02165e-06,-0.01780498
3.0217e-06,-0.0178438
3.02175e-06,-0.01778556
3.0218e-06,-0.01777004
3.02185e-06,-0.01785351
3.0219e-06,-0.01793892
3.02195e-06,-0.01789622
3.022e-06,-0.01773898
3.02205e-06,-0.01761668
3.0221e-06,-0.01762638
3.02215e-06,-0.01770015
3.0222e-06,-0.01769433
3.02225e-06,-0.01757785
3.0223e-06,-0.01746332
3.02235e-06,-0.01746138
3.0224e-06,-0.01754485
3.02245e-06,-0.01761085
3.0225e-06,-0.01763027
3.02255e-06,-0.01765356
3.0226e-06,-0.01769239
3.02265e-06,-0.01769044
3.0227e-06,-0.01763997
3.02275e-06,-0.01763027
3.0228e-06,-0.01770986
3.02285e-06,-0.01777392
3.0229e-06,-0.01768656
3.02295e-06,-0.01749438
3.023e-06,-0.01738761
3.02305e-06,-0.01744973
3.0231e-06,-0.01755844
3.02315e-06,-0.01757009
3.0232e-06,-0.01751379
3.02325e-06,-0.0175235
3.0233e-06,-0.0176225
3.02335e-06,-0.01768656
3.0234e-06,-0.01762638
3.02345e-06,-0.01751185
3.0235e-06,-0.01745361
3.02355e-06,-0.01745167
3.0236e-06,-0.01741091
3.02365e-06,-0.01729832
3.0237e-06,-0.01720902
3.02375e-06,-0.01721873
3.0238e-06,-0.01727696
3.02385e-06,-0.0173022
3.0239e-06,-0.0173022
3.02395e-06,-0.01735073
3.024e-06,-0.01744003
3.02405e-06,-0.01748856
3.0241e-06,-0.01745556
3.02415e-06,-0.01737985
3.0242e-06,-0.01732549
3.02425e-06,-0.01730802
3.0243e-06,-0.01732355
3.02435e-06,-0.01735461
3.0244e-06,-0.01735267
3.02445e-06,-0.01729249
3.0245e-06,-0.01723037
3.02455e-06,-0.01725173
3.0246e-06,-0.01732743
3.02465e-06,-0.01734296
3.0247e-06,-0.0172692
3.02475e-06,-0.01722843
3.0248e-06,-0.01731967
3.02485e-06,-0.01747691
3.0249e-06,-0.01754679
3.02495e-06,-0.01747109
3.025e-06,-0.01733132
3.02505e-06,-0.01723037
3.0251e-06,-0.01719349
3.02515e-06,-0.01718767
3.0252e-06,-0.01720708
3.02525e-06,-0.01724978
3.0253e-06,-0.01727308
3.02535e-06,-0.01723231
3.0254e-06,-0.01717602
3.02545e-06,-0.01721096
3.0255e-06,-0.01735073
3.02555e-06,-0.01747109
3.0256e-06,-0.01747691
3.02565e-06,-0.01741479
3.0257e-06,-0.01739344
3.02575e-06,-0.01741673
3.0258e-06,-0.01737985
3.02585e-06,-0.01724978
3.0259e-06,-0.01713913
3.02595e-06,-0.01717019
3.026e-06,-0.01730802
3.02605e-06,-0.01739538
3.0261e-06,-0.01736238
3.02615e-06,-0.01728667
3.0262e-06,-0.01727308
3.02625e-06,-0.01732743
3.0263e-06,-0.01739344
3.02635e-06,-0.01744585
3.0264e-06,-0.01748856
3.02645e-06,-0.0175002
3.0265e-06,-0.01744197
3.02655e-06,-0.01734296
3.0266e-06,-0.01727696
3.02665e-06,-0.01726726
3.0267e-06,-0.01725755
3.02675e-06,-0.01721484
3.0268e-06,-0.01719737
3.02685e-06,-0.01725367
3.0269e-06,-0.01732549
3.02695e-06,-0.01732355
3.027e-06,-0.01729055
3.02705e-06,-0.01733908
3.0271e-06,-0.0174672
3.02715e-06,-0.01754291
3.0272e-06,-0.01749244
3.02725e-06,-0.01741091
3.0273e-06,-0.01742061
3.02735e-06,-0.01751379
3.0274e-06,-0.01757979
3.02745e-06,-0.01755456
3.0275e-06,-0.01744973
3.02755e-06,-0.01730802
3.0276e-06,-0.01718572
3.02765e-06,-0.01716243
3.0277e-06,-0.01725949
3.02775e-06,-0.01740508
3.0278e-06,-0.01749632
3.02785e-06,-0.01751185
3.0279e-06,-0.01749826
3.02795e-06,-0.01748856
3.028e-06,-0.01748273
3.02805e-06,-0.01747691
3.0281e-06,-0.01748079
3.02815e-06,-0.01748079
3.0282e-06,-0.01745361
3.02825e-06,-0.01740897
3.0283e-06,-0.01738373
3.02835e-06,-0.01737597
3.0284e-06,-0.01735267
3.02845e-06,-0.01732549
3.0285e-06,-0.01735849
3.02855e-06,-0.01747109
3.0286e-06,-0.01758756
3.02865e-06,-0.01762444
3.0287e-06,-0.01759144
3.02875e-06,-0.01757979
3.0288e-06,-0.0176225
3.02885e-06,-0.01765162
3.0289e-06,-0.01759338
3.02895e-06,-0.01747109
3.029e-06,-0.01737597
3.02905e-06,-0.01735267
3.0291e-06,-0.0173682
3.02915e-06,-0.01737402
3.0292e-06,-0.01737597
3.02925e-06,-0.01739926
3.0293e-06,-0.01744391
3.02935e-06,-0.01746914
3.0294e-06,-0.01745167
3.02945e-06,-0.01741867
3.0295e-06,-0.01739732
3.02955e-06,-0.01737402
3.0296e-06,-0.01731579
3.02965e-06,-0.01723426
3.0297e-06,-0.01717602
3.02975e-06,-0.01715661
3.0298e-06,-0.01711584
3.02985e-06,-0.01702266
3.0299e-06,-0.01695278
3.02995e-06,-0.01701878
3.03e-06,-0.01721096
3.03005e-06,-0.01738955
3.0301e-06,-0.01745167
3.03015e-06,-0.01742838
3.0302e-06,-0.01740314
3.03025e-06,-0.01740702
3.0303e-06,-0.01742838
3.03035e-06,-0.01744585
3.0304e-06,-0.01744779
3.03045e-06,-0.01742061
3.0305e-06,-0.01736238
3.03055e-06,-0.01730608
3.0306e-06,-0.01727308
3.03065e-06,-0.0172459
3.0307e-06,-0.01719737
3.03075e-06,-0.01715855
3.0308e-06,-0.01718378
3.03085e-06,-0.01726531
3.0309e-06,-0.01732549
3.03095e-06,-0.01731773
3.031e-06,-0.01727308
3.03105e-06,-0.01724784
3.0311e-06,-0.01724978
3.03115e-06,-0.01722843
3.0312e-06,-0.01715272
3.03125e-06,-0.01706731
3.0313e-06,-0.01704596
3.03135e-06,-0.0171139
3.0314e-06,-0.01717019
3.03145e-06,-0.01710613
3.0315e-06,-0.01697025
3.03155e-06,-0.01693725
3.0316e-06,-0.0170906
3.03165e-06,-0.01728667
3.0317e-06,-0.01732938
3.03175e-06,-0.01719931
3.0318e-06,-0.01704401
3.03185e-06,-0.01697219
3.0319e-06,-0.01694501
3.03195e-06,-0.01688872
3.032e-06,-0.01683242
3.03205e-06,-0.01685183
3.0321e-06,-0.01692754
3.03215e-06,-0.01694307
3.0322e-06,-0.01684795
3.03225e-06,-0.01675477
3.0323e-06,-0.01679942
3.03235e-06,-0.01696054
3.0324e-06,-0.01708672
3.03245e-06,-0.01709255
3.0325e-06,-0.01703431
3.03255e-06,-0.01700131
3.0326e-06,-0.0170149
3.03265e-06,-0.01703237
3.0327e-06,-0.01702654
3.03275e-06,-0.01701101
3.0328e-06,-0.01699937
3.03285e-06,-0.01699742
3.0329e-06,-0.01700519
3.03295e-06,-0.01701878
3.033e-06,-0.01701684
3.03305e-06,-0.01697995
3.0331e-06,-0.01693531
3.03315e-06,-0.01694307
3.0332e-06,-0.01702654
3.03325e-06,-0.01712555
3.0333e-06,-0.01716631
3.03335e-06,-0.01713525
3.0334e-06,-0.0170809
3.03345e-06,-0.01703237
3.0335e-06,-0.01699548
3.03355e-06,-0.0169819
3.0336e-06,-0.01699937
3.03365e-06,-0.01703237
3.0337e-06,-0.01702848
3.03375e-06,-0.01698772
3.0338e-06,-0.0169586
3.03385e-06,-0.01697995
3.0339e-06,-0.0170149
3.03395e-06,-0.01702072
3.034e-06,-0.01703431
3.03405e-06,-0.01713137
3.0341e-06,-0.01728279
3.03415e-06,-0.01736432
3.0342e-06,-0.01728861
3.03425e-06,-0.01713331
3.0343e-06,-0.01704401
3.03435e-06,-0.01706343
3.0344e-06,-0.01710225
3.03445e-06,-0.01707313
3.0345e-06,-0.01699354
3.03455e-06,-0.01693919
3.0346e-06,-0.01694113
3.03465e-06,-0.01697607
3.0347e-06,-0.01703819
3.03475e-06,-0.01713525
3.0348e-06,-0.01721096
3.03485e-06,-0.01719349
3.0349e-06,-0.01709643
3.03495e-06,-0.01704596
3.035e-06,-0.01710225
3.03505e-06,-0.01716631
3.0351e-06,-0.01711584
3.03515e-06,-0.01701101
3.0352e-06,-0.01702072
3.03525e-06,-0.01719737
3.0353e-06,-0.01737014
3.03535e-06,-0.01736432
3.0354e-06,-0.01721484
3.03545e-06,-0.01711584
3.0355e-06,-0.01717796
3.03555e-06,-0.01732355
3.0356e-06,-0.01742838
3.03565e-06,-0.01746138
3.0357e-06,-0.0174575
3.03575e-06,-0.01742644
3.0358e-06,-0.01734685
3.03585e-06,-0.01725561
3.0359e-06,-0.01722455
3.03595e-06,-0.01725755
3.036e-06,-0.01727502
3.03605e-06,-0.01725367
3.0361e-06,-0.01727114
3.03615e-06,-0.01738373
3.0362e-06,-0.01750991
3.03625e-06,-0.01750215
3.0363e-06,-0.01734685
3.03635e-06,-0.01721096
3.0364e-06,-0.01724008
3.03645e-06,-0.01738761
3.0365e-06,-0.0174575
3.03655e-06,-0.01735655
3.0366e-06,-0.01718961
3.03665e-06,-0.01711584
3.0367e-06,-0.01714302
3.03675e-06,-0.01715466
3.0368e-06,-0.01710808
3.03685e-06,-0.01710419
3.0369e-06,-0.01720902
3.03695e-06,-0.01732161
3.037e-06,-0.01731967
3.03705e-06,-0.01723426
3.0371e-06,-0.01719737
3.03715e-06,-0.01724008
3.0372e-06,-0.01728084
3.03725e-06,-0.01726143
3.0373e-06,-0.01721873
3.03735e-06,-0.0172129
3.0374e-06,-0.01723814
3.03745e-06,-0.01724396
3.0375e-06,-0.01721873
3.03755e-06,-0.01721096
3.0376e-06,-0.01724978
3.03765e-06,-0.01728084
3.0377e-06,-0.0172459
3.03775e-06,-0.01718378
3.0378e-06,-0.0172129
3.03785e-06,-0.01737791
3.0379e-06,-0.01756621
3.03795e-06,-0.01760891
3.038e-06,-0.0174672
3.03805e-06,-0.0172789
3.0381e-06,-0.01719349
3.03815e-06,-0.01722261
3.0382e-06,-0.01724784
3.03825e-06,-0.01719543
3.0383e-06,-0.01711002
3.03835e-06,-0.01708478
3.0384e-06,-0.01713137
3.03845e-06,-0.01719931
3.0385e-06,-0.01725561
3.03855e-06,-0.01730026
3.0386e-06,-0.01733714
3.03865e-06,-0.01736044
3.0387e-06,-0.01735849
3.03875e-06,-0.01731773
3.0388e-06,-0.0172459
3.03885e-06,-0.0172032
3.0389e-06,-0.01724396
3.03895e-06,-0.01732549
3.039e-06,-0.01734491
3.03905e-06,-0.01724396
3.0391e-06,-0.01707313
3.03915e-06,-0.01694307
3.0392e-06,-0.01694307
3.03925e-06,-0.01704984
3.0393e-06,-0.01712555
3.03935e-06,-0.0170576
3.0394e-06,-0.01692172
3.03945e-06,-0.01689454
3.0395e-06,-0.01701684
3.03955e-06,-0.01713719
3.0396e-06,-0.01711584
3.03965e-06,-0.01699742
3.0397e-06,-0.01691589
3.03975e-06,-0.01690619
3.0398e-06,-0.01690619
3.03985e-06,-0.01687707
3.0399e-06,-0.01686154
3.03995e-06,-0.01689842
3.04e-06,-0.01694113
3.04005e-06,-0.01693142
3.0401e-06,-0.01688872
3.04015e-06,-0.0168693
3.0402e-06,-0.01688872
3.04025e-06,-0.01690619
3.0403e-06,-0.01690619
3.04035e-06,-0.01689842
3.0404e-06,-0.01690036
3.04045e-06,-0.0169023
3.0405e-06,-0.01687901
3.04055e-06,-0.0168033
3.0406e-06,-0.01669459
3.04065e-06,-0.01664024
3.0407e-06,-0.01670042
3.04075e-06,-0.01683048
3.0408e-06,-0.01690425
3.04085e-06,-0.01688095
3.0409e-06,-0.0168693
3.04095e-06,-0.01697801
3.041e-06,-0.01714884
3.04105e-06,-0.01722843
3.0411e-06,-0.01718184
3.04115e-06,-0.01713137
3.0412e-06,-0.01715078
3.04125e-06,-0.01716825
3.0413e-06,-0.0170809
3.04135e-06,-0.01694501
3.0414e-06,-0.01690425
3.04145e-06,-0.01697801
3.0415e-06,-0.01702072
3.04155e-06,-0.01694695
3.0416e-06,-0.01689066
3.04165e-06,-0.01701295
3.0417e-06,-0.01722843
3.04175e-06,-0.01728861
3.0418e-06,-0.01710808
3.04185e-06,-0.01689842
3.0419e-06,-0.01688483
3.04195e-06,-0.01701878
3.042e-06,-0.01708672
3.04205e-06,-0.01700519
3.0421e-06,-0.01687124
3.04215e-06,-0.01678389
3.0422e-06,-0.01674312
3.04225e-06,-0.01674312
3.0423e-06,-0.01681689
3.04235e-06,-0.01694695
3.0424e-06,-0.01700907
3.04245e-06,-0.01693725
3.0425e-06,-0.01683436
3.04255e-06,-0.01683824
3.0426e-06,-0.01691978
3.04265e-06,-0.01693336
3.0427e-06,-0.01683824
3.04275e-06,-0.01675089
3.0428e-06,-0.01677418
3.04285e-06,-0.01684795
3.0429e-06,-0.01684407
3.04295e-06,-0.01675865
3.043e-06,-0.01669653
3.04305e-06,-0.01671012
3.0431e-06,-0.01675089
3.04315e-06,-0.01677612
3.0432e-06,-0.01681689
3.04325e-06,-0.01690813
3.0433e-06,-0.01699937
3.04335e-06,-0.01702266
3.0434e-06,-0.0169819
3.04345e-06,-0.01693336
3.0435e-06,-0.0169023
3.04355e-06,-0.01684989
3.0436e-06,-0.01676254
3.04365e-06,-0.01671012
3.0437e-06,-0.01676642
3.04375e-06,-0.01688095
3.0438e-06,-0.01690813
3.04385e-06,-0.01679165
3.0439e-06,-0.01664606
3.04395e-06,-0.01662083
3.044e-06,-0.01673342
3.04405e-06,-0.01687707
3.0441e-06,-0.01694113
3.04415e-06,-0.01691007
3.0442e-06,-0.01684601
3.04425e-06,-0.01681689
3.0443e-06,-0.01681301
3.04435e-06,-0.01677224
3.0444e-06,-0.01667324
3.04445e-06,-0.01659753
3.0445e-06,-0.01663247
3.04455e-06,-0.01674118
3.0446e-06,-0.01680136
3.04465e-06,-0.01677612
3.0447e-06,-0.01675671
3.04475e-06,-0.01682271
3.0448e-06,-0.01691589
3.04485e-06,-0.01694113
3.0449e-06,-0.01691007
3.04495e-06,-0.01689454
3.045e-06,-0.01689454
3.04505e-06,-0.01685571
3.0451e-06,-0.01678195
3.04515e-06,-0.01673342
3.0452e-06,-0.01672759
3.04525e-06,-0.01670236
3.0453e-06,-0.01662665
3.04535e-06,-0.01657618
3.0454e-06,-0.01664218
3.04545e-06,-0.01678583
3.0455e-06,-0.01687707
3.04555e-06,-0.01688872
3.0456e-06,-0.01692754
3.04565e-06,-0.01704207
3.0457e-06,-0.0171139
3.04575e-06,-0.01704207
3.0458e-06,-0.01689648
3.04585e-06,-0.01680718
3.0459e-06,-0.01678777
3.04595e-06,-0.01676448
3.046e-06,-0.01672371
3.04605e-06,-0.01671012
3.0461e-06,-0.01672177
3.04615e-06,-0.01669653
3.0462e-06,-0.0166383
3.04625e-06,-0.01666159
3.0463e-06,-0.01683436
3.04635e-06,-0.01705566
3.0464e-06,-0.0171469
3.04645e-06,-0.01705372
3.0465e-06,-0.01689066
3.04655e-06,-0.01679942
3.0466e-06,-0.01681883
3.04665e-06,-0.01687901
3.0467e-06,-0.01688872
3.04675e-06,-0.0168266
3.0468e-06,-0.01674895
3.04685e-06,-0.01671595
3.0469e-06,-0.01673148
3.04695e-06,-0.01676642
3.047e-06,-0.01682466
3.04705e-06,-0.01691783
3.0471e-06,-0.01700907
3.04715e-06,-0.01704207
3.0472e-06,-0.01702654
3.04725e-06,-0.01702072
3.0473e-06,-0.01703625
3.04735e-06,-0.01701684
3.0474e-06,-0.01692172
3.04745e-06,-0.0168033
3.0475e-06,-0.01673342
3.04755e-06,-0.01672371
3.0476e-06,-0.01675283
3.04765e-06,-0.01680718
3.0477e-06,-0.01686154
3.04775e-06,-0.01687707
3.0478e-06,-0.01686736
3.04785e-06,-0.01688483
3.0479e-06,-0.01694113
3.04795e-06,-0.01699548
3.048e-06,-0.01700519
3.04805e-06,-0.01697219
3.0481e-06,-0.01690425
3.04815e-06,-0.01682466
3.0482e-06,-0.0167936
3.04825e-06,-0.01683436
3.0483e-06,-0.01688872
3.04835e-06,-0.01689842
3.0484e-06,-0.01690036
3.04845e-06,-0.01696831
3.0485e-06,-0.0170809
3.04855e-06,-0.01713525
3.0486e-06,-0.0170809
3.04865e-06,-0.01699548
3.0487e-06,-0.0169916
3.04875e-06,-0.01709255
3.0488e-06,-0.01718184
3.04885e-06,-0.01713913
3.0489e-06,-0.01699548
3.04895e-06,-0.01690425
3.049e-06,-0.01694307
3.04905e-06,-0.0170149
3.0491e-06,-0.01699742
3.04915e-06,-0.01691589
3.0492e-06,-0.01688289
3.04925e-06,-0.01694501
3.0493e-06,-0.01705178
3.04935e-06,-0.01715661
3.0494e-06,-0.01723231
3.04945e-06,-0.01721678
3.0495e-06,-0.01707313
3.04955e-06,-0.01689454
3.0496e-06,-0.01683048
3.04965e-06,-0.01688483
3.0497e-06,-0.01689842
3.04975e-06,-0.01678389
3.0498e-06,-0.01665577
3.04985e-06,-0.01667324
3.0499e-06,-0.0168033
3.04995e-06,-0.01688095
3.05e-06,-0.01684601
3.05005e-06,-0.01680718
3.0501e-06,-0.01687513
3.05015e-06,-0.01699937
3.0502e-06,-0.01704401
3.05025e-06,-0.01696831
3.0503e-06,-0.01686736
3.05035e-06,-0.01682077
3.0504e-06,-0.01679554
3.05045e-06,-0.01672953
3.0505e-06,-0.016648
3.05055e-06,-0.01662277
3.0506e-06,-0.01665383
3.05065e-06,-0.01666936
3.0507e-06,-0.01664024
3.05075e-06,-0.01662665
3.0508e-06,-0.01665771
3.05085e-06,-0.01669653
3.0509e-06,-0.01671595
3.05095e-06,-0.01673924
3.051e-06,-0.01678777
3.05105e-06,-0.01682466
3.0511e-06,-0.0168266
3.05115e-06,-0.01681107
3.0512e-06,-0.0167936
3.05125e-06,-0.01671595
3.0513e-06,-0.016549
3.05135e-06,-0.01639758
3.0514e-06,-0.01643253
3.05145e-06,-0.01665189
3.0515e-06,-0.0168363
3.05155e-06,-0.0168266
3.0516e-06,-0.01672953
3.05165e-06,-0.01673924
3.0517e-06,-0.01686348
3.05175e-06,-0.01695084
3.0518e-06,-0.0169256
3.05185e-06,-0.01686348
3.0519e-06,-0.01684407
3.05195e-06,-0.01683824
3.052e-06,-0.0167703
3.05205e-06,-0.01664606
3.0521e-06,-0.01655288
3.05215e-06,-0.01656647
3.0522e-06,-0.01665383
3.05225e-06,-0.01669653
3.0523e-06,-0.01663053
3.05235e-06,-0.01653153
3.0524e-06,-0.01653541
3.05245e-06,-0.016648
3.0525e-06,-0.01674895
3.05255e-06,-0.01675089
3.0526e-06,-0.01671401
3.05265e-06,-0.0167043
3.0527e-06,-0.01668683
3.05275e-06,-0.0166053
3.0528e-06,-0.01651794
3.05285e-06,-0.01654318
3.0529e-06,-0.01666936
3.05295e-06,-0.01674895
3.053e-06,-0.01669265
3.05305e-06,-0.016582
3.0531e-06,-0.01652376
3.05315e-06,-0.01651988
3.0532e-06,-0.01653347
3.05325e-06,-0.01658394
3.0533e-06,-0.01668877
3.05335e-06,-0.01677418
3.0534e-06,-0.01672565
3.05345e-06,-0.01655094
3.0535e-06,-0.01640535
3.05355e-06,-0.01643059
3.0536e-06,-0.01658394
3.05365e-06,-0.01667906
3.0537e-06,-0.01659947
3.05375e-06,-0.01643059
3.0538e-06,-0.0163607
3.05385e-06,-0.01645388
3.0539e-06,-0.01660918
3.05395e-06,-0.01669265
3.054e-06,-0.01669265
3.05405e-06,-0.01666742
3.0541e-06,-0.01665965
3.05415e-06,-0.01666547
3.0542e-06,-0.01669071
3.05425e-06,-0.0167373
3.0543e-06,-0.01678195
3.05435e-06,-0.01678777
3.0544e-06,-0.01673148
3.05445e-06,-0.01663053
3.0545e-06,-0.01652376
3.05455e-06,-0.01645194
3.0546e-06,-0.01645776
3.05465e-06,-0.01655094
3.0547e-06,-0.01667518
3.05475e-06,-0.01674312
3.0548e-06,-0.01674701
3.05485e-06,-0.01675089
3.0549e-06,-0.01677807
3.05495e-06,-0.01676448
3.055e-06,-0.01667518
3.05505e-06,-0.0165723
3.0551e-06,-0.01652765
3.05515e-06,-0.01652571
3.0552e-06,-0.01651988
3.05525e-06,-0.01654124
3.0553e-06,-0.01663247
3.05535e-06,-0.01675477
3.0554e-06,-0.01683048
3.05545e-06,-0.01684795
3.0555e-06,-0.0168596
3.05555e-06,-0.01688289
3.0556e-06,-0.01688483
3.05565e-06,-0.01684601
3.0557e-06,-0.01680524
3.05575e-06,-0.01682466
3.0558e-06,-0.01688289
3.05585e-06,-0.0168926
3.0559e-06,-0.01680718
3.05595e-06,-0.01668877
3.056e-06,-0.0166383
3.05605e-06,-0.01666936
3.0561e-06,-0.01671012
3.05615e-06,-0.01673342
3.0562e-06,-0.01676448
3.05625e-06,-0.01681689
3.0563e-06,-0.01684989
3.05635e-06,-0.01685571
3.0564e-06,-0.01687513
3.05645e-06,-0.01691978
3.0565e-06,-0.01691395
3.05655e-06,-0.01681689
3.0566e-06,-0.01670818
3.05665e-06,-0.01668683
3.0567e-06,-0.01672371
3.05675e-06,-0.01672759
3.0568e-06,-0.01671206
3.05685e-06,-0.01675865
3.0569e-06,-0.01684989
3.05695e-06,-0.01685766
3.057e-06,-0.01675865
3.05705e-06,-0.01669459
3.0571e-06,-0.01678195
3.05715e-06,-0.01692948
3.0572e-06,-0.01696831
3.05725e-06,-0.01689454
3.0573e-06,-0.01684989
3.05735e-06,-0.01689454
3.0574e-06,-0.01692172
3.05745e-06,-0.01684213
3.0575e-06,-0.01672953
3.05755e-06,-0.01672177
3.0576e-06,-0.01680718
3.05765e-06,-0.01684989
3.0577e-06,-0.0167936
3.05775e-06,-0.01675671
3.0578e-06,-0.01685377
3.05785e-06,-0.01700325
3.0579e-06,-0.01703043
3.05795e-06,-0.01692172
3.058e-06,-0.01684989
3.05805e-06,-0.01691783
3.0581e-06,-0.01700131
3.05815e-06,-0.01696831
3.0582e-06,-0.01688483
3.05825e-06,-0.01688872
3.0583e-06,-0.01694307
3.05835e-06,-0.01689066
3.0584e-06,-0.01673536
3.05845e-06,-0.01666742
3.0585e-06,-0.01678777
3.05855e-06,-0.01697219
3.0586e-06,-0.01705372
3.05865e-06,-0.01703431
3.0587e-06,-0.01701684
3.05875e-06,-0.01703237
3.0588e-06,-0.01699548
3.05885e-06,-0.01686348
3.0589e-06,-0.01671595
3.05895e-06,-0.01666353
3.059e-06,-0.01671401
3.05905e-06,-0.01677612
3.0591e-06,-0.01677612
3.05915e-06,-0.01675283
3.0592e-06,-0.0167936
3.05925e-06,-0.01690036
3.0593e-06,-0.01697219
3.05935e-06,-0.01691783
3.0594e-06,-0.01680524
3.05945e-06,-0.01678195
3.0595e-06,-0.01688483
3.05955e-06,-0.01698578
3.0596e-06,-0.01696248
3.05965e-06,-0.01685377
3.0597e-06,-0.01677224
3.05975e-06,-0.01674506
3.0598e-06,-0.01672371
3.05985e-06,-0.01670818
3.0599e-06,-0.01674701
3.05995e-06,-0.01682271
3.06e-06,-0.01685571
3.06005e-06,-0.01680913
3.0601e-06,-0.01674312
3.06015e-06,-0.01674118
3.0602e-06,-0.0168033
3.06025e-06,-0.01688095
3.0603e-06,-0.01693142
3.06035e-06,-0.01693725
3.0604e-06,-0.01689066
3.06045e-06,-0.01682271
3.0605e-06,-0.0167936
3.06055e-06,-0.0168363
3.0606e-06,-0.01690036
3.06065e-06,-0.01691201
3.0607e-06,-0.01686542
3.06075e-06,-0.01683048
3.0608e-06,-0.01686542
3.06085e-06,-0.01696054
3.0609e-06,-0.01704207
3.06095e-06,-0.01704013
3.061e-06,-0.01694889
3.06105e-06,-0.01684989
3.0611e-06,-0.01683436
3.06115e-06,-0.01689648
3.0612e-06,-0.01693919
3.06125e-06,-0.0168926
3.0613e-06,-0.01680136
3.06135e-06,-0.01677224
3.0614e-06,-0.01683242
3.06145e-06,-0.01689454
3.0615e-06,-0.01686542
3.06155e-06,-0.01676642
3.0616e-06,-0.01673342
3.06165e-06,-0.01684019
3.0617e-06,-0.01698966
3.06175e-06,-0.01702266
3.0618e-06,-0.01692754
3.06185e-06,-0.0168596
3.0619e-06,-0.01691007
3.06195e-06,-0.01697025
3.062e-06,-0.01690425
3.06205e-06,-0.01676059
3.0621e-06,-0.0167043
3.06215e-06,-0.01678001
3.0622e-06,-0.0168693
3.06225e-06,-0.01686542
3.0623e-06,-0.01679165
3.06235e-06,-0.01672953
3.0624e-06,-0.01671595
3.06245e-06,-0.01674506
3.0625e-06,-0.01681883
3.06255e-06,-0.01694307
3.0626e-06,-0.01704984
3.06265e-06,-0.01702848
3.0627e-06,-0.01686348
3.06275e-06,-0.01667712
3.0628e-06,-0.01661306
3.06285e-06,-0.0166713
3.0629e-06,-0.01671401
3.06295e-06,-0.01665771
3.063e-06,-0.0165723
3.06305e-06,-0.01656259
3.0631e-06,-0.01661694
3.06315e-06,-0.01665189
3.0632e-06,-0.01665965
3.06325e-06,-0.01671012
3.0633e-06,-0.01679165
3.06335e-06,-0.01678389
3.0634e-06,-0.01664412
3.06345e-06,-0.01652182
3.0635e-06,-0.01656259
3.06355e-06,-0.01669071
3.0636e-06,-0.01670624
3.06365e-06,-0.01655482
3.0637e-06,-0.01638982
3.06375e-06,-0.01635682
3.0638e-06,-0.01644223
3.06385e-06,-0.01656453
3.0639e-06,-0.01667712
3.06395e-06,-0.01675477
3.064e-06,-0.01673536
3.06405e-06,-0.01662471
3.0641e-06,-0.01654124
3.06415e-06,-0.01660335
3.0642e-06,-0.01675477
3.06425e-06,-0.01683048
3.0643e-06,-0.01674312
3.06435e-06,-0.01658588
3.0644e-06,-0.01650435
3.06445e-06,-0.01654124
3.0645e-06,-0.016615
3.06455e-06,-0.01664994
3.0646e-06,-0.01666547
3.06465e-06,-0.01673342
3.0647e-06,-0.01685766
3.06475e-06,-0.01694307
3.0648e-06,-0.01690036
3.06485e-06,-0.01675089
3.0649e-06,-0.01662471
3.06495e-06,-0.01663053
3.065e-06,-0.01672565
3.06505e-06,-0.01675865
3.0651e-06,-0.016648
3.06515e-06,-0.01650823
3.0652e-06,-0.016516
3.06525e-06,-0.0166713
3.0653e-06,-0.01678389
3.06535e-06,-0.01671789
3.0654e-06,-0.01656841
3.06545e-06,-0.01653929
3.0655e-06,-0.01666547
3.06555e-06,-0.01677612
3.0656e-06,-0.01674895
3.06565e-06,-0.01669071
3.0657e-06,-0.01676642
3.06575e-06,-0.01694113
3.0658e-06,-0.0169819
3.06585e-06,-0.01675865
3.0659e-06,-0.01645
3.06595e-06,-0.01636652
3.066e-06,-0.01656065
3.06605e-06,-0.01676059
3.0661e-06,-0.01670818
3.06615e-06,-0.01649465
3.0662e-06,-0.01639758
3.06625e-06,-0.01651988
3.0663e-06,-0.01670236
3.06635e-06,-0.01678583
3.0664e-06,-0.01678195
3.06645e-06,-0.01676254
3.0665e-06,-0.01672953
3.06655e-06,-0.01664024
3.0666e-06,-0.01652376
3.06665e-06,-0.01645582
3.0667e-06,-0.01649076
3.06675e-06,-0.0166053
3.0668e-06,-0.01671983
3.06685e-06,-0.01676836
3.0669e-06,-0.01674506
3.06695e-06,-0.01670042
3.067e-06,-0.01667712
3.06705e-06,-0.01667906
3.0671e-06,-0.01667518
3.06715e-06,-0.01665771
3.0672e-06,-0.01665383
3.06725e-06,-0.01667518
3.0673e-06,-0.01668877
3.06735e-06,-0.01664994
3.0674e-06,-0.01656453
3.06745e-06,-0.01650241
3.0675e-06,-0.01650435
3.06755e-06,-0.016516
3.0676e-06,-0.01646359
3.06765e-06,-0.01636847
3.0677e-06,-0.01634323
3.06775e-06,-0.01645194
3.0678e-06,-0.01661694
3.06785e-06,-0.01668877
3.0679e-06,-0.01660335
3.06795e-06,-0.01645194
3.068e-06,-0.01639176
3.06805e-06,-0.01646359
3.0681e-06,-0.01655677
3.06815e-06,-0.01653541
3.0682e-06,-0.0163937
3.06825e-06,-0.01625199
3.0683e-06,-0.01621899
3.06835e-06,-0.01628888
3.0684e-06,-0.01636264
3.06845e-06,-0.01636264
3.0685e-06,-0.01630635
3.06855e-06,-0.01628499
3.0686e-06,-0.01634129
3.06865e-06,-0.0164267
3.0687e-06,-0.01646359
3.06875e-06,-0.01645
3.0688e-06,-0.01644417
3.06885e-06,-0.01647135
3.0689e-06,-0.01649465
3.06895e-06,-0.01648494
3.069e-06,-0.01644612
3.06905e-06,-0.01637817
3.0691e-06,-0.01628305
3.06915e-06,-0.01622481
3.0692e-06,-0.0162714
3.06925e-06,-0.01639758
3.0693e-06,-0.016483
3.06935e-06,-0.01648106
3.0694e-06,-0.01646747
3.06945e-06,-0.016516
3.0695e-06,-0.01658006
3.06955e-06,-0.01657424
3.0696e-06,-0.01650823
3.06965e-06,-0.01646553
3.0697e-06,-0.01647912
3.06975e-06,-0.01648882
3.0698e-06,-0.01643835
3.06985e-06,-0.01635682
3.0699e-06,-0.01629664
3.06995e-06,-0.01628888
3.07e-06,-0.01634711
3.07005e-06,-0.01648882
3.0701e-06,-0.01665577
3.07015e-06,-0.01671012
3.0702e-06,-0.01659365
3.07025e-06,-0.01645388
3.0703e-06,-0.01648688
3.07035e-06,-0.01666936
3.0704e-06,-0.01676448
3.07045e-06,-0.01663636
3.0705e-06,-0.01643059
3.07055e-06,-0.0163607
3.0706e-06,-0.01644223
3.07065e-06,-0.01652765
3.0707e-06,-0.01652765
3.07075e-06,-0.01651794
3.0708e-06,-0.01657424
3.07085e-06,-0.016648
3.0709e-06,-0.01664024
3.07095e-06,-0.01655871
3.071e-06,-0.01651018
3.07105e-06,-0.01655288
3.0711e-06,-0.01662859
3.07115e-06,-0.01665577
3.0712e-06,-0.01663441
3.07125e-06,-0.01661112
3.0713e-06,-0.01659171
3.07135e-06,-0.01653153
3.0714e-06,-0.01643641
3.07145e-06,-0.01636847
3.0715e-06,-0.01637817
3.07155e-06,-0.01645582
3.0716e-06,-0.01655094
3.07165e-06,-0.01661694
3.0717e-06,-0.01663441
3.07175e-06,-0.01663247
3.0718e-06,-0.01667712
3.07185e-06,-0.01677224
3.0719e-06,-0.01681107
3.07195e-06,-0.01671401
3.072e-06,-0.01654706
3.07205e-06,-0.01646941
3.0721e-06,-0.01650047
3.07215e-06,-0.01651018
3.0722e-06,-0.01643253
3.07225e-06,-0.01638594
3.0723e-06,-0.01647717
3.07235e-06,-0.01662083
3.0724e-06,-0.01664606
3.07245e-06,-0.01655288
3.0725e-06,-0.01650629
3.07255e-06,-0.01658588
3.0726e-06,-0.01667712
3.07265e-06,-0.01664218
3.0727e-06,-0.01651988
3.07275e-06,-0.01644806
3.0728e-06,-0.01646359
3.07285e-06,-0.01646747
3.0729e-06,-0.0163937
3.07295e-06,-0.01631605
3.073e-06,-0.01634129
3.07305e-06,-0.01644612
3.0731e-06,-0.01650435
3.07315e-06,-0.01645582
3.0732e-06,-0.01638011
3.07325e-06,-0.01638594
3.0733e-06,-0.01648882
3.07335e-06,-0.016615
3.0734e-06,-0.01667324
3.07345e-06,-0.01663636
3.0735e-06,-0.01655871
3.07355e-06,-0.01650241
3.0736e-06,-0.01648106
3.07365e-06,-0.01646359
3.0737e-06,-0.01644223
3.07375e-06,-0.01645
3.0738e-06,-0.01652765
3.07385e-06,-0.01666159
3.0739e-06,-0.01677807
3.07395e-06,-0.01679942
3.074e-06,-0.01672565
3.07405e-06,-0.0166383
3.0741e-06,-0.01661694
3.07415e-06,-0.01665383
3.0742e-06,-0.01666742
3.07425e-06,-0.01661888
3.0743e-06,-0.01656259
3.07435e-06,-0.01655871
3.0744e-06,-0.01657618
3.07445e-06,-0.01653735
3.0745e-06,-0.01645582
3.07455e-06,-0.01641117
3.0746e-06,-0.01640923
3.07465e-06,-0.01639758
3.0747e-06,-0.01639176
3.07475e-06,-0.01646553
3.0748e-06,-0.01659947
3.07485e-06,-0.01666353
3.0749e-06,-0.01659947
3.07495e-06,-0.01649659
3.075e-06,-0.01644417
3.07505e-06,-0.01642476
3.0751e-06,-0.01638594
3.07515e-06,-0.01635876
3.0752e-06,-0.01638205
3.07525e-06,-0.01641117
3.0753e-06,-0.01636847
3.07535e-06,-0.01628111
3.0754e-06,-0.01625393
3.07545e-06,-0.01631411
3.0755e-06,-0.01636652
3.07555e-06,-0.01631411
3.0756e-06,-0.01620928
3.07565e-06,-0.01620152
3.0757e-06,-0.01634517
3.07575e-06,-0.01651018
3.0758e-06,-0.01653541
3.07585e-06,-0.01642282
3.0759e-06,-0.01631799
3.07595e-06,-0.01631994
3.076e-06,-0.01638205
3.07605e-06,-0.01641311
3.0761e-06,-0.01640729
3.07615e-06,-0.01642088
3.0762e-06,-0.01648882
3.07625e-06,-0.01658394
3.0763e-06,-0.01666353
3.07635e-06,-0.01669848
3.0764e-06,-0.01668683
3.07645e-06,-0.01664994
3.0765e-06,-0.01661694
3.07655e-06,-0.01660141
3.0766e-06,-0.01660141
3.07665e-06,-0.01660918
3.0767e-06,-0.01660724
3.07675e-06,-0.01657812
3.0768e-06,-0.01651988
3.07685e-06,-0.01645
3.0769e-06,-0.01639564
3.07695e-06,-0.016384
3.077e-06,-0.01642088
3.07705e-06,-0.01648882
3.0771e-06,-0.016549
3.07715e-06,-0.01658006
3.0772e-06,-0.01657812
3.07725e-06,-0.01655871
3.0773e-06,-0.01653347
3.07735e-06,-0.01650241
3.0774e-06,-0.01644806
3.07745e-06,-0.01638788
3.0775e-06,-0.01636847
3.07755e-06,-0.01639564
3.0776e-06,-0.01638594
3.07765e-06,-0.0162947
3.0777e-06,-0.0162287
3.07775e-06,-0.01631023
3.0778e-06,-0.01647135
3.07785e-06,-0.01652571
3.0779e-06,-0.016417
3.07795e-06,-0.01631217
3.078e-06,-0.01636264
3.07805e-06,-0.01649853
3.0781e-06,-0.01652959
3.07815e-06,-0.01637623
3.0782e-06,-0.01615493
3.07825e-06,-0.01605593
3.0783e-06,-0.01616075
3.07835e-06,-0.01638594
3.0784e-06,-0.01655677
3.07845e-06,-0.01654124
3.0785e-06,-0.01638011
3.07855e-06,-0.01625587
3.0786e-06,-0.01630441
3.07865e-06,-0.01648106
3.0787e-06,-0.01660335
3.07875e-06,-0.01655094
3.0788e-06,-0.01637429
3.07885e-06,-0.01624034
3.0789e-06,-0.01625005
3.07895e-06,-0.01637817
3.079e-06,-0.01651212
3.07905e-06,-0.01651794
3.0791e-06,-0.01634711
3.07915e-06,-0.01612775
3.0792e-06,-0.01608699
3.07925e-06,-0.01629082
3.0793e-06,-0.01654512
3.07935e-06,-0.01661112
3.0794e-06,-0.01648688
3.07945e-06,-0.01637041
3.0795e-06,-0.01638011
3.07955e-06,-0.01644029
3.0796e-06,-0.01642088
3.07965e-06,-0.01631994
3.0797e-06,-0.01624617
3.07975e-06,-0.01625393
3.0798e-06,-0.01628111
3.07985e-06,-0.01624811
3.0799e-06,-0.0161627
3.07995e-06,-0.0161064
3.08e-06,-0.01614717
3.08005e-06,-0.01627917
3.0801e-06,-0.01644612
3.08015e-06,-0.01657618
3.0802e-06,-0.01661306
3.08025e-06,-0.01654124
3.0803e-06,-0.01641311
3.08035e-06,-0.01633352
3.0804e-06,-0.01634129
3.08045e-06,-0.01636652
3.0805e-06,-0.01632188
3.08055e-06,-0.01624034
3.0806e-06,-0.01620346
3.08065e-06,-0.01621705
3.0807e-06,-0.01621511
3.08075e-06,-0.01619375
3.0808e-06,-0.01623258
3.08085e-06,-0.01634711
3.0809e-06,-0.01644612
3.08095e-06,-0.01645194
3.081e-06,-0.01640923
3.08105e-06,-0.01641506
3.0811e-06,-0.01647329
3.08115e-06,-0.01648688
3.0812e-06,-0.0164267
3.08125e-06,-0.01636847
3.0813e-06,-0.0163607
3.08135e-06,-0.01633741
3.0814e-06,-0.01624617
3.08145e-06,-0.01617823
3.0815e-06,-0.01625393
3.08155e-06,-0.0164267
3.0816e-06,-0.01653347
3.08165e-06,-0.01650241
3.0817e-06,-0.0164267
3.08175e-06,-0.01640729
3.0818e-06,-0.01643447
3.08185e-06,-0.01643835
3.0819e-06,-0.0163937
3.08195e-06,-0.01632576
3.082e-06,-0.01626364
3.08205e-06,-0.01621899
3.0821e-06,-0.01622093
3.08215e-06,-0.01626752
3.0822e-06,-0.01629858
3.08225e-06,-0.01626364
3.0823e-06,-0.0161957
3.08235e-06,-0.01617434
3.0824e-06,-0.01623258
3.08245e-06,-0.01631605
3.0825e-06,-0.01635682
3.08255e-06,-0.01634711
3.0826e-06,-0.01632382
3.08265e-06,-0.01630441
3.0827e-06,-0.01627529
3.08275e-06,-0.0162287
3.0828e-06,-0.01618405
3.08285e-06,-0.01616658
3.0829e-06,-0.01619375
3.08295e-06,-0.01625393
3.083e-06,-0.01628111
3.08305e-06,-0.01623646
3.0831e-06,-0.01618599
3.08315e-06,-0.01623064
3.0832e-06,-0.01636652
3.08325e-06,-0.01645582
3.0833e-06,-0.01642088
3.08335e-06,-0.0163277
3.0834e-06,-0.01627335
3.08345e-06,-0.0162384
3.0835e-06,-0.01617823
3.08355e-06,-0.01613552
3.0836e-06,-0.01618793
3.08365e-06,-0.01627723
3.0837e-06,-0.01628693
3.08375e-06,-0.0162287
3.0838e-06,-0.0162287
3.08385e-06,-0.01630441
3.0839e-06,-0.01633935
3.08395e-06,-0.01627529
3.084e-06,-0.01620928
3.08405e-06,-0.0162384
3.0841e-06,-0.01631799
3.08415e-06,-0.01634129
3.0842e-06,-0.01630441
3.08425e-06,-0.01627723
3.0843e-06,-0.01627723
3.08435e-06,-0.01623452
3.0844e-06,-0.01612193
3.08445e-06,-0.01602099
3.0845e-06,-0.01600546
3.08455e-06,-0.0160404
3.0846e-06,-0.01606563
3.08465e-06,-0.01610252
3.0847e-06,-0.01619181
3.08475e-06,-0.01628499
3.0848e-06,-0.01629082
3.08485e-06,-0.0162054
3.0849e-06,-0.01611416
3.08495e-06,-0.01606175
3.085e-06,-0.01603069
3.08505e-06,-0.01603652
3.0851e-06,-0.01610058
3.08515e-06,-0.01617046
3.0852e-06,-0.01615105
3.08525e-06,-0.01607146
3.0853e-06,-0.01607146
3.08535e-06,-0.0161957
3.0854e-06,-0.01633546
3.08545e-06,-0.01637235
3.0855e-06,-0.01632382
3.08555e-06,-0.01625393
3.0856e-06,-0.01617628
3.08565e-06,-0.01610058
3.0857e-06,-0.0160831
3.08575e-06,-0.01614522
3.0858e-06,-0.01619958
3.08585e-06,-0.01615687
3.0859e-06,-0.01606563
3.08595e-06,-0.01605205
3.086e-06,-0.01611999
3.08605e-06,-0.01615687
3.0861e-06,-0.01610058
3.08615e-06,-0.01602099
3.0862e-06,-0.01600546
3.08625e-06,-0.01606175
3.0863e-06,-0.01615299
3.08635e-06,-0.01625976
3.0864e-06,-0.0163607
3.08645e-06,-0.01639564
3.0865e-06,-0.01632382
3.08655e-06,-0.01618987
3.0866e-06,-0.0161064
3.08665e-06,-0.01613358
3.0867e-06,-0.0161957
3.08675e-06,-0.01618793
3.0868e-06,-0.01611222
3.08685e-06,-0.01606175
3.0869e-06,-0.01607728
3.08695e-06,-0.01611999
3.087e-06,-0.01614522
3.08705e-06,-0.01614522
3.0871e-06,-0.01611805
3.08715e-06,-0.01609475
3.0872e-06,-0.01614328
3.08725e-06,-0.0162714
3.0873e-06,-0.0163607
3.08735e-06,-0.01626752
3.0874e-06,-0.01601904
3.08745e-06,-0.01581521
3.0875e-06,-0.01581521
3.08755e-06,-0.01596469
3.0876e-06,-0.01609087
3.08765e-06,-0.01609863
3.0877e-06,-0.01605593
3.08775e-06,-0.01609863
3.0878e-06,-0.0162617
3.08785e-06,-0.01644029
3.0879e-06,-0.01651018
3.08795e-06,-0.01645582
3.088e-06,-0.01636652
3.08805e-06,-0.01631023
3.0881e-06,-0.01625587
3.08815e-06,-0.01617628
3.0882e-06,-0.01610834
3.08825e-06,-0.01611999
3.0883e-06,-0.01620152
3.08835e-06,-0.0162714
3.0884e-06,-0.01625782
3.08845e-06,-0.01616658
3.0885e-06,-0.01606757
3.08855e-06,-0.01603846
3.0886e-06,-0.01611416
3.08865e-06,-0.01626364
3.0887e-06,-0.016384
3.08875e-06,-0.01638205
3.0888e-06,-0.01626364
3.08885e-06,-0.0161394
3.0889e-06,-0.01611416
3.08895e-06,-0.01619181
3.089e-06,-0.01628305
3.08905e-06,-0.01629276
3.0891e-06,-0.01620734
3.08915e-06,-0.01611999
3.0892e-06,-0.01614911
3.08925e-06,-0.01628888
3.0893e-06,-0.01638788
3.08935e-06,-0.01635488
3.0894e-06,-0.0162947
3.08945e-06,-0.01634129
3.0895e-06,-0.01642476
3.08955e-06,-0.01637623
3.0896e-06,-0.01623452
3.08965e-06,-0.01621123
3.0897e-06,-0.01636264
3.08975e-06,-0.01648494
3.0898e-06,-0.01641311
3.08985e-06,-0.01624811
3.0899e-06,-0.01617434
3.08995e-06,-0.01619958
3.09e-06,-0.01621511
3.09005e-06,-0.01620734
3.0901e-06,-0.01625782
3.09015e-06,-0.01637429
3.0902e-06,-0.01646164
3.09025e-06,-0.01643447
3.0903e-06,-0.01631799
3.09035e-06,-0.01622093
3.0904e-06,-0.0162287
3.09045e-06,-0.01631605
3.0905e-06,-0.01636847
3.09055e-06,-0.01629082
3.0906e-06,-0.01611805
3.09065e-06,-0.01598022
3.0907e-06,-0.01596469
3.09075e-06,-0.0160501
3.0908e-06,-0.01614911
3.09085e-06,-0.0162054
3.0909e-06,-0.01623452
3.09095e-06,-0.01628499
3.091e-06,-0.0163607
3.09105e-06,-0.01639758
3.0911e-06,-0.01634905
3.09115e-06,-0.0162617
3.0912e-06,-0.01621899
3.09125e-06,-0.0162384
3.0913e-06,-0.01625199
3.09135e-06,-0.01618017
3.0914e-06,-0.01603263
3.09145e-06,-0.01591034
3.0915e-06,-0.01590257
3.09155e-06,-0.01598022
3.0916e-06,-0.01603263
3.09165e-06,-0.01603263
3.0917e-06,-0.01605787
3.09175e-06,-0.01616464
3.0918e-06,-0.01629664
3.09185e-06,-0.01635099
3.0919e-06,-0.01631023
3.09195e-06,-0.01622481
3.092e-06,-0.01613164
3.09205e-06,-0.01604428
3.0921e-06,-0.01597828
3.09215e-06,-0.01596469
3.0922e-06,-0.01599963
3.09225e-06,-0.0160404
3.0923e-06,-0.01605787
3.09235e-06,-0.01608505
3.0924e-06,-0.0161724
3.09245e-06,-0.01631994
3.0925e-06,-0.01644612
3.09255e-06,-0.01647329
3.0926e-06,-0.01639176
3.09265e-06,-0.0162617
3.0927e-06,-0.01614522
3.09275e-06,-0.01608116
3.0928e-06,-0.0160734
3.09285e-06,-0.0160831
3.0929e-06,-0.01604816
3.09295e-06,-0.0159511
3.093e-06,-0.01584045
3.09305e-06,-0.01578998
3.0931e-06,-0.01583269
3.09315e-06,-0.01594139
3.0932e-06,-0.01605981
3.09325e-06,-0.01613358
3.0933e-06,-0.01615493
3.09335e-06,-0.01616075
3.0934e-06,-0.01618987
3.09345e-06,-0.01622481
3.0935e-06,-0.01620346
3.09355e-06,-0.01610834
3.0936e-06,-0.01600157
3.09365e-06,-0.0159511
3.0937e-06,-0.01596081
3.09375e-06,-0.01599381
3.0938e-06,-0.01602681
3.09385e-06,-0.01606563
3.0939e-06,-0.01611999
3.09395e-06,-0.01617823
3.094e-06,-0.01621705
3.09405e-06,-0.01623258
3.0941e-06,-0.01623064
3.09415e-06,-0.01620734
3.0942e-06,-0.01613746
3.09425e-06,-0.01603069
3.0943e-06,-0.0159511
3.09435e-06,-0.01594139
3.0944e-06,-0.01597828
3.09445e-06,-0.01600157
3.0945e-06,-0.01598993
3.09455e-06,-0.01596469
3.0946e-06,-0.0159511
3.09465e-06,-0.0159744
3.0947e-06,-0.0160404
3.09475e-06,-0.01612581
3.0948e-06,-0.01618405
3.09485e-06,-0.01618987
3.0949e-06,-0.01615881
3.09495e-06,-0.01612775
3.095e-06,-0.01610834
3.09505e-06,-0.01609669
3.0951e-06,-0.01609281
3.09515e-06,-0.01609863
3.0952e-06,-0.01609475
3.09525e-06,-0.0160501
3.0953e-06,-0.01597245
3.09535e-06,-0.01591228
3.0954e-06,-0.01592198
3.09545e-06,-0.01600351
3.0955e-06,-0.01611805
3.09555e-06,-0.0162054
3.0956e-06,-0.01623646
3.09565e-06,-0.01623064
3.0957e-06,-0.01620346
3.09575e-06,-0.01615299
3.0958e-06,-0.01609087
3.09585e-06,-0.01605593
3.0959e-06,-0.01605399
3.09595e-06,-0.01603846
3.096e-06,-0.0159841
3.09605e-06,-0.0159511
3.0961e-06,-0.01598604
3.09615e-06,-0.01603652
3.0962e-06,-0.01604428
3.09625e-06,-0.01606175
3.0963e-06,-0.01615881
3.09635e-06,-0.01628111
3.0964e-06,-0.01628888
3.09645e-06,-0.01615493
3.0965e-06,-0.0160171
3.09655e-06,-0.01601128
3.0966e-06,-0.01609475
3.09665e-06,-0.01612969
3.0967e-06,-0.01606369
3.09675e-06,-0.01596081
3.0968e-06,-0.01589869
3.09685e-06,-0.0158851
3.0969e-06,-0.01591616
3.09695e-06,-0.01600157
3.097e-06,-0.01611611
3.09705e-06,-0.01616852
3.0971e-06,-0.01609863
3.09715e-06,-0.01600546
3.0972e-06,-0.0160404
3.09725e-06,-0.01618987
3.0973e-06,-0.01625005
3.09735e-06,-0.01610252
3.0974e-06,-0.01591422
3.09745e-06,-0.01593363
3.0975e-06,-0.01614134
3.09755e-06,-0.01624811
3.0976e-06,-0.01608505
3.09765e-06,-0.01583657
3.0977e-06,-0.01580745
3.09775e-06,-0.01603069
3.0978e-06,-0.01625587
3.09785e-06,-0.01629082
3.0979e-06,-0.01620734
3.09795e-06,-0.01616852
3.098e-06,-0.0161957
3.09805e-06,-0.01620346
3.0981e-06,-0.01616852
3.09815e-06,-0.01614134
3.0982e-06,-0.01613164
3.09825e-06,-0.01609669
3.0983e-06,-0.0160404
3.09835e-06,-0.01602681
3.0984e-06,-0.01609863
3.09845e-06,-0.01622481
3.0985e-06,-0.0163277
3.09855e-06,-0.01635099
3.0986e-06,-0.01631023
3.09865e-06,-0.01627335
3.0987e-06,-0.01627335
3.09875e-06,-0.01626364
3.0988e-06,-0.01620346
3.09885e-06,-0.01614134
3.0989e-06,-0.01616658
3.09895e-06,-0.0162714
3.099e-06,-0.01633741
3.09905e-06,-0.01628111
3.0991e-06,-0.01616075
3.09915e-06,-0.01609475
3.0992e-06,-0.01614911
3.09925e-06,-0.01627723
3.0993e-06,-0.01636652
3.09935e-06,-0.01633546
3.0994e-06,-0.01622093
3.09945e-06,-0.01614911
3.0995e-06,-0.01620152
3.09955e-06,-0.01631799
3.0996e-06,-0.01636652
3.09965e-06,-0.0162947
3.0997e-06,-0.01618017
3.09975e-06,-0.01613746
3.0998e-06,-0.01618211
3.09985e-06,-0.01622287
3.0999e-06,-0.01618211
3.09995e-06,-0.01610834
3.1e-06,-0.01612387
3.10005e-06,-0.01625782
3.1001e-06,-0.01639176
3.10015e-06,-0.01638594
3.1002e-06,-0.01625587
3.10025e-06,-0.01616464
3.1003e-06,-0.01621511
3.10035e-06,-0.01633158
3.1004e-06,-0.01637429
3.10045e-06,-0.01633158
3.1005e-06,-0.01627335
3.10055e-06,-0.01620152
3.1006e-06,-0.01606757
3.10065e-06,-0.01592198
3.1007e-06,-0.01592781
3.10075e-06,-0.01614717
3.1008e-06,-0.01640535
3.10085e-06,-0.01646941
3.1009e-06,-0.01631411
3.10095e-06,-0.01614717
3.101e-06,-0.01615105
3.10105e-06,-0.01629082
3.1011e-06,-0.01637817
3.10115e-06,-0.01631217
3.1012e-06,-0.01615881
3.10125e-06,-0.0160501
3.1013e-06,-0.01602875
3.10135e-06,-0.01605399
3.1014e-06,-0.01608116
3.10145e-06,-0.01610446
3.1015e-06,-0.01610446
3.10155e-06,-0.01605593
3.1016e-06,-0.01598022
3.10165e-06,-0.01595304
3.1017e-06,-0.01602293
3.10175e-06,-0.01612581
3.1018e-06,-0.01616075
3.10185e-06,-0.01611999
3.1019e-06,-0.01607922
3.10195e-06,-0.01609475
3.102e-06,-0.0161064
3.10205e-06,-0.01603069
3.1021e-06,-0.01589286
3.10215e-06,-0.01582686
3.1022e-06,-0.01591422
3.10225e-06,-0.01608505
3.1023e-06,-0.01617628
3.10235e-06,-0.01611611
3.1024e-06,-0.01598798
3.10245e-06,-0.01592392
3.1025e-06,-0.01597051
3.10255e-06,-0.01608699
3.1026e-06,-0.01620734
3.10265e-06,-0.01627335
3.1027e-06,-0.0162384
3.10275e-06,-0.01612387
3.1028e-06,-0.01603652
3.10285e-06,-0.01604428
3.1029e-06,-0.01607146
3.10295e-06,-0.01598022
3.103e-06,-0.01579968
3.10305e-06,-0.01571815
3.1031e-06,-0.0158191
3.10315e-06,-0.01597245
3.1032e-06,-0.01601128
3.10325e-06,-0.01594528
3.1033e-06,-0.0159181
3.10335e-06,-0.01599381
3.1034e-06,-0.01610058
3.10345e-06,-0.01614911
3.1035e-06,-0.0161394
3.10355e-06,-0.01611416
3.1036e-06,-0.01609087
3.10365e-06,-0.01605593
3.1037e-06,-0.01601128
3.10375e-06,-0.01598216
3.1038e-06,-0.01599575
3.10385e-06,-0.01603457
3.1039e-06,-0.01606175
3.10395e-06,-0.01606369
3.104e-06,-0.01605399
3.10405e-06,-0.01605593
3.1041e-06,-0.01607534
3.10415e-06,-0.01610834
3.1042e-06,-0.01613164
3.10425e-06,-0.01610252
3.1043e-06,-0.01601128
3.10435e-06,-0.01591616
3.1044e-06,-0.01590063
3.10445e-06,-0.01595692
3.1045e-06,-0.01599963
3.10455e-06,-0.01596663
3.1046e-06,-0.01591616
3.10465e-06,-0.01593169
3.1047e-06,-0.01599575
3.10475e-06,-0.01603652
3.1048e-06,-0.0160501
3.10485e-06,-0.01608505
3.1049e-06,-0.01612969
3.10495e-06,-0.0161064
3.105e-06,-0.01601516
3.10505e-06,-0.01598022
3.1051e-06,-0.0160734
3.10515e-06,-0.01618793
3.1052e-06,-0.01614717
3.10525e-06,-0.01592586
3.1053e-06,-0.01570651
3.10535e-06,-0.01567156
3.1054e-06,-0.01581716
3.10545e-06,-0.01597634
3.1055e-06,-0.01602875
3.10555e-06,-0.0160074
3.1056e-06,-0.01601128
3.10565e-06,-0.01606175
3.1057e-06,-0.01609669
3.10575e-06,-0.0160831
3.1058e-06,-0.01606563
3.10585e-06,-0.01608699
3.1059e-06,-0.01610834
3.10595e-06,-0.01605399
3.106e-06,-0.01592004
3.10605e-06,-0.01582104
3.1061e-06,-0.01585404
3.10615e-06,-0.01597245
3.1062e-06,-0.01602487
3.10625e-06,-0.0159744
3.1063e-06,-0.01595692
3.10635e-06,-0.01607534
3.1064e-06,-0.01621705
3.10645e-06,-0.01620346
3.1065e-06,-0.01603652
3.10655e-06,-0.01590063
3.1066e-06,-0.01591616
3.10665e-06,-0.01601516
3.1067e-06,-0.01604234
3.10675e-06,-0.01594916
3.1068e-06,-0.01581716
3.10685e-06,-0.01576086
3.1069e-06,-0.01583463
3.10695e-06,-0.01599187
3.107e-06,-0.01611999
3.10705e-06,-0.0161394
3.1071e-06,-0.01608505
3.10715e-06,-0.01606563
3.1072e-06,-0.01613358
3.10725e-06,-0.01622287
3.1073e-06,-0.01623452
3.10735e-06,-0.01614911
3.1074e-06,-0.01604234
3.10745e-06,-0.0160074
3.1075e-06,-0.01605787
3.10755e-06,-0.01612387
3.1076e-06,-0.01612581
3.10765e-06,-0.01605981
3.1077e-06,-0.01601322
3.10775e-06,-0.01607922
3.1078e-06,-0.01624423
3.10785e-06,-0.01637817
3.1079e-06,-0.01636847
3.10795e-06,-0.01625199
3.108e-06,-0.01616852
3.10805e-06,-0.01618405
3.1081e-06,-0.01621123
3.10815e-06,-0.01614134
3.1082e-06,-0.01599381
3.10825e-06,-0.01591034
3.1083e-06,-0.01598216
3.10835e-06,-0.01613552
3.1084e-06,-0.01621705
3.10845e-06,-0.01616852
3.1085e-06,-0.0160734
3.10855e-06,-0.01604234
3.1086e-06,-0.01608116
3.10865e-06,-0.01612193
3.1087e-06,-0.01614134
3.10875e-06,-0.01618599
3.1088e-06,-0.01626558
3.10885e-06,-0.01631411
3.1089e-06,-0.01627335
3.10895e-06,-0.0161627
3.109e-06,-0.01604428
3.10905e-06,-0.01597051
3.1091e-06,-0.01596857
3.10915e-06,-0.0160404
3.1092e-06,-0.01612775
3.10925e-06,-0.01613746
3.1093e-06,-0.01605981
3.10935e-06,-0.01601516
3.1094e-06,-0.01611028
3.10945e-06,-0.0162617
3.1095e-06,-0.01625587
3.10955e-06,-0.01603652
3.1096e-06,-0.01581133
3.10965e-06,-0.01583074
3.1097e-06,-0.01609475
3.10975e-06,-0.01633935
3.1098e-06,-0.01633741
3.10985e-06,-0.01611999
3.1099e-06,-0.01592392
3.10995e-06,-0.01591422
3.11e-06,-0.0160501
3.11005e-06,-0.01618793
3.1101e-06,-0.01625587
3.11015e-06,-0.0162714
3.1102e-06,-0.0162617
3.11025e-06,-0.01624034
3.1103e-06,-0.01621317
3.11035e-06,-0.01617046
3.1104e-06,-0.01608505
3.11045e-06,-0.01596857
3.1105e-06,-0.01590257
3.11055e-06,-0.01595304
3.1106e-06,-0.01607922
3.11065e-06,-0.01614717
3.1107e-06,-0.01607728
3.11075e-06,-0.01595304
3.1108e-06,-0.01591422
3.11085e-06,-0.01599769
3.1109e-06,-0.0160831
3.11095e-06,-0.01605787
3.111e-06,-0.01594334
3.11105e-06,-0.01586569
3.1111e-06,-0.01589092
3.11115e-06,-0.01596469
3.1112e-06,-0.01599963
3.11125e-06,-0.01595692
3.1113e-06,-0.01584627
3.11135e-06,-0.0157298
3.1114e-06,-0.01569486
3.11145e-06,-0.01578027
3.1115e-06,-0.01590451
3.11155e-06,-0.01592198
3.1116e-06,-0.01579774
3.11165e-06,-0.01569098
3.1117e-06,-0.01578416
3.11175e-06,-0.01605787
3.1118e-06,-0.01627529
3.11185e-06,-0.01623646
3.1119e-06,-0.01598798
3.11195e-06,-0.01575115
3.112e-06,-0.01570068
3.11205e-06,-0.01580745
3.1121e-06,-0.01591228
3.11215e-06,-0.0158851
3.1122e-06,-0.01574145
3.11225e-06,-0.01562109
3.1123e-06,-0.0156638
3.11235e-06,-0.01585404
3.1124e-06,-0.01602099
3.11245e-06,-0.01603069
3.1125e-06,-0.01595498
3.11255e-06,-0.01594334
3.1126e-06,-0.01600546
3.11265e-06,-0.0160171
3.1127e-06,-0.01592198
3.11275e-06,-0.01580745
3.1128e-06,-0.0157628
3.11285e-06,-0.01575892
3.1129e-06,-0.01573174
3.11295e-06,-0.01566574
3.113e-06,-0.01558809
3.11305e-06,-0.01552015
3.1131e-06,-0.01548521
3.11315e-06,-0.01552791
3.1132e-06,-0.01566186
3.11325e-06,-0.01582104
3.1133e-06,-0.01591228
3.11335e-06,-0.01590063
3.1134e-06,-0.01584045
3.11345e-06,-0.01581716
3.1135e-06,-0.01584822
3.11355e-06,-0.01585598
3.1136e-06,-0.01577251
3.11365e-06,-0.01565992
3.1137e-06,-0.01563856
3.11375e-06,-0.01571815
3.1138e-06,-0.01576863
3.11385e-06,-0.01571039
3.1139e-06,-0.01562692
3.11395e-06,-0.01564827
3.114e-06,-0.01575115
3.11405e-06,-0.01581327
3.1141e-06,-0.01578998
3.11415e-06,-0.01575892
3.1142e-06,-0.01577833
3.11425e-06,-0.01580357
3.1143e-06,-0.01578416
3.11435e-06,-0.01573368
3.1144e-06,-0.01570845
3.11445e-06,-0.01572398
3.1145e-06,-0.01573368
3.11455e-06,-0.01569874
3.1146e-06,-0.0156405
3.11465e-06,-0.01562109
3.1147e-06,-0.01567156
3.11475e-06,-0.0157628
3.1148e-06,-0.01581716
3.11485e-06,-0.01580357
3.1149e-06,-0.0157628
3.11495e-06,-0.01576474
3.115e-06,-0.01580163
3.11505e-06,-0.01579192
3.1151e-06,-0.01570651
3.11515e-06,-0.01563856
3.1152e-06,-0.01569486
3.11525e-06,-0.01583463
3.1153e-06,-0.01591228
3.11535e-06,-0.01585792
3.1154e-06,-0.01577251
3.11545e-06,-0.01578804
3.1155e-06,-0.01589481
3.11555e-06,-0.01598604
3.1156e-06,-0.01599963
3.11565e-06,-0.01597245
3.1157e-06,-0.0159511
3.11575e-06,-0.01592781
3.1158e-06,-0.01586763
3.11585e-06,-0.01578804
3.1159e-06,-0.01573951
3.11595e-06,-0.01575698
3.116e-06,-0.01581327
3.11605e-06,-0.01583657
3.1161e-06,-0.01578221
3.11615e-06,-0.01569486
3.1162e-06,-0.01567739
3.11625e-06,-0.01577833
3.1163e-06,-0.01591422
3.11635e-06,-0.01597828
3.1164e-06,-0.0159511
3.11645e-06,-0.01591228
3.1165e-06,-0.01591616
3.11655e-06,-0.01595304
3.1166e-06,-0.01598022
3.11665e-06,-0.01598604
3.1167e-06,-0.01596663
3.11675e-06,-0.01592975
3.1168e-06,-0.01589675
3.11685e-06,-0.01589481
3.1169e-06,-0.01592975
3.11695e-06,-0.01598216
3.117e-06,-0.01602875
3.11705e-06,-0.01604816
3.1171e-06,-0.01603263
3.11715e-06,-0.01601322
3.1172e-06,-0.01601904
3.11725e-06,-0.01603069
3.1173e-06,-0.01599769
3.11735e-06,-0.01592004
3.1174e-06,-0.01584822
3.11745e-06,-0.01580551
3.1175e-06,-0.01577639
3.11755e-06,-0.01577251
3.1176e-06,-0.01582492
3.11765e-06,-0.01590063
3.1177e-06,-0.01590839
3.11775e-06,-0.01583463
3.1178e-06,-0.01579774
3.11785e-06,-0.01587539
3.1179e-06,-0.01597245
3.11795e-06,-0.01594528
3.118e-06,-0.01582686
3.11805e-06,-0.01578027
3.1181e-06,-0.01585986
3.11815e-06,-0.01595304
3.1182e-06,-0.01594139
3.11825e-06,-0.01584433
3.1183e-06,-0.01574339
3.11835e-06,-0.01567545
3.1184e-06,-0.0156638
3.11845e-06,-0.01572398
3.1185e-06,-0.01582492
3.11855e-06,-0.01587928
3.1186e-06,-0.01585598
3.11865e-06,-0.01581133
3.1187e-06,-0.01580163
3.11875e-06,-0.01580939
3.1188e-06,-0.01580357
3.11885e-06,-0.01581521
3.1189e-06,-0.01586957
3.11895e-06,-0.01590451
3.119e-06,-0.01584045
3.11905e-06,-0.01570651
3.1191e-06,-0.01562497
3.11915e-06,-0.01565215
3.1192e-06,-0.01570262
3.11925e-06,-0.01567933
3.1193e-06,-0.01563468
3.11935e-06,-0.01572009
3.1194e-06,-0.01595498
3.11945e-06,-0.01614717
3.1195e-06,-0.0161064
3.11955e-06,-0.01588316
3.1196e-06,-0.01572592
3.11965e-06,-0.01578221
3.1197e-06,-0.01595304
3.11975e-06,-0.01602681
3.1198e-06,-0.01593169
3.11985e-06,-0.01577833
3.1199e-06,-0.01570262
3.11995e-06,-0.01572592
3.12e-06,-0.01577251
3.12005e-06,-0.01578416
3.1201e-06,-0.0157861
3.12015e-06,-0.01582492
3.1202e-06,-0.01589286
3.12025e-06,-0.01592586
3.1203e-06,-0.01588898
3.12035e-06,-0.01582686
3.1204e-06,-0.01580163
3.12045e-06,-0.01581133
3.1205e-06,-0.01580163
3.12055e-06,-0.01576086
3.1206e-06,-0.0157298
3.12065e-06,-0.01572398
3.1207e-06,-0.01570068
3.12075e-06,-0.0156405
3.1208e-06,-0.01559974
3.12085e-06,-0.01563662
3.1209e-06,-0.01573174
3.12095e-06,-0.01580551
3.121e-06,-0.01582104
3.12105e-06,-0.0158288
3.1211e-06,-0.01587345
3.12115e-06,-0.01591616
3.1212e-06,-0.01588316
3.12125e-06,-0.01576474
3.1213e-06,-0.0156405
3.12135e-06,-0.01559197
3.1214e-06,-0.01562886
3.12145e-06,-0.01571039
3.1215e-06,-0.01577833
3.12155e-06,-0.01580939
3.1216e-06,-0.01581133
3.12165e-06,-0.0158288
3.1217e-06,-0.01587733
3.12175e-06,-0.01593363
3.1218e-06,-0.01596663
3.12185e-06,-0.01598022
3.1219e-06,-0.01596275
3.12195e-06,-0.01587151
3.122e-06,-0.01572009
3.12205e-06,-0.01559391
3.1221e-06,-0.01555509
3.12215e-06,-0.01555121
3.1222e-06,-0.01553179
3.12225e-06,-0.01553956
3.1223e-06,-0.01563856
3.12235e-06,-0.0157861
3.1224e-06,-0.01586375
3.12245e-06,-0.01581521
3.1225e-06,-0.01570845
3.12255e-06,-0.01565409
3.1226e-06,-0.01569292
3.12265e-06,-0.01577833
3.1227e-06,-0.01582686
3.12275e-06,-0.01578998
3.1228e-06,-0.01570068
3.12285e-06,-0.01563856
3.1229e-06,-0.01565215
3.12295e-06,-0.01567933
3.123e-06,-0.01563662
3.12305e-06,-0.01555121
3.1231e-06,-0.01554538
3.12315e-06,-0.01564439
3.1232e-06,-0.01572204
3.12325e-06,-0.01568515
3.1233e-06,-0.01562692
3.12335e-06,-0.0156735
3.1234e-06,-0.01579386
3.12345e-06,-0.01583269
3.1235e-06,-0.01573562
3.12355e-06,-0.01561333
3.1236e-06,-0.01559586
3.12365e-06,-0.01567545
3.1237e-06,-0.0157531
3.12375e-06,-0.01575698
3.1238e-06,-0.01571039
3.12385e-06,-0.01568709
3.1239e-06,-0.01572398
3.12395e-06,-0.01580357
3.124e-06,-0.01588316
3.12405e-06,-0.01592586
3.1241e-06,-0.01592198
3.12415e-06,-0.01589286
3.1242e-06,-0.01585598
3.12425e-06,-0.0157958
3.1243e-06,-0.0156968
3.12435e-06,-0.01561527
3.1244e-06,-0.01563274
3.12445e-06,-0.0157298
3.1245e-06,-0.01578416
3.12455e-06,-0.01572398
3.1246e-06,-0.0156308
3.12465e-06,-0.01564245
3.1247e-06,-0.01578416
3.12475e-06,-0.01594139
3.1248e-06,-0.01599187
3.12485e-06,-0.01592392
3.1249e-06,-0.01584822
3.12495e-06,-0.01587539
3.125e-06,-0.01598216
3.12505e-06,-0.01601128
3.1251e-06,-0.01585986
3.12515e-06,-0.01565215
3.1252e-06,-0.01561139
3.12525e-06,-0.01574727
3.1253e-06,-0.01582686
3.12535e-06,-0.01570262
3.1254e-06,-0.01553956
3.12545e-06,-0.01556868
3.1255e-06,-0.01576474
3.12555e-06,-0.01591228
3.1256e-06,-0.01589869
3.12565e-06,-0.01582686
3.1257e-06,-0.01583074
3.12575e-06,-0.01592198
3.1258e-06,-0.01600546
3.12585e-06,-0.01598798
3.1259e-06,-0.01587151
3.12595e-06,-0.01574533
3.126e-06,-0.01569486
3.12605e-06,-0.01572204
3.1261e-06,-0.01576863
3.12615e-06,-0.01579774
3.1262e-06,-0.01582104
3.12625e-06,-0.01585792
3.1263e-06,-0.01590257
3.12635e-06,-0.01595498
3.1264e-06,-0.01602099
3.12645e-06,-0.01607728
3.1265e-06,-0.01605787
3.12655e-06,-0.01593945
3.1266e-06,-0.01579774
3.12665e-06,-0.01572398
3.1267e-06,-0.0157298
3.12675e-06,-0.01573951
3.1268e-06,-0.01571427
3.12685e-06,-0.01568515
3.1269e-06,-0.01568709
3.12695e-06,-0.01571815
3.127e-06,-0.01576668
3.12705e-06,-0.01583269
3.1271e-06,-0.01589286
3.12715e-06,-0.01589869
3.1272e-06,-0.01583851
3.12725e-06,-0.0157531
3.1273e-06,-0.01569874
3.12735e-06,-0.01567156
3.1274e-06,-0.0156405
3.12745e-06,-0.01560944
3.1275e-06,-0.01562497
3.12755e-06,-0.01569292
3.1276e-06,-0.01575115
3.12765e-06,-0.01572786
3.1277e-06,-0.01563662
3.12775e-06,-0.01556674
3.1278e-06,-0.0155745
3.12785e-06,-0.01563856
3.1279e-06,-0.01568515
3.12795e-06,-0.0156735
3.128e-06,-0.01562303
3.12805e-06,-0.0155978
3.1281e-06,-0.01563468
3.12815e-06,-0.01568515
3.1282e-06,-0.01563856
3.12825e-06,-0.01545609
3.1283e-06,-0.01525226
3.12835e-06,-0.0152309
3.1284e-06,-0.01544444
3.12845e-06,-0.0156968
3.1285e-06,-0.01573757
3.12855e-06,-0.01555509
3.1286e-06,-0.01538232
3.12865e-06,-0.01540367
3.1287e-06,-0.01555121
3.12875e-06,-0.01563856
3.1288e-06,-0.01560362
3.12885e-06,-0.01553956
3.1289e-06,-0.01554732
3.12895e-06,-0.01561527
3.129e-06,-0.01565409
3.12905e-06,-0.01563468
3.1291e-06,-0.01562109
3.12915e-06,-0.01566186
3.1292e-06,-0.01572204
3.12925e-06,-0.01571427
3.1293e-06,-0.01564245
3.12935e-06,-0.01562497
3.1294e-06,-0.01573757
3.12945e-06,-0.01588704
3.1295e-06,-0.01592781
3.12955e-06,-0.01586375
3.1296e-06,-0.01582104
3.12965e-06,-0.0158618
3.1297e-06,-0.01589286
3.12975e-06,-0.01580939
3.1298e-06,-0.01564439
3.12985e-06,-0.0155415
3.1299e-06,-0.01558227
3.12995e-06,-0.01570068
3.13e-06,-0.0157531
3.13005e-06,-0.01568709
3.1301e-06,-0.01561721
3.13015e-06,-0.01568321
3.1302e-06,-0.01586763
3.13025e-06,-0.01599963
3.1303e-06,-0.01596275
3.13035e-06,-0.01582104
3.1304e-06,-0.0157298
3.13045e-06,-0.01574921
3.1305e-06,-0.0158288
3.13055e-06,-0.01587928
3.1306e-06,-0.01584239
3.13065e-06,-0.01571621
3.1307e-06,-0.0155978
3.13075e-06,-0.01561527
3.1308e-06,-0.01577057
3.13085e-06,-0.01591422
3.1309e-06,-0.01592004
3.13095e-06,-0.01583657
3.131e-06,-0.01580357
3.13105e-06,-0.0158521
3.1311e-06,-0.01588898
3.13115e-06,-0.01582492
3.1312e-06,-0.01570456
3.13125e-06,-0.01564245
3.1313e-06,-0.01569486
3.13135e-06,-0.0157861
3.1314e-06,-0.01580745
3.13145e-06,-0.01574145
3.1315e-06,-0.0156735
3.13155e-06,-0.01567545
3.1316e-06,-0.01572204
3.13165e-06,-0.01575115
3.1317e-06,-0.01579192
3.13175e-06,-0.01590063
3.1318e-06,-0.01602293
3.13185e-06,-0.0160074
3.1319e-06,-0.01582298
3.13195e-06,-0.01565021
3.132e-06,-0.01565021
3.13205e-06,-0.01575115
3.1321e-06,-0.01577445
3.13215e-06,-0.01567545
3.1322e-06,-0.01557644
3.13225e-06,-0.01557256
3.1323e-06,-0.01562692
3.13235e-06,-0.01568903
3.1324e-06,-0.01577251
3.13245e-06,-0.01590645
3.1325e-06,-0.01605981
3.13255e-06,-0.01614717
3.1326e-06,-0.01611222
3.13265e-06,-0.01596663
3.1327e-06,-0.01578027
3.13275e-06,-0.01564827
3.1328e-06,-0.01563468
3.13285e-06,-0.01570068
3.1329e-06,-0.01572009
3.13295e-06,-0.01560944
3.133e-06,-0.01545997
3.13305e-06,-0.01546191
3.1331e-06,-0.01566186
3.13315e-06,-0.0158618
3.1332e-06,-0.01585598
3.13325e-06,-0.0156968
3.1333e-06,-0.01564633
3.13335e-06,-0.01583269
3.1334e-06,-0.0160831
3.13345e-06,-0.0161394
3.1335e-06,-0.01597051
3.13355e-06,-0.01577639
3.1336e-06,-0.01573562
3.13365e-06,-0.01582492
3.1337e-06,-0.0158851
3.13375e-06,-0.01582686
3.1338e-06,-0.01570651
3.13385e-06,-0.01563662
3.1339e-06,-0.01565798
3.13395e-06,-0.01575115
3.134e-06,-0.01588704
3.13405e-06,-0.01601904
3.1341e-06,-0.01606952
3.13415e-06,-0.01600934
3.1342e-06,-0.01593557
3.13425e-06,-0.01596081
3.1343e-06,-0.01605205
3.13435e-06,-0.01606369
3.1344e-06,-0.01594139
3.13445e-06,-0.01581521
3.1345e-06,-0.01580163
3.13455e-06,-0.01584627
3.1346e-06,-0.01581521
3.13465e-06,-0.01572786
3.1347e-06,-0.01573757
3.13475e-06,-0.01589092
3.1348e-06,-0.01603263
3.13485e-06,-0.01600934
3.1349e-06,-0.01587733
3.13495e-06,-0.01579968
3.135e-06,-0.01580939
3.13505e-06,-0.01579386
3.1351e-06,-0.01571427
3.13515e-06,-0.0156638
3.1352e-06,-0.01569874
3.13525e-06,-0.01574145
3.1353e-06,-0.01571427
3.13535e-06,-0.01567933
3.1354e-06,-0.01573174
3.13545e-06,-0.01584239
3.1355e-06,-0.01590839
3.13555e-06,-0.01589675
3.1356e-06,-0.0158618
3.13565e-06,-0.01583269
3.1357e-06,-0.01579968
3.13575e-06,-0.01578027
3.1358e-06,-0.01580939
3.13585e-06,-0.01584239
3.1359e-06,-0.01580163
3.13595e-06,-0.01571427
3.136e-06,-0.01570456
3.13605e-06,-0.0158191
3.1361e-06,-0.01593363
3.13615e-06,-0.01590645
3.1362e-06,-0.01576668
3.13625e-06,-0.01568515
3.1363e-06,-0.01575115
3.13635e-06,-0.01586569
3.1364e-06,-0.01588316
3.13645e-06,-0.0158191
3.1365e-06,-0.01580551
3.13655e-06,-0.01588122
3.1366e-06,-0.01594722
3.13665e-06,-0.01590839
3.1367e-06,-0.01580551
3.13675e-06,-0.01574339
3.1368e-06,-0.01575115
3.13685e-06,-0.01578998
3.1369e-06,-0.01580551
3.13695e-06,-0.01580163
3.137e-06,-0.01579968
3.13705e-06,-0.0157958
3.1371e-06,-0.01578221
3.13715e-06,-0.01576863
3.1372e-06,-0.01580551
3.13725e-06,-0.01591228
3.1373e-06,-0.01603069
3.13735e-06,-0.01604816
3.1374e-06,-0.0159181
3.13745e-06,-0.0157298
3.1375e-06,-0.01564245
3.13755e-06,-0.01571621
3.1376e-06,-0.01584822
3.13765e-06,-0.01590839
3.1377e-06,-0.01587539
3.13775e-06,-0.01582492
3.1378e-06,-0.01582492
3.13785e-06,-0.01586957
3.1379e-06,-0.01592004
3.13795e-06,-0.01592198
3.138e-06,-0.01585016
3.13805e-06,-0.01574533
3.1381e-06,-0.01569292
3.13815e-06,-0.01575115
3.1382e-06,-0.01586763
3.13825e-06,-0.01592586
3.1383e-06,-0.01588122
3.13835e-06,-0.01579774
3.1384e-06,-0.01576086
3.13845e-06,-0.01579192
3.1385e-06,-0.01584822
3.13855e-06,-0.01588122
3.1386e-06,-0.01586763
3.13865e-06,-0.01582492
3.1387e-06,-0.01579386
3.13875e-06,-0.01581716
3.1388e-06,-0.01589675
3.13885e-06,-0.01597828
3.1389e-06,-0.01596663
3.13895e-06,-0.01583269
3.139e-06,-0.0156638
3.13905e-06,-0.01557062
3.1391e-06,-0.01555509
3.13915e-06,-0.01554732
3.1392e-06,-0.01553762
3.13925e-06,-0.01559586
3.1393e-06,-0.01574533
3.13935e-06,-0.01591034
3.1394e-06,-0.01599381
3.13945e-06,-0.01597051
3.1395e-06,-0.01588316
3.13955e-06,-0.01578027
3.1396e-06,-0.01571233
3.13965e-06,-0.01569486
3.1397e-06,-0.01570651
3.13975e-06,-0.01570845
3.1398e-06,-0.01569486
3.13985e-06,-0.01571039
3.1399e-06,-0.01577445
3.13995e-06,-0.01583269
3.14e-06,-0.01580745
3.14005e-06,-0.01572592
3.1401e-06,-0.01569874
3.14015e-06,-0.01577639
3.1402e-06,-0.01588898
3.14025e-06,-0.01593945
3.1403e-06,-0.01591228
3.14035e-06,-0.01584239
3.1404e-06,-0.01575892
3.14045e-06,-0.01570456
3.1405e-06,-0.01573174
3.14055e-06,-0.0158191
3.1406e-06,-0.0158521
3.14065e-06,-0.01576863
3.1407e-06,-0.01565798
3.14075e-06,-0.01565409
3.1408e-06,-0.0157628
3.14085e-06,-0.01585598
3.1409e-06,-0.01585598
3.14095e-06,-0.01582298
3.141e-06,-0.01584433
3.14105e-06,-0.01590645
3.1411e-06,-0.01593169
3.14115e-06,-0.01589481
3.1412e-06,-0.01584822
3.14125e-06,-0.01583657
3.1413e-06,-0.0158288
3.14135e-06,-0.01580163
3.1414e-06,-0.01578027
3.14145e-06,-0.01580551
3.1415e-06,-0.0158618
3.14155e-06,-0.01589675
3.1416e-06,-0.01590451
3.14165e-06,-0.01592004
3.1417e-06,-0.01594528
3.14175e-06,-0.01593169
3.1418e-06,-0.01587151
3.14185e-06,-0.0158288
3.1419e-06,-0.01583851
3.14195e-06,-0.01585986
3.142e-06,-0.01585598
3.14205e-06,-0.01585598
3.1421e-06,-0.01586569
3.14215e-06,-0.01581133
3.1422e-06,-0.01564633
3.14225e-06,-0.01549297
3.1423e-06,-0.01554732
3.14235e-06,-0.01582298
3.1424e-06,-0.01609281
3.14245e-06,-0.01612581
3.1425e-06,-0.01594916
3.14255e-06,-0.01580939
3.1426e-06,-0.01586763
3.14265e-06,-0.01600934
3.1427e-06,-0.01603069
3.14275e-06,-0.01589675
3.1428e-06,-0.01575698
3.14285e-06,-0.01573368
3.1429e-06,-0.01578416
3.14295e-06,-0.01577833
3.143e-06,-0.01567933
3.14305e-06,-0.01557838
3.1431e-06,-0.01560362
3.14315e-06,-0.01577445
3.1432e-06,-0.01597634
3.14325e-06,-0.01607922
3.1433e-06,-0.01604816
3.14335e-06,-0.01596469
3.1434e-06,-0.01593945
3.14345e-06,-0.01598798
3.1435e-06,-0.01601128
3.14355e-06,-0.01590839
3.1436e-06,-0.01573368
3.14365e-06,-0.01565603
3.1437e-06,-0.01574145
3.14375e-06,-0.01583074
3.1438e-06,-0.01577251
3.14385e-06,-0.01564827
3.1439e-06,-0.01568127
3.14395e-06,-0.01588898
3.144e-06,-0.01603846
3.14405e-06,-0.0159511
3.1441e-06,-0.01575115
3.14415e-06,-0.01568515
3.1442e-06,-0.01581327
3.14425e-06,-0.01595304
3.1443e-06,-0.01591228
3.14435e-06,-0.01571233
3.1444e-06,-0.01551627
3.14445e-06,-0.01544832
3.1445e-06,-0.01549685
3.14455e-06,-0.01559003
3.1446e-06,-0.01567739
3.14465e-06,-0.01574921
3.1447e-06,-0.01579192
3.14475e-06,-0.01579386
3.1448e-06,-0.01577057
3.14485e-06,-0.01576086
3.1449e-06,-0.0157861
3.14495e-06,-0.01580939
3.145e-06,-0.01577833
3.14505e-06,-0.01570651
3.1451e-06,-0.01567545
3.14515e-06,-0.01572204
3.1452e-06,-0.0157861
3.14525e-06,-0.01578221
3.1453e-06,-0.01570068
3.14535e-06,-0.01560944
3.1454e-06,-0.01556674
3.14545e-06,-0.01559974
3.1455e-06,-0.01569098
3.14555e-06,-0.01578998
3.1456e-06,-0.01584045
3.14565e-06,-0.01584433
3.1457e-06,-0.01585792
3.14575e-06,-0.01589869
3.1458e-06,-0.01590257
3.14585e-06,-0.01582104
3.1459e-06,-0.01571815
3.14595e-06,-0.01569098
3.146e-06,-0.01573368
3.14605e-06,-0.01575698
3.1461e-06,-0.01571815
3.14615e-06,-0.01567545
3.1462e-06,-0.01567739
3.14625e-06,-0.01568127
3.1463e-06,-0.01563662
3.14635e-06,-0.01559197
3.1464e-06,-0.01564439
3.14645e-06,-0.01578998
3.1465e-06,-0.01591034
3.14655e-06,-0.01589675
3.1466e-06,-0.01577833
3.14665e-06,-0.01567156
3.1467e-06,-0.0156638
3.14675e-06,-0.0157298
3.1468e-06,-0.01576086
3.14685e-06,-0.01569486
3.1469e-06,-0.01559974
3.14695e-06,-0.01560168
3.147e-06,-0.01570845
3.14705e-06,-0.01579192
3.1471e-06,-0.01577833
3.14715e-06,-0.01577057
3.1472e-06,-0.0158851
3.14725e-06,-0.01604816
3.1473e-06,-0.01606175
3.14735e-06,-0.01589481
3.1474e-06,-0.01573562
3.14745e-06,-0.01572592
3.1475e-06,-0.01578221
3.14755e-06,-0.01575504
3.1476e-06,-0.01566186
3.14765e-06,-0.01563468
3.1477e-06,-0.01570068
3.14775e-06,-0.01575115
3.1478e-06,-0.01573951
3.14785e-06,-0.01575504
3.1479e-06,-0.01585404
3.14795e-06,-0.01592004
3.148e-06,-0.0158288
3.14805e-06,-0.01565409
3.1481e-06,-0.01560168
3.14815e-06,-0.01571621
3.1482e-06,-0.01580551
3.14825e-06,-0.01571427
3.1483e-06,-0.01552985
3.14835e-06,-0.01547162
3.1484e-06,-0.01560168
3.14845e-06,-0.01577639
3.1485e-06,-0.01583851
3.14855e-06,-0.0157861
3.1486e-06,-0.01574339
3.14865e-06,-0.01580745
3.1487e-06,-0.01596081
3.14875e-06,-0.01608505
3.1488e-06,-0.01606952
3.14885e-06,-0.01591228
3.1489e-06,-0.0157298
3.14895e-06,-0.0156308
3.149e-06,-0.0156075
3.14905e-06,-0.0155978
3.1491e-06,-0.0155648
3.14915e-06,-0.01551821
3.1492e-06,-0.01547162
3.14925e-06,-0.01544638
3.1493e-06,-0.01549491
3.14935e-06,-0.01563856
3.1494e-06,-0.01580551
3.14945e-06,-0.01588122
3.1495e-06,-0.0158288
3.14955e-06,-0.01572786
3.1496e-06,-0.01568127
3.14965e-06,-0.01569292
3.1497e-06,-0.01567545
3.14975e-06,-0.01559974
3.1498e-06,-0.0155415
3.14985e-06,-0.0155745
3.1499e-06,-0.0156405
3.14995e-06,-0.01565021
3.15e-06,-0.01561333
3.15005e-06,-0.01560944
3.1501e-06,-0.01565409
3.15015e-06,-0.01565798
3.1502e-06,-0.0155648
3.15025e-06,-0.01542697
3.1503e-06,-0.01537261
3.15035e-06,-0.01546968
3.1504e-06,-0.01565021
3.15045e-06,-0.01575892
3.1505e-06,-0.01569098
3.15055e-06,-0.01549103
3.1506e-06,-0.01532991
3.15065e-06,-0.01533961
3.1507e-06,-0.01546385
3.15075e-06,-0.01553179
3.1508e-06,-0.01547162
3.15085e-06,-0.0154095
3.1509e-06,-0.01546773
3.15095e-06,-0.01557644
3.151e-06,-0.01558227
3.15105e-06,-0.01547162
3.1511e-06,-0.01538038
3.15115e-06,-0.01540756
3.1512e-06,-0.01552015
3.15125e-06,-0.01562692
3.1513e-06,-0.01565992
3.15135e-06,-0.01559003
3.1514e-06,-0.01546773
3.15145e-06,-0.0154192
3.1515e-06,-0.01552403
3.15155e-06,-0.01568709
3.1516e-06,-0.01572009
3.15165e-06,-0.01560556
3.1517e-06,-0.01552209
3.15175e-06,-0.01559391
3.1518e-06,-0.01573174
3.15185e-06,-0.01576863
3.1519e-06,-0.01567545
3.15195e-06,-0.01552985
3.152e-06,-0.01539203
3.15205e-06,-0.01529108
3.1521e-06,-0.01527943
3.15215e-06,-0.01537844
3.1522e-06,-0.01552015
3.15225e-06,-0.0155978
3.1523e-06,-0.01558033
3.15235e-06,-0.01552791
3.1524e-06,-0.0155085
3.15245e-06,-0.01555509
3.1525e-06,-0.0156405
3.15255e-06,-0.01570845
3.1526e-06,-0.01570456
3.15265e-06,-0.01560362
3.1527e-06,-0.01544444
3.15275e-06,-0.01531632
3.1528e-06,-0.01531632
3.15285e-06,-0.01543085
3.1529e-06,-0.01553374
3.15295e-06,-0.01552209
3.153e-06,-0.01545415
3.15305e-06,-0.01545997
3.1531e-06,-0.01557062
3.15315e-06,-0.01568127
3.1532e-06,-0.01570845
3.15325e-06,-0.01567739
3.1533e-06,-0.01565992
3.15335e-06,-0.0156638
3.1534e-06,-0.01564439
3.15345e-06,-0.01559003
3.1535e-06,-0.01553762
3.15355e-06,-0.01551044
3.1536e-06,-0.01550656
3.15365e-06,-0.01553179
3.1537e-06,-0.01560168
3.15375e-06,-0.01570068
3.1538e-06,-0.01576863
3.15385e-06,-0.01575892
3.1539e-06,-0.01568515
3.15395e-06,-0.01560944
3.154e-06,-0.01560168
3.15405e-06,-0.01568709
3.1541e-06,-0.01579774
3.15415e-06,-0.01582298
3.1542e-06,-0.01573951
3.15425e-06,-0.01566574
3.1543e-06,-0.01570845
3.15435e-06,-0.01578804
3.1544e-06,-0.01573757
3.15445e-06,-0.01555509
3.1545e-06,-0.01543279
3.15455e-06,-0.01550074
3.1546e-06,-0.01565992
3.15465e-06,-0.01571815
3.1547e-06,-0.01565021
3.15475e-06,-0.01560168
3.1548e-06,-0.01569098
3.15485e-06,-0.01586375
3.1549e-06,-0.01596469
3.15495e-06,-0.01590451
3.155e-06,-0.01576086
3.15505e-06,-0.01565992
3.1551e-06,-0.01565021
3.15515e-06,-0.01568709
3.1552e-06,-0.01569874
3.15525e-06,-0.0156405
3.1553e-06,-0.01552015
3.15535e-06,-0.01544056
3.1554e-06,-0.01552015
3.15545e-06,-0.01574727
3.1555e-06,-0.01593751
3.15555e-06,-0.01593169
3.1556e-06,-0.01579192
3.15565e-06,-0.01568127
3.1557e-06,-0.01565603
3.15575e-06,-0.01565992
3.1558e-06,-0.0156638
3.15585e-06,-0.01570262
3.1559e-06,-0.0157531
3.15595e-06,-0.01572786
3.156e-06,-0.01560944
3.15605e-06,-0.01552403
3.1561e-06,-0.01557256
3.15615e-06,-0.01568127
3.1562e-06,-0.01568127
3.15625e-06,-0.01554927
3.1563e-06,-0.01545609
3.15635e-06,-0.01555315
3.1564e-06,-0.01576863
3.15645e-06,-0.01588704
3.1565e-06,-0.01582492
3.15655e-06,-0.01571815
3.1566e-06,-0.01572009
3.15665e-06,-0.0157958
3.1567e-06,-0.01581716
3.15675e-06,-0.0157628
3.1568e-06,-0.01571621
3.15685e-06,-0.01569292
3.1569e-06,-0.01563662
3.15695e-06,-0.0155745
3.157e-06,-0.01562303
3.15705e-06,-0.01579192
3.1571e-06,-0.01591422
3.15715e-06,-0.01586957
3.1572e-06,-0.01575892
3.15725e-06,-0.01577833
3.1573e-06,-0.01593945
3.15735e-06,-0.01603652
3.1574e-06,-0.01590839
3.15745e-06,-0.01564439
3.1575e-06,-0.0154755
3.15755e-06,-0.01549879
3.1576e-06,-0.0155978
3.15765e-06,-0.01563468
3.1577e-06,-0.01560362
3.15775e-06,-0.01558809
3.1578e-06,-0.01561721
3.15785e-06,-0.0156735
3.1579e-06,-0.01573951
3.15795e-06,-0.01578998
3.158e-06,-0.01578221
3.15805e-06,-0.01572009
3.1581e-06,-0.01568127
3.15815e-06,-0.01571815
3.1582e-06,-0.01575504
3.15825e-06,-0.01568321
3.1583e-06,-0.01551432
3.15835e-06,-0.01537261
3.1584e-06,-0.01537844
3.15845e-06,-0.01552015
3.1585e-06,-0.01567156
3.15855e-06,-0.01568903
3.1586e-06,-0.01556285
3.15865e-06,-0.01546385
3.1587e-06,-0.01554732
3.15875e-06,-0.01576668
3.1588e-06,-0.01593751
3.15885e-06,-0.01595304
3.1589e-06,-0.01584822
3.15895e-06,-0.01570456
3.159e-06,-0.0155745
3.15905e-06,-0.01551238
3.1591e-06,-0.0155415
3.15915e-06,-0.01560944
3.1592e-06,-0.01564439
3.15925e-06,-0.0156405
3.1593e-06,-0.01565798
3.15935e-06,-0.01571233
3.1594e-06,-0.01575892
3.15945e-06,-0.0157628
3.1595e-06,-0.01574727
3.15955e-06,-0.01574921
3.1596e-06,-0.01575698
3.15965e-06,-0.01573757
3.1597e-06,-0.0156968
3.15975e-06,-0.01565992
3.1598e-06,-0.01562692
3.15985e-06,-0.01557062
3.1599e-06,-0.01550462
3.15995e-06,-0.01550268
3.16e-06,-0.01559586
3.16005e-06,-0.01572398
3.1601e-06,-0.01578804
3.16015e-06,-0.01574533
3.1602e-06,-0.01566962
3.16025e-06,-0.0156638
3.1603e-06,-0.01574727
3.16035e-06,-0.01583269
3.1604e-06,-0.01583074
3.16045e-06,-0.01576863
3.1605e-06,-0.01572592
3.16055e-06,-0.01571815
3.1606e-06,-0.0156735
3.16065e-06,-0.01556091
3.1607e-06,-0.0154522
3.16075e-06,-0.01544832
3.1608e-06,-0.0155648
3.16085e-06,-0.01570068
3.1609e-06,-0.01572786
3.16095e-06,-0.01562692
3.161e-06,-0.01551627
3.16105e-06,-0.01553568
3.1611e-06,-0.01568321
3.16115e-06,-0.01580939
3.1612e-06,-0.01578027
3.16125e-06,-0.01561915
3.1613e-06,-0.01546191
3.16135e-06,-0.01539979
3.1614e-06,-0.01544638
3.16145e-06,-0.0155415
3.1615e-06,-0.0155978
3.16155e-06,-0.01555315
3.1616e-06,-0.01545609
3.16165e-06,-0.01542697
3.1617e-06,-0.01552015
3.16175e-06,-0.01563274
3.1618e-06,-0.01562886
3.16185e-06,-0.01551821
3.1619e-06,-0.01545803
3.16195e-06,-0.01554344
3.162e-06,-0.01568321
3.16205e-06,-0.01570651
3.1621e-06,-0.01557062
3.16215e-06,-0.01540561
3.1622e-06,-0.01533961
3.16225e-06,-0.01537261
3.1623e-06,-0.01542309
3.16235e-06,-0.01545026
3.1624e-06,-0.01547938
3.16245e-06,-0.01555315
3.1625e-06,-0.01565992
3.16255e-06,-0.0157531
3.1626e-06,-0.01576863
3.16265e-06,-0.01569292
3.1627e-06,-0.0155978
3.16275e-06,-0.01557838
3.1628e-06,-0.0156308
3.16285e-06,-0.0156405
3.1629e-06,-0.01554344
3.16295e-06,-0.0154192
3.163e-06,-0.01537456
3.16305e-06,-0.01541144
3.1631e-06,-0.01546968
3.16315e-06,-0.01552791
3.1632e-06,-0.01560556
3.16325e-06,-0.01567545
3.1633e-06,-0.01569486
3.16335e-06,-0.01567933
3.1634e-06,-0.01567933
3.16345e-06,-0.01569292
3.1635e-06,-0.01568515
3.16355e-06,-0.01564633
3.1636e-06,-0.01560168
3.16365e-06,-0.01555897
3.1637e-06,-0.0155085
3.16375e-06,-0.01545609
3.1638e-06,-0.01543862
3.16385e-06,-0.01548521
3.1639e-06,-0.01555121
3.16395e-06,-0.01557256
3.164e-06,-0.01555703
3.16405e-06,-0.01557644
3.1641e-06,-0.01565992
3.16415e-06,-0.01573174
3.1642e-06,-0.01569486
3.16425e-06,-0.01556091
3.1643e-06,-0.01543279
3.16435e-06,-0.01538038
3.1644e-06,-0.01539009
3.16445e-06,-0.01541726
3.1645e-06,-0.01545415
3.16455e-06,-0.01552209
3.1646e-06,-0.01561333
3.16465e-06,-0.01567739
3.1647e-06,-0.01565021
3.16475e-06,-0.01554732
3.1648e-06,-0.01544638
3.16485e-06,-0.01543473
3.1649e-06,-0.01554344
3.16495e-06,-0.01572204
3.165e-06,-0.01583463
3.16505e-06,-0.01577251
3.1651e-06,-0.01558033
3.16515e-06,-0.01542697
3.1652e-06,-0.01542114
3.16525e-06,-0.01548909
3.1653e-06,-0.01548715
3.16535e-06,-0.01539203
3.1654e-06,-0.01529496
3.16545e-06,-0.01527943
3.1655e-06,-0.01532991
3.16555e-06,-0.01539785
3.1656e-06,-0.01547938
3.16565e-06,-0.01560362
3.1657e-06,-0.01574921
3.16575e-06,-0.01583074
3.1658e-06,-0.01577833
3.16585e-06,-0.01561915
3.1659e-06,-0.01546773
3.16595e-06,-0.01541532
3.166e-06,-0.0154425
3.16605e-06,-0.01545803
3.1661e-06,-0.01542114
3.16615e-06,-0.0153862
3.1662e-06,-0.01541338
3.16625e-06,-0.01548521
3.1663e-06,-0.01552985
3.16635e-06,-0.01552791
3.1664e-06,-0.0155085
3.16645e-06,-0.01548909
3.1665e-06,-0.01544832
3.16655e-06,-0.01538426
3.1666e-06,-0.0153532
3.16665e-06,-0.01539397
3.1667e-06,-0.01545609
3.16675e-06,-0.01545415
3.1668e-06,-0.01538426
3.16685e-06,-0.01533767
3.1669e-06,-0.01538232
3.16695e-06,-0.01547162
3.167e-06,-0.01551044
3.16705e-06,-0.01549491
3.1671e-06,-0.01551821
3.16715e-06,-0.01561333
3.1672e-06,-0.01565798
3.16725e-06,-0.01553374
3.1673e-06,-0.01531632
3.16735e-06,-0.01522508
3.1674e-06,-0.0153435
3.16745e-06,-0.01552209
3.1675e-06,-0.01557062
3.16755e-06,-0.01547356
3.1676e-06,-0.01536097
3.16765e-06,-0.01533185
3.1677e-06,-0.01537261
3.16775e-06,-0.01543862
3.1678e-06,-0.01551044
3.16785e-06,-0.01557644
3.1679e-06,-0.01560362
3.16795e-06,-0.01558615
3.168e-06,-0.01558227
3.16805e-06,-0.01563662
3.1681e-06,-0.0156968
3.16815e-06,-0.01566574
3.1682e-06,-0.0155415
3.16825e-06,-0.01544638
3.1683e-06,-0.01546191
3.16835e-06,-0.01551238
3.1684e-06,-0.0154755
3.16845e-06,-0.01538038
3.1685e-06,-0.01537261
3.16855e-06,-0.01550656
3.1686e-06,-0.01565798
3.16865e-06,-0.01570845
3.1687e-06,-0.01568321
3.16875e-06,-0.01566768
3.1688e-06,-0.01566574
3.16885e-06,-0.01562303
3.1689e-06,-0.01553762
3.16895e-06,-0.01546773
3.169e-06,-0.01542891
3.16905e-06,-0.01538814
3.1691e-06,-0.01534544
3.16915e-06,-0.01533961
3.1692e-06,-0.01538232
3.16925e-06,-0.01544056
3.1693e-06,-0.01549491
3.16935e-06,-0.01554732
3.1694e-06,-0.01557838
3.16945e-06,-0.01555509
3.1695e-06,-0.01549879
3.16955e-06,-0.01548909
3.1696e-06,-0.01554344
3.16965e-06,-0.01559586
3.1697e-06,-0.01558227
3.16975e-06,-0.01551044
3.1698e-06,-0.01544056
3.16985e-06,-0.01541532
3.1699e-06,-0.01543473
3.16995e-06,-0.01547356
3.17e-06,-0.01550268
3.17005e-06,-0.0155085
3.1701e-06,-0.01551627
3.17015e-06,-0.01555121
3.1702e-06,-0.01558421
3.17025e-06,-0.01554927
3.1703e-06,-0.01544638
3.17035e-06,-0.01537067
3.1704e-06,-0.01539009
3.17045e-06,-0.01545803
3.1705e-06,-0.01548132
3.17055e-06,-0.0154522
3.1706e-06,-0.01542309
3.17065e-06,-0.01541338
3.1707e-06,-0.01539397
3.17075e-06,-0.01536873
3.1708e-06,-0.0153862
3.17085e-06,-0.01547162
3.1709e-06,-0.01556674
3.17095e-06,-0.01558227
3.171e-06,-0.01550268
3.17105e-06,-0.01542697
3.1711e-06,-0.01545803
3.17115e-06,-0.01556091
3.1712e-06,-0.01559974
3.17125e-06,-0.01550268
3.1713e-06,-0.0153532
3.17135e-06,-0.01528138
3.1714e-06,-0.01533185
3.17145e-06,-0.01542503
3.1715e-06,-0.01545415
3.17155e-06,-0.01540173
3.1716e-06,-0.01535903
3.17165e-06,-0.01539979
3.1717e-06,-0.01546773
3.17175e-06,-0.01543862
3.1718e-06,-0.01531049
3.17185e-06,-0.01524061
3.1719e-06,-0.01535514
3.17195e-06,-0.01555897
3.172e-06,-0.01562692
3.17205e-06,-0.01548521
3.1721e-06,-0.01532214
3.17215e-06,-0.01534155
3.1722e-06,-0.01549297
3.17225e-06,-0.01555121
3.1723e-06,-0.01542891
3.17235e-06,-0.01527167
3.1724e-06,-0.01523867
3.17245e-06,-0.01530467
3.1725e-06,-0.01534738
3.17255e-06,-0.01532408
3.1726e-06,-0.01528914
3.17265e-06,-0.01526779
3.1727e-06,-0.01524449
3.17275e-06,-0.01521926
3.1728e-06,-0.01524061
3.17285e-06,-0.01530661
3.1729e-06,-0.01533185
3.17295e-06,-0.01524255
3.173e-06,-0.01510084
3.17305e-06,-0.01504649
3.1731e-06,-0.01514743
3.17315e-06,-0.01529496
3.1732e-06,-0.01532602
3.17325e-06,-0.01521926
3.1733e-06,-0.0150989
3.17335e-06,-0.01509308
3.1734e-06,-0.01520373
3.17345e-06,-0.01532408
3.1735e-06,-0.01534738
3.17355e-06,-0.01525032
3.1736e-06,-0.01510861
3.17365e-06,-0.01504066
3.1737e-06,-0.01508919
3.17375e-06,-0.01518043
3.1738e-06,-0.01521537
3.17385e-06,-0.01520373
3.1739e-06,-0.0152212
3.17395e-06,-0.0152872
3.174e-06,-0.01533379
3.17405e-06,-0.01532991
3.1741e-06,-0.01532214
3.17415e-06,-0.01535514
3.1742e-06,-0.01539203
3.17425e-06,-0.01536873
3.1743e-06,-0.01527943
3.17435e-06,-0.01517849
3.1744e-06,-0.01511055
3.17445e-06,-0.01509114
3.1745e-06,-0.01511055
3.17455e-06,-0.01512802
3.1746e-06,-0.01512414
3.17465e-06,-0.01513384
3.1747e-06,-0.01520373
3.17475e-06,-0.01531244
3.1748e-06,-0.01538426
3.17485e-06,-0.0153862
3.1749e-06,-0.01536485
3.17495e-06,-0.01534155
3.175e-06,-0.01528332
3.17505e-06,-0.01517655
3.1751e-06,-0.01508143
3.17515e-06,-0.01506978
3.1752e-06,-0.0151319
3.17525e-06,-0.01518237
3.1753e-06,-0.01517073
3.17535e-06,-0.01512608
3.1754e-06,-0.01512025
3.17545e-06,-0.01518431
3.1755e-06,-0.01529108
3.17555e-06,-0.01538038
3.1756e-06,-0.01538814
3.17565e-06,-0.01532602
3.1757e-06,-0.01527943
3.17575e-06,-0.01529691
3.1758e-06,-0.01531244
3.17585e-06,-0.01523285
3.1759e-06,-0.01510667
3.17595e-06,-0.01508531
3.176e-06,-0.01521149
3.17605e-06,-0.01532408
3.1761e-06,-0.01526196
3.17615e-06,-0.01506784
3.1762e-06,-0.01495719
3.17625e-06,-0.01505037
3.1763e-06,-0.01522314
3.17635e-06,-0.01526973
3.1764e-06,-0.01516296
3.17645e-06,-0.01507172
3.1765e-06,-0.01512414
3.17655e-06,-0.0152309
3.1766e-06,-0.01524449
3.17665e-06,-0.01516102
3.1767e-06,-0.01509502
3.17675e-06,-0.01509502
3.1768e-06,-0.01508919
3.17685e-06,-0.01507172
3.1769e-06,-0.01514937
3.17695e-06,-0.01533185
3.177e-06,-0.01542697
3.17705e-06,-0.01529302
3.1771e-06,-0.01508919
3.17715e-06,-0.01509696
3.1772e-06,-0.01532602
3.17725e-06,-0.01547938
3.1773e-06,-0.01536485
3.17735e-06,-0.01513384
3.1774e-06,-0.01505425
3.17745e-06,-0.01514743
3.1775e-06,-0.01522896
3.17755e-06,-0.0151882
3.1776e-06,-0.01510084
3.17765e-06,-0.01506978
3.1777e-06,-0.01509114
3.17775e-06,-0.01511055
3.1778e-06,-0.01512025
3.17785e-06,-0.01515908
3.1779e-06,-0.0152542
3.17795e-06,-0.01536873
3.178e-06,-0.01541144
3.17805e-06,-0.01534932
3.1781e-06,-0.01526196
3.17815e-06,-0.01526391
3.1782e-06,-0.01534932
3.17825e-06,-0.01538232
3.1783e-06,-0.01528138
3.17835e-06,-0.01513384
3.1784e-06,-0.01510667
3.17845e-06,-0.01524449
3.1785e-06,-0.01539009
3.17855e-06,-0.0153765
3.1786e-06,-0.01521926
3.17865e-06,-0.01511249
3.1787e-06,-0.01517849
3.17875e-06,-0.01533379
3.1788e-06,-0.01540173
3.17885e-06,-0.01535514
3.1789e-06,-0.01530467
3.17895e-06,-0.01530467
3.179e-06,-0.01528332
3.17905e-06,-0.01519402
3.1791e-06,-0.01510861
3.17915e-06,-0.01509696
3.1792e-06,-0.0151222
3.17925e-06,-0.01512414
3.1793e-06,-0.01512025
3.17935e-06,-0.01517849
3.1794e-06,-0.01529885
3.17945e-06,-0.01539397
3.1795e-06,-0.01539785
3.17955e-06,-0.01532602
3.1796e-06,-0.01524643
3.17965e-06,-0.01521732
3.1797e-06,-0.01522508
3.17975e-06,-0.01522896
3.1798e-06,-0.01521149
3.17985e-06,-0.01519208
3.1799e-06,-0.01517849
3.17995e-06,-0.0151552
3.18e-06,-0.01512802
3.18005e-06,-0.01513772
3.1801e-06,-0.01521537
3.18015e-06,-0.01530079
3.1802e-06,-0.01530661
3.18025e-06,-0.01524061
3.1803e-06,-0.01521537
3.18035e-06,-0.01529302
3.1804e-06,-0.01537261
3.18045e-06,-0.01531049
3.1805e-06,-0.01511831
3.18055e-06,-0.01497466
3.1806e-06,-0.01499213
3.18065e-06,-0.01509308
3.1807e-06,-0.01513384
3.18075e-06,-0.01510084
3.1808e-06,-0.01510472
3.18085e-06,-0.01519014
3.1809e-06,-0.01526779
3.18095e-06,-0.01524255
3.181e-06,-0.01516878
3.18105e-06,-0.01517267
3.1811e-06,-0.01525614
3.18115e-06,-0.01527555
3.1812e-06,-0.01516296
3.18125e-06,-0.01502513
3.1813e-06,-0.01499407
3.18135e-06,-0.0150426
3.1814e-06,-0.01506978
3.18145e-06,-0.01505619
3.1815e-06,-0.01505231
3.18155e-06,-0.01506008
3.1816e-06,-0.01505813
3.18165e-06,-0.01507172
3.1817e-06,-0.01512025
3.18175e-06,-0.01513578
3.1818e-06,-0.01505813
3.18185e-06,-0.0149669
3.1819e-06,-0.01499213
3.18195e-06,-0.01510667
3.182e-06,-0.01514161
3.18205e-06,-0.01502125
3.1821e-06,-0.01486595
3.18215e-06,-0.01482907
3.1822e-06,-0.01489701
3.18225e-06,-0.01492613
3.1823e-06,-0.01485819
3.18235e-06,-0.01479413
3.1824e-06,-0.01486789
3.18245e-06,-0.01506396
3.1825e-06,-0.01523285
3.18255e-06,-0.01525226
3.1826e-06,-0.01515131
3.18265e-06,-0.01502902
3.1827e-06,-0.01497078
3.18275e-06,-0.01497466
3.1828e-06,-0.01499019
3.18285e-06,-0.01497466
3.1829e-06,-0.01492225
3.18295e-06,-0.0148776
3.183e-06,-0.01486983
3.18305e-06,-0.01488731
3.1831e-06,-0.01491448
3.18315e-06,-0.01497854
3.1832e-06,-0.01509308
3.18325e-06,-0.01519014
3.1833e-06,-0.01517849
3.18335e-06,-0.01509114
3.1834e-06,-0.01506008
3.18345e-06,-0.01511831
3.1835e-06,-0.01514937
3.18355e-06,-0.0150659
3.1836e-06,-0.01495331
3.18365e-06,-0.01494554
3.1837e-06,-0.01501349
3.18375e-06,-0.0149999
3.1838e-06,-0.01486207
3.18385e-06,-0.0147456
3.1839e-06,-0.01479413
3.18395e-06,-0.0149766
3.184e-06,-0.01514743
3.18405e-06,-0.01523479
3.1841e-06,-0.01524061
3.18415e-06,-0.0151649
3.1842e-06,-0.01502902
3.18425e-06,-0.01492225
3.1843e-06,-0.01492031
3.18435e-06,-0.01495719
3.1844e-06,-0.0149436
3.18445e-06,-0.01490284
3.1845e-06,-0.01493778
3.18455e-06,-0.0150426
3.1846e-06,-0.01510472
3.18465e-06,-0.01507755
3.1847e-06,-0.0150426
3.18475e-06,-0.01508143
3.1848e-06,-0.01516684
3.18485e-06,-0.01522896
3.1849e-06,-0.01525614
3.18495e-06,-0.01527361
3.185e-06,-0.01527167
3.18505e-06,-0.01521926
3.1851e-06,-0.01514937
3.18515e-06,-0.0151222
3.1852e-06,-0.01515908
3.18525e-06,-0.01521343
3.1853e-06,-0.01522314
3.18535e-06,-0.0151649
3.1854e-06,-0.01507755
3.18545e-06,-0.01503872
3.1855e-06,-0.01512414
3.18555e-06,-0.01529108
3.1856e-06,-0.01538232
3.18565e-06,-0.01528526
3.1857e-06,-0.01508531
3.18575e-06,-0.01496496
3.1858e-06,-0.0150096
3.18585e-06,-0.01512025
3.1859e-06,-0.01513578
3.18595e-06,-0.0150096
3.186e-06,-0.01483683
3.18605e-06,-0.01477277
3.1861e-06,-0.01488925
3.18615e-06,-0.01508143
3.1862e-06,-0.01517461
3.18625e-06,-0.01510667
3.1863e-06,-0.01500378
3.18635e-06,-0.01501543
3.1864e-06,-0.01513578
3.18645e-06,-0.01521537
3.1865e-06,-0.01514355
3.18655e-06,-0.01497078
3.1866e-06,-0.01481936
3.18665e-06,-0.01476307
3.1867e-06,-0.01479801
3.18675e-06,-0.01488925
3.1868e-06,-0.0149766
3.18685e-06,-0.01497466
3.1869e-06,-0.01485431
3.18695e-06,-0.01470871
3.187e-06,-0.01469124
3.18705e-06,-0.01484654
3.1871e-06,-0.01503872
3.18715e-06,-0.0150989
3.1872e-06,-0.01500378
3.18725e-06,-0.01490284
3.1873e-06,-0.01492031
3.18735e-06,-0.01501349
3.1874e-06,-0.0150659
3.18745e-06,-0.01504649
3.1875e-06,-0.01499796
3.18755e-06,-0.01493778
3.1876e-06,-0.01486595
3.18765e-06,-0.01481742
3.1877e-06,-0.01484654
3.18775e-06,-0.0149436
3.1878e-06,-0.01500378
3.18785e-06,-0.01495719
3.1879e-06,-0.01485236
3.18795e-06,-0.01480772
3.188e-06,-0.01488731
3.18805e-06,-0.01503484
3.1881e-06,-0.01514161
3.18815e-06,-0.01514355
3.1882e-06,-0.01505425
3.18825e-06,-0.01494943
3.1883e-06,-0.01489507
3.18835e-06,-0.01490478
3.1884e-06,-0.01492613
3.18845e-06,-0.01490866
3.1885e-06,-0.0148776
3.18855e-06,-0.01489701
3.1886e-06,-0.01498243
3.18865e-06,-0.01507561
3.1887e-06,-0.01512025
3.18875e-06,-0.0151222
3.1888e-06,-0.01510084
3.18885e-06,-0.01502902
3.1889e-06,-0.01490284
3.18895e-06,-0.01480383
3.189e-06,-0.0148213
3.18905e-06,-0.01490478
3.1891e-06,-0.01492225
3.18915e-06,-0.01484266
3.1892e-06,-0.01479607
3.18925e-06,-0.01487954
3.1893e-06,-0.0149999
3.18935e-06,-0.01501543
3.1894e-06,-0.01493195
3.18945e-06,-0.01490089
3.1895e-06,-0.01499407
3.18955e-06,-0.01511055
3.1896e-06,-0.01510861
3.18965e-06,-0.01499019
3.1897e-06,-0.01490284
3.18975e-06,-0.01493972
3.1898e-06,-0.01501737
3.18985e-06,-0.01498243
3.1899e-06,-0.01483295
3.18995e-06,-0.01473589
3.19e-06,-0.01483295
3.19005e-06,-0.01505425
3.1901e-06,-0.01519402
3.19015e-06,-0.01514355
3.1902e-06,-0.0149999
3.19025e-06,-0.01492807
3.1903e-06,-0.0149669
3.19035e-06,-0.01500572
3.1904e-06,-0.01497854
3.19045e-06,-0.01495137
3.1905e-06,-0.01500766
3.19055e-06,-0.0150989
3.1906e-06,-0.01510278
3.19065e-06,-0.01501349
3.1907e-06,-0.0149436
3.19075e-06,-0.01496496
3.1908e-06,-0.01500378
3.19085e-06,-0.0149766
3.1909e-06,-0.0149106
3.19095e-06,-0.01491448
3.191e-06,-0.01501349
3.19105e-06,-0.01512996
3.1911e-06,-0.01517655
3.19115e-06,-0.01512025
3.1912e-06,-0.01498631
3.19125e-06,-0.01485819
3.1913e-06,-0.01484072
3.19135e-06,-0.01494943
3.1914e-06,-0.01505425
3.19145e-06,-0.0150329
3.1915e-06,-0.01493972
3.19155e-06,-0.01491642
3.1916e-06,-0.01500378
3.19165e-06,-0.01510084
3.1917e-06,-0.01512802
3.19175e-06,-0.01512802
3.1918e-06,-0.01515325
3.19185e-06,-0.01516878
3.1919e-06,-0.01511055
3.19195e-06,-0.01499602
3.192e-06,-0.01490089
3.19205e-06,-0.01486207
3.1921e-06,-0.01486013
3.19215e-06,-0.01486789
3.1922e-06,-0.01487178
3.19225e-06,-0.01486595
3.1923e-06,-0.01485819
3.19235e-06,-0.01488536
3.1924e-06,-0.01498825
3.19245e-06,-0.01515131
3.1925e-06,-0.0152872
3.19255e-06,-0.01530467
3.1926e-06,-0.01521732
3.19265e-06,-0.0151319
3.1927e-06,-0.01512025
3.19275e-06,-0.0151222
3.1928e-06,-0.0150329
3.19285e-06,-0.01487178
3.1929e-06,-0.01478636
3.19295e-06,-0.01484654
3.193e-06,-0.01493972
3.19305e-06,-0.01493972
3.1931e-06,-0.01489895
3.19315e-06,-0.01495525
3.1932e-06,-0.01510278
3.19325e-06,-0.01519208
3.1933e-06,-0.01513578
3.19335e-06,-0.01503484
3.1934e-06,-0.01501543
3.19345e-06,-0.01508337
3.1935e-06,-0.01513578
3.19355e-06,-0.01511637
3.1936e-06,-0.01505231
3.19365e-06,-0.01499602
3.1937e-06,-0.01496107
3.19375e-06,-0.01494554
3.1938e-06,-0.0149669
3.19385e-06,-0.01502513
3.1939e-06,-0.01507561
3.19395e-06,-0.01507949
3.194e-06,-0.01506202
3.19405e-06,-0.01507172
3.1941e-06,-0.01508919
3.19415e-06,-0.01506202
3.1942e-06,-0.0150096
3.19425e-06,-0.01501349
3.1943e-06,-0.01506978
3.19435e-06,-0.01507561
3.1944e-06,-0.01498243
3.19445e-06,-0.01490089
3.1945e-06,-0.01493195
3.19455e-06,-0.01502125
3.1946e-06,-0.01504066
3.19465e-06,-0.01497466
3.1947e-06,-0.01493584
3.19475e-06,-0.01498631
3.1948e-06,-0.01507755
3.19485e-06,-0.01514355
3.1949e-06,-0.0151649
3.19495e-06,-0.01513967
3.195e-06,-0.01506978
3.19505e-06,-0.0149766
3.1951e-06,-0.01490089
3.19515e-06,-0.01486207
3.1952e-06,-0.01485042
3.19525e-06,-0.01485431
3.1953e-06,-0.01488536
3.19535e-06,-0.01493001
3.1954e-06,-0.01495137
3.19545e-06,-0.01491448
3.1955e-06,-0.01485042
3.19555e-06,-0.01484072
3.1956e-06,-0.01491254
3.19565e-06,-0.0149999
3.1957e-06,-0.01501931
3.19575e-06,-0.01495137
3.1958e-06,-0.01484072
3.19585e-06,-0.0147456
3.1959e-06,-0.01471842
3.19595e-06,-0.0147883
3.196e-06,-0.01489313
3.19605e-06,-0.01492807
3.1961e-06,-0.01485625
3.19615e-06,-0.01476695
3.1962e-06,-0.01475336
3.19625e-06,-0.01480966
3.1963e-06,-0.01487566
3.19635e-06,-0.01491448
3.1964e-06,-0.01493195
3.19645e-06,-0.01493195
3.1965e-06,-0.01491837
3.19655e-06,-0.01491254
3.1966e-06,-0.01491642
3.19665e-06,-0.01489701
3.1967e-06,-0.01482519
3.19675e-06,-0.01471648
3.1968e-06,-0.01462524
3.19685e-06,-0.01460777
3.1969e-06,-0.01469318
3.19695e-06,-0.0148446
3.197e-06,-0.01496107
3.19705e-06,-0.01497078
3.1971e-06,-0.01492031
3.19715e-06,-0.01493195
3.1972e-06,-0.01503678
3.19725e-06,-0.01513967
3.1973e-06,-0.01513772
3.19735e-06,-0.01502707
3.1974e-06,-0.01488731
3.19745e-06,-0.01480577
3.1975e-06,-0.01481548
3.19755e-06,-0.0148776
3.1976e-06,-0.01491254
3.19765e-06,-0.01487372
3.1977e-06,-0.01480189
3.19775e-06,-0.01477471
3.1978e-06,-0.01480383
3.19785e-06,-0.01484848
3.1979e-06,-0.01487372
3.19795e-06,-0.01488342
3.198e-06,-0.01485236
3.19805e-06,-0.01477083
3.1981e-06,-0.01470483
3.19815e-06,-0.01475336
3.1982e-06,-0.01489507
3.19825e-06,-0.01496107
3.1983e-06,-0.01483683
3.19835e-06,-0.01463495
3.1984e-06,-0.01458253
3.19845e-06,-0.01472618
3.1985e-06,-0.01488342
3.19855e-06,-0.01490284
3.1986e-06,-0.01485236
3.19865e-06,-0.01487954
3.1987e-06,-0.01498049
3.19875e-06,-0.01501349
3.1988e-06,-0.01493584
3.19885e-06,-0.01485431
3.1989e-06,-0.01484654
3.19895e-06,-0.01484848
3.199e-06,-0.01478442
3.19905e-06,-0.01471065
3.1991e-06,-0.01472036
3.19915e-06,-0.01477666
3.1992e-06,-0.01475724
3.19925e-06,-0.01464077
3.1993e-06,-0.0145573
3.19935e-06,-0.01464465
3.1994e-06,-0.01485625
3.19945e-06,-0.01500572
3.1995e-06,-0.01498825
3.19955e-06,-0.01488925
3.1996e-06,-0.01485042
3.19965e-06,-0.01487566
3.1997e-06,-0.01486207
3.19975e-06,-0.0147786
3.1998e-06,-0.01470095
3.19985e-06,-0.01466989
3.1999e-06,-0.01461165
3.19995e-06,-0.01448353
3.2e-06,-0.01438647
3.20005e-06,-0.01445441
3.2001e-06,-0.01467571
3.20015e-06,-0.01486983
3.2002e-06,-0.01489313
3.20025e-06,-0.01479219
3.2003e-06,-0.01473395
3.20035e-06,-0.01478248
3.2004e-06,-0.0148446
3.20045e-06,-0.0148116
3.2005e-06,-0.01469901
3.20055e-06,-0.01459612
3.2006e-06,-0.01454953
3.20065e-06,-0.01455341
3.2007e-06,-0.01460583
3.20075e-06,-0.01467765
3.2008e-06,-0.01471454
3.20085e-06,-0.01470095
3.2009e-06,-0.01471065
3.20095e-06,-0.01477471
3.201e-06,-0.01479995
3.20105e-06,-0.01471648
3.2011e-06,-0.01463883
3.20115e-06,-0.01473201
3.2012e-06,-0.01493001
3.20125e-06,-0.01501154
3.2013e-06,-0.01488731
3.20135e-06,-0.0146893
3.2014e-06,-0.014567
3.20145e-06,-0.01453012
3.2015e-06,-0.01453788
3.20155e-06,-0.01458642
3.2016e-06,-0.01468154
3.20165e-06,-0.01478442
3.2017e-06,-0.01481742
3.20175e-06,-0.01475724
3.2018e-06,-0.01466406
3.20185e-06,-0.014633
3.2019e-06,-0.01468736
3.20195e-06,-0.01473783
3.202e-06,-0.01470483
3.20205e-06,-0.014633
3.2021e-06,-0.014633
3.20215e-06,-0.01471454
3.2022e-06,-0.01477666
3.20225e-06,-0.01477277
3.2023e-06,-0.01478636
3.20235e-06,-0.01487178
3.2024e-06,-0.01494554
3.20245e-06,-0.0149106
3.2025e-06,-0.01480577
3.20255e-06,-0.01476113
3.2026e-06,-0.01482519
3.20265e-06,-0.01490089
3.2027e-06,-0.01487178
3.20275e-06,-0.01473977
3.2028e-06,-0.0146233
3.20285e-06,-0.01460971
3.2029e-06,-0.01468736
3.20295e-06,-0.01477666
3.203e-06,-0.01481742
3.20305e-06,-0.01478636
3.2031e-06,-0.01472036
3.20315e-06,-0.01469707
3.2032e-06,-0.0147786
3.20325e-06,-0.01491448
3.2033e-06,-0.01498049
3.20335e-06,-0.01493195
3.2034e-06,-0.01484072
3.20345e-06,-0.01479607
3.2035e-06,-0.01478636
3.20355e-06,-0.01475336
3.2036e-06,-0.01468542
3.20365e-06,-0.01463883
3.2037e-06,-0.0146563
3.20375e-06,-0.01470483
3.2038e-06,-0.0147126
3.20385e-06,-0.01466018
3.2039e-06,-0.01460195
3.20395e-06,-0.0146
3.204e-06,-0.01466989
3.20405e-06,-0.0147786
3.2041e-06,-0.01487954
3.20415e-06,-0.01492613
3.2042e-06,-0.01489313
3.20425e-06,-0.01478636
3.2043e-06,-0.01466212
3.20435e-06,-0.01459418
3.2044e-06,-0.0146
3.20445e-06,-0.01462912
3.2045e-06,-0.01465436
3.20455e-06,-0.01469318
3.2046e-06,-0.01473977
3.20465e-06,-0.01473977
3.2047e-06,-0.01467765
3.20475e-06,-0.01462136
3.2048e-06,-0.01464077
3.20485e-06,-0.01470871
3.2049e-06,-0.01474171
3.20495e-06,-0.01473395
3.205e-06,-0.01476113
3.20505e-06,-0.01485431
3.2051e-06,-0.01491254
3.20515e-06,-0.01482325
3.2052e-06,-0.01462912
3.20525e-06,-0.01452235
3.2053e-06,-0.01461553
3.20535e-06,-0.01479024
3.2054e-06,-0.01485625
3.20545e-06,-0.01478248
3.2055e-06,-0.01471065
3.20555e-06,-0.0147456
3.2056e-06,-0.01483101
3.20565e-06,-0.01486595
3.2057e-06,-0.01484266
3.20575e-06,-0.01481742
3.2058e-06,-0.01481548
3.20585e-06,-0.01479413
3.2059e-06,-0.01473007
3.20595e-06,-0.01465242
3.206e-06,-0.01460971
3.20605e-06,-0.01461165
3.2061e-06,-0.014633
3.20615e-06,-0.01467183
3.2062e-06,-0.01474171
3.20625e-06,-0.01482519
3.2063e-06,-0.01486983
3.20635e-06,-0.0148446
3.2064e-06,-0.0147786
3.20645e-06,-0.01472424
3.2065e-06,-0.01470677
3.20655e-06,-0.01470289
3.2066e-06,-0.0146893
3.20665e-06,-0.01465242
3.2067e-06,-0.01459806
3.20675e-06,-0.01455924
3.2068e-06,-0.01458447
3.20685e-06,-0.01466601
3.2069e-06,-0.01472036
3.20695e-06,-0.01468154
3.207e-06,-0.01462524
3.20705e-06,-0.01469318
3.2071e-06,-0.01488731
3.20715e-06,-0.01503484
3.2072e-06,-0.01497854
3.20725e-06,-0.01478248
3.2073e-06,-0.0146563
3.20735e-06,-0.0147126
3.2074e-06,-0.01482713
3.20745e-06,-0.01479024
3.2075e-06,-0.01459612
3.20755e-06,-0.01446218
3.2076e-06,-0.01457865
3.20765e-06,-0.01484848
3.2077e-06,-0.0149999
3.20775e-06,-0.0149106
3.2078e-06,-0.01473589
3.20785e-06,-0.01468736
3.2079e-06,-0.01479024
3.20795e-06,-0.01489895
3.208e-06,-0.01489507
3.20805e-06,-0.01481742
3.2081e-06,-0.01476501
3.20815e-06,-0.01475142
3.2082e-06,-0.01471842
3.20825e-06,-0.01466212
3.2083e-06,-0.01465242
3.20835e-06,-0.01471065
3.2084e-06,-0.01476307
3.20845e-06,-0.01475336
3.2085e-06,-0.01473589
3.20855e-06,-0.01476113
3.2086e-06,-0.01475918
3.20865e-06,-0.01464465
3.2087e-06,-0.01447382
3.20875e-06,-0.01439035
3.2088e-06,-0.01445247
3.20885e-06,-0.01456894
3.2089e-06,-0.01462136
3.20895e-06,-0.0145903
3.209e-06,-0.01453788
3.20905e-06,-0.01452235
3.2091e-06,-0.01455341
3.20915e-06,-0.01460195
3.2092e-06,-0.01464465
3.20925e-06,-0.01467183
3.2093e-06,-0.01466989
3.20935e-06,-0.01463689
3.2094e-06,-0.01459612
3.20945e-06,-0.01459612
3.2095e-06,-0.01464465
3.20955e-06,-0.01469512
3.2096e-06,-0.01468348
3.20965e-06,-0.01461747
3.2097e-06,-0.01455147
3.20975e-06,-0.01450294
3.2098e-06,-0.01445635
3.20985e-06,-0.01443112
3.2099e-06,-0.01447382
3.20995e-06,-0.01457477
3.21e-06,-0.01465048
3.21005e-06,-0.01466406
3.2101e-06,-0.01466212
3.21015e-06,-0.01468154
3.2102e-06,-0.01470483
3.21025e-06,-0.01471454
3.2103e-06,-0.01471454
3.21035e-06,-0.01471454
3.2104e-06,-0.01470871
3.21045e-06,-0.01470095
3.2105e-06,-0.01468542
3.21055e-06,-0.01463689
3.2106e-06,-0.01454953
3.21065e-06,-0.01447382
3.2107e-06,-0.01447771
3.21075e-06,-0.01457089
3.2108e-06,-0.01470095
3.21085e-06,-0.01478636
3.2109e-06,-0.01478636
3.21095e-06,-0.01473201
3.211e-06,-0.01469318
3.21105e-06,-0.01471648
3.2111e-06,-0.01478636
3.21115e-06,-0.01484654
3.2112e-06,-0.01485431
3.21125e-06,-0.01481548
3.2113e-06,-0.01475918
3.21135e-06,-0.01472036
3.2114e-06,-0.01469318
3.21145e-06,-0.01464271
3.2115e-06,-0.01456506
3.21155e-06,-0.01452818
3.2116e-06,-0.01458642
3.21165e-06,-0.01469901
3.2117e-06,-0.01476889
3.21175e-06,-0.01477083
3.2118e-06,-0.01475724
3.21185e-06,-0.0147786
3.2119e-06,-0.01480577
3.21195e-06,-0.01477471
3.212e-06,-0.01466212
3.21205e-06,-0.01452235
3.2121e-06,-0.01446024
3.21215e-06,-0.01453012
3.2122e-06,-0.01465436
3.21225e-06,-0.01467183
3.2123e-06,-0.01454371
3.21235e-06,-0.01440588
3.2124e-06,-0.0144117
3.21245e-06,-0.01452235
3.2125e-06,-0.01457671
3.21255e-06,-0.01452818
3.2126e-06,-0.01449129
3.21265e-06,-0.01456894
3.2127e-06,-0.01470483
3.21275e-06,-0.01476501
3.2128e-06,-0.01469318
3.21285e-06,-0.0145573
3.2129e-06,-0.01447965
3.21295e-06,-0.01449712
3.213e-06,-0.014534
3.21305e-06,-0.01451459
3.2131e-06,-0.01446994
3.21315e-06,-0.01449518
3.2132e-06,-0.01459418
3.21325e-06,-0.01466018
3.2133e-06,-0.01462912
3.21335e-06,-0.01457477
3.2134e-06,-0.01457865
3.21345e-06,-0.01460195
3.2135e-06,-0.014534
3.21355e-06,-0.01438453
3.2136e-06,-0.01427194
3.21365e-06,-0.01426223
3.2137e-06,-0.0143127
3.21375e-06,-0.01439423
3.2138e-06,-0.01451653
3.21385e-06,-0.0146233
3.2139e-06,-0.01461165
3.21395e-06,-0.014501
3.214e-06,-0.01444665
3.21405e-06,-0.01453788
3.2141e-06,-0.01466406
3.21415e-06,-0.01466018
3.2142e-06,-0.01452818
3.21425e-06,-0.01441365
3.2143e-06,-0.014402
3.21435e-06,-0.01442529
3.2144e-06,-0.01438647
3.21445e-06,-0.01429911
3.2145e-06,-0.01425835
3.21455e-06,-0.01429523
3.2146e-06,-0.01434376
3.21465e-06,-0.01432435
3.2147e-06,-0.01424476
3.21475e-06,-0.01418652
3.2148e-06,-0.01422535
3.21485e-06,-0.01435929
3.2149e-06,-0.01449129
3.21495e-06,-0.01452041
3.215e-06,-0.014435
3.21505e-06,-0.01431076
3.2151e-06,-0.01423505
3.21515e-06,-0.01421564
3.2152e-06,-0.01419623
3.21525e-06,-0.01416517
3.2153e-06,-0.01417682
3.21535e-06,-0.01426805
3.2154e-06,-0.01437482
3.21545e-06,-0.01441365
3.2155e-06,-0.01441753
3.21555e-06,-0.014468
3.2156e-06,-0.01454371
3.21565e-06,-0.01451459
3.2157e-06,-0.01435347
3.21575e-06,-0.01420593
3.2158e-06,-0.0142137
3.21585e-06,-0.01432823
3.2159e-06,-0.01439423
3.21595e-06,-0.01436123
3.216e-06,-0.01430494
3.21605e-06,-0.01427388
3.2161e-06,-0.01424476
3.21615e-06,-0.01420788
3.2162e-06,-0.01420788
3.21625e-06,-0.01426029
3.2163e-06,-0.01432435
3.21635e-06,-0.01437094
3.2164e-06,-0.01443112
3.21645e-06,-0.01451071
3.2165e-06,-0.01453983
3.21655e-06,-0.01445247
3.2166e-06,-0.01428552
3.21665e-06,-0.01415352
3.2167e-06,-0.0141147
3.21675e-06,-0.01412828
3.2168e-06,-0.01413799
3.21685e-06,-0.01415352
3.2169e-06,-0.01419817
3.21695e-06,-0.01425641
3.217e-06,-0.01430105
3.21705e-06,-0.01433406
3.2171e-06,-0.0143457
3.21715e-06,-0.01430688
3.2172e-06,-0.01424864
3.21725e-06,-0.01425058
3.2173e-06,-0.01431853
3.21735e-06,-0.014336
3.2174e-06,-0.01422923
3.21745e-06,-0.01410693
3.2175e-06,-0.01413217
3.21755e-06,-0.01427776
3.2176e-06,-0.0143787
3.21765e-06,-0.01439229
3.2177e-06,-0.014435
3.21775e-06,-0.01455536
3.2178e-06,-0.01462912
3.21785e-06,-0.01457477
3.2179e-06,-0.01450294
3.21795e-06,-0.01454371
3.218e-06,-0.0146233
3.21805e-06,-0.01458447
3.2181e-06,-0.01444276
3.21815e-06,-0.01436706
3.2182e-06,-0.01442335
3.21825e-06,-0.01448741
3.2183e-06,-0.01444471
3.21835e-06,-0.01433211
3.2184e-06,-0.01426805
3.21845e-06,-0.01430105
3.2185e-06,-0.01437288
3.21855e-06,-0.01441753
3.2186e-06,-0.01444276
3.21865e-06,-0.01451071
3.2187e-06,-0.01462136
3.21875e-06,-0.01468348
3.2188e-06,-0.01461747
3.21885e-06,-0.01449518
3.2189e-06,-0.01447188
3.21895e-06,-0.01454953
3.219e-06,-0.01455536
3.21905e-06,-0.01438064
3.2191e-06,-0.01415934
3.21915e-06,-0.01411275
3.2192e-06,-0.01427194
3.21925e-06,-0.01445053
3.2193e-06,-0.01447576
3.21935e-06,-0.01438453
3.2194e-06,-0.01432241
3.21945e-06,-0.01435153
3.2195e-06,-0.01438841
3.21955e-06,-0.01433988
3.2196e-06,-0.01423311
3.21965e-06,-0.01418264
3.2197e-06,-0.01425835
3.21975e-06,-0.01439617
3.2198e-06,-0.01446218
3.21985e-06,-0.01438647
3.2199e-06,-0.01424282
3.21995e-06,-0.01418264
3.22e-06,-0.01427194
3.22005e-06,-0.01441947
3.2201e-06,-0.01446024
3.22015e-06,-0.01434958
3.2202e-06,-0.01421564
3.22025e-06,-0.01420788
3.2203e-06,-0.01432241
3.22035e-06,-0.01442529
3.2204e-06,-0.01440588
3.22045e-06,-0.01430494
3.2205e-06,-0.01424282
3.22055e-06,-0.01426611
3.2206e-06,-0.01431464
3.22065e-06,-0.0143127
3.2207e-06,-0.01428358
3.22075e-06,-0.01428941
3.2208e-06,-0.01432629
3.22085e-06,-0.01433794
3.2209e-06,-0.01430688
3.22095e-06,-0.01427582
3.221e-06,-0.01427388
3.22105e-06,-0.0142797
3.2211e-06,-0.01426611
3.22115e-06,-0.01423893
3.2212e-06,-0.01420788
3.22125e-06,-0.0141904
3.2213e-06,-0.01420205
3.22135e-06,-0.01423505
3.2214e-06,-0.01423699
3.22145e-06,-0.01418652
3.2215e-06,-0.01413023
3.22155e-06,-0.01412828
3.2216e-06,-0.01416711
3.22165e-06,-0.01418846
3.2217e-06,-0.01419817
3.22175e-06,-0.01423893
3.2218e-06,-0.01430494
3.22185e-06,-0.01431464
3.2219e-06,-0.01423893
3.22195e-06,-0.01415158
3.222e-06,-0.01413799
3.22205e-06,-0.01417099
3.2221e-06,-0.01417487
3.22215e-06,-0.01413799
3.2222e-06,-0.01410887
3.22225e-06,-0.01410693
3.2223e-06,-0.01410693
3.22235e-06,-0.01410305
3.2224e-06,-0.01412052
3.22245e-06,-0.01415546
3.2225e-06,-0.01416711
3.22255e-06,-0.01414381
3.2226e-06,-0.01413799
3.22265e-06,-0.01419235
3.2227e-06,-0.01426805
3.22275e-06,-0.01426611
3.2228e-06,-0.01416323
3.22285e-06,-0.01406034
3.2229e-06,-0.01406034
3.22295e-06,-0.01413411
3.223e-06,-0.01415546
3.22305e-06,-0.01410693
3.2231e-06,-0.01409917
3.22315e-06,-0.01419623
3.2232e-06,-0.01429911
3.22325e-06,-0.01427388
3.2233e-06,-0.01415352
3.22335e-06,-0.01407781
3.2234e-06,-0.01410499
3.22345e-06,-0.0141477
3.2235e-06,-0.01412828
3.22355e-06,-0.01408364
3.2236e-06,-0.01407781
3.22365e-06,-0.01409722
3.2237e-06,-0.01407587
3.22375e-06,-0.01399822
3.2238e-06,-0.01392446
3.22385e-06,-0.01392446
3.2239e-06,-0.01400987
3.22395e-06,-0.01412052
3.224e-06,-0.01418652
3.22405e-06,-0.01420593
3.2241e-06,-0.01423117
3.22415e-06,-0.01428358
3.2242e-06,-0.01430882
3.22425e-06,-0.01422923
3.2243e-06,-0.01406422
3.22435e-06,-0.01392834
3.2244e-06,-0.01391087
3.22445e-06,-0.01397881
3.2245e-06,-0.01400405
3.22455e-06,-0.01393028
3.2246e-06,-0.01386234
3.22465e-06,-0.01391475
3.2247e-06,-0.01404481
3.22475e-06,-0.0140914
3.2248e-06,-0.0140021
3.22485e-06,-0.0139031
3.2249e-06,-0.01391669
3.22495e-06,-0.01399046
3.225e-06,-0.01399628
3.22505e-06,-0.01393804
3.2251e-06,-0.01392446
3.22515e-06,-0.01398852
3.2252e-06,-0.01402152
3.22525e-06,-0.01393804
3.2253e-06,-0.01381963
3.22535e-06,-0.01379828
3.2254e-06,-0.01389145
3.22545e-06,-0.01399434
3.2255e-06,-0.01403511
3.22555e-06,-0.01404481
3.2256e-06,-0.01406617
3.22565e-06,-0.01408169
3.2257e-06,-0.01404093
3.22575e-06,-0.01396134
3.2258e-06,-0.01391863
3.22585e-06,-0.01396328
3.2259e-06,-0.01403122
3.22595e-06,-0.01402346
3.226e-06,-0.01393028
3.22605e-06,-0.01387787
3.2261e-06,-0.01397687
3.22615e-06,-0.01416711
3.2262e-06,-0.01427582
3.22625e-06,-0.01420205
3.2263e-06,-0.01405646
3.22635e-06,-0.01402734
3.2264e-06,-0.01415352
3.22645e-06,-0.01427194
3.2265e-06,-0.01421952
3.22655e-06,-0.01405452
3.2266e-06,-0.01395357
3.22665e-06,-0.01397881
3.2267e-06,-0.01401763
3.22675e-06,-0.01398852
3.2268e-06,-0.01393999
3.22685e-06,-0.0139264
3.2269e-06,-0.01392251
3.22695e-06,-0.01391087
3.227e-06,-0.01395163
3.22705e-06,-0.01407781
3.2271e-06,-0.01420593
3.22715e-06,-0.01422146
3.2272e-06,-0.01413411
3.22725e-06,-0.01406228
3.2273e-06,-0.01408558
3.22735e-06,-0.01416323
3.2274e-06,-0.01418264
3.22745e-06,-0.01409334
3.2275e-06,-0.0139691
3.22755e-06,-0.01392446
3.2276e-06,-0.01399434
3.22765e-06,-0.01410887
3.2277e-06,-0.01418652
3.22775e-06,-0.01422146
3.2278e-06,-0.01426999
3.22785e-06,-0.01435541
3.2279e-06,-0.01443694
3.22795e-06,-0.01444471
3.228e-06,-0.014369
3.22805e-06,-0.01427582
3.2281e-06,-0.01425446
3.22815e-06,-0.01431464
3.2282e-06,-0.01435347
3.22825e-06,-0.01426417
3.2283e-06,-0.01406034
3.22835e-06,-0.01388369
3.2284e-06,-0.01385457
3.22845e-06,-0.01397299
3.2285e-06,-0.01412052
3.22855e-06,-0.0141904
3.2286e-06,-0.01417293
3.22865e-06,-0.01416129
3.2287e-06,-0.01423699
3.22875e-06,-0.01436511
3.2288e-06,-0.01441947
3.22885e-06,-0.01435153
3.2289e-06,-0.01427194
3.22895e-06,-0.01430688
3.229e-06,-0.01440394
3.22905e-06,-0.01438259
3.2291e-06,-0.01418458
3.22915e-06,-0.01398657
3.2292e-06,-0.01397687
3.22925e-06,-0.0141244
3.2293e-06,-0.0142467
3.22935e-06,-0.01425252
3.2294e-06,-0.01420788
3.22945e-06,-0.01418846
3.2295e-06,-0.01420011
3.22955e-06,-0.0142234
3.2296e-06,-0.01425446
3.22965e-06,-0.01426417
3.2297e-06,-0.01421758
3.22975e-06,-0.01413993
3.2298e-06,-0.01409917
3.22985e-06,-0.01411664
3.2299e-06,-0.01414187
3.22995e-06,-0.01412634
3.23e-06,-0.01408946
3.23005e-06,-0.01409528
3.2301e-06,-0.01417876
3.23015e-06,-0.01429329
3.2302e-06,-0.01434376
3.23025e-06,-0.01429717
3.2303e-06,-0.01423311
3.23035e-06,-0.01424282
3.2304e-06,-0.01428164
3.23045e-06,-0.01423893
3.2305e-06,-0.01412246
3.23055e-06,-0.01407005
3.2306e-06,-0.01412634
3.23065e-06,-0.01415934
3.2307e-06,-0.01403899
3.23075e-06,-0.01386428
3.2308e-06,-0.01385263
3.23085e-06,-0.01405452
3.2309e-06,-0.01427388
3.23095e-06,-0.01431853
3.231e-06,-0.01423505
3.23105e-06,-0.01423117
3.2311e-06,-0.01438841
3.23115e-06,-0.01454565
3.2312e-06,-0.01449518
3.23125e-06,-0.01423893
3.2313e-06,-0.01398075
3.23135e-06,-0.01388951
3.2314e-06,-0.01393804
3.23145e-06,-0.01399434
3.2315e-06,-0.01399046
3.23155e-06,-0.01397104
3.2316e-06,-0.01400599
3.23165e-06,-0.01410111
3.2317e-06,-0.01419817
3.23175e-06,-0.01421564
3.2318e-06,-0.01414187
3.23185e-06,-0.01405646
3.2319e-06,-0.01403316
3.23195e-06,-0.01405064
3.232e-06,-0.01404093
3.23205e-06,-0.01400016
3.2321e-06,-0.01399046
3.23215e-06,-0.01401958
3.2322e-06,-0.01401569
3.23225e-06,-0.01397104
3.2323e-06,-0.01397687
3.23235e-06,-0.01410111
3.2324e-06,-0.01427388
3.23245e-06,-0.01435347
3.2325e-06,-0.01428747
3.23255e-06,-0.01416323
3.2326e-06,-0.01408169
3.23265e-06,-0.01404675
3.2327e-06,-0.01400793
3.23275e-06,-0.01397104
3.2328e-06,-0.01397687
3.23285e-06,-0.01400016
3.2329e-06,-0.01396522
3.23295e-06,-0.01387981
3.233e-06,-0.01385457
3.23305e-06,-0.01392057
3.2331e-06,-0.01396328
3.23315e-06,-0.01388369
3.2332e-06,-0.01379245
3.23325e-06,-0.01387592
3.2333e-06,-0.01411275
3.23335e-06,-0.01425446
3.2334e-06,-0.01414576
3.23345e-06,-0.01394581
3.2335e-06,-0.01391087
3.23355e-06,-0.01404675
3.2336e-06,-0.0141244
3.23365e-06,-0.01401375
3.2337e-06,-0.01385263
3.23375e-06,-0.01383128
3.2338e-06,-0.01393222
3.23385e-06,-0.01400599
3.2339e-06,-0.0140021
3.23395e-06,-0.01402346
3.234e-06,-0.01413799
3.23405e-06,-0.01426611
3.2341e-06,-0.01430105
3.23415e-06,-0.01426029
3.2342e-06,-0.01423311
3.23425e-06,-0.01423311
3.2343e-06,-0.01420205
3.23435e-06,-0.01411664
3.2344e-06,-0.01404675
3.23445e-06,-0.01406034
3.2345e-06,-0.01414187
3.23455e-06,-0.01420788
3.2346e-06,-0.01419817
3.23465e-06,-0.0141477
3.2347e-06,-0.01413411
3.23475e-06,-0.01417682
3.2348e-06,-0.01422146
3.23485e-06,-0.01423893
3.2349e-06,-0.01425835
3.23495e-06,-0.01429717
3.235e-06,-0.01431853
3.23505e-06,-0.01429717
3.2351e-06,-0.01426223
3.23515e-06,-0.01421758
3.2352e-06,-0.01414576
3.23525e-06,-0.01406617
3.2353e-06,-0.01403705
3.23535e-06,-0.01406617
3.2354e-06,-0.01408169
3.23545e-06,-0.01406617
3.2355e-06,-0.01408946
3.23555e-06,-0.01419235
3.2356e-06,-0.01430688
3.23565e-06,-0.01433988
3.2357e-06,-0.01429717
3.23575e-06,-0.01425058
3.2358e-06,-0.01424088
3.23585e-06,-0.01424476
3.2359e-06,-0.01421564
3.23595e-06,-0.01416711
3.236e-06,-0.01415546
3.23605e-06,-0.01418652
3.2361e-06,-0.01420011
3.23615e-06,-0.01416517
3.2362e-06,-0.01415352
3.23625e-06,-0.0142234
3.2363e-06,-0.01430882
3.23635e-06,-0.01428941
3.2364e-06,-0.01417682
3.23645e-06,-0.01412246
3.2365e-06,-0.0142137
3.23655e-06,-0.01433017
3.2366e-06,-0.014303
3.23665e-06,-0.01417293
3.2367e-06,-0.01412828
3.23675e-06,-0.01420399
3.2368e-06,-0.01423311
3.23685e-06,-0.01413411
3.2369e-06,-0.01406617
3.23695e-06,-0.01417099
3.237e-06,-0.01433211
3.23705e-06,-0.014336
3.2371e-06,-0.01420788
3.23715e-06,-0.01417099
3.2372e-06,-0.01429135
3.23725e-06,-0.01437288
3.2373e-06,-0.0142797
3.23735e-06,-0.01412828
3.2374e-06,-0.01408946
3.23745e-06,-0.0141147
3.2375e-06,-0.01405452
3.23755e-06,-0.01393804
3.2376e-06,-0.0139361
3.23765e-06,-0.01409334
3.2377e-06,-0.01423893
3.23775e-06,-0.01421176
3.2378e-06,-0.01407781
3.23785e-06,-0.01401181
3.2379e-06,-0.01408169
3.23795e-06,-0.01419429
3.238e-06,-0.01422729
3.23805e-06,-0.01415158
3.2381e-06,-0.01403705
3.23815e-06,-0.01396328
3.2382e-06,-0.01394775
3.23825e-06,-0.01394387
3.2383e-06,-0.01390893
3.23835e-06,-0.01388369
3.2384e-06,-0.01393222
3.23845e-06,-0.01404675
3.2385e-06,-0.0141244
3.23855e-06,-0.01408558
3.2386e-06,-0.01398075
3.23865e-06,-0.01393028
3.2387e-06,-0.01400599
3.23875e-06,-0.01413605
3.2388e-06,-0.01420205
3.23885e-06,-0.01417876
3.2389e-06,-0.01414381
3.23895e-06,-0.01414576
3.239e-06,-0.01412634
3.23905e-06,-0.01404093
3.2391e-06,-0.01397104
3.23915e-06,-0.01401181
3.2392e-06,-0.01412052
3.23925e-06,-0.01417099
3.2393e-06,-0.01413799
3.23935e-06,-0.01410693
3.2394e-06,-0.0141244
3.23945e-06,-0.01414576
3.2395e-06,-0.01415158
3.23955e-06,-0.01419623
3.2396e-06,-0.01428747
3.23965e-06,-0.01433017
3.2397e-06,-0.01425641
3.23975e-06,-0.01411858
3.2398e-06,-0.01401763
3.23985e-06,-0.01398075
3.2399e-06,-0.01397687
3.23995e-06,-0.01401181
3.24e-06,-0.01410111
3.24005e-06,-0.01420593
3.2401e-06,-0.01426999
3.24015e-06,-0.01430105
3.2402e-06,-0.01433794
3.24025e-06,-0.01434958
3.2403e-06,-0.01427194
3.24035e-06,-0.0141477
3.2404e-06,-0.01409334
3.24045e-06,-0.01414381
3.2405e-06,-0.01421758
3.24055e-06,-0.01425446
3.2406e-06,-0.01426611
3.24065e-06,-0.01424864
3.2407e-06,-0.01414187
3.24075e-06,-0.01396716
3.2408e-06,-0.01387592
3.24085e-06,-0.01398269
3.2409e-06,-0.01419623
3.24095e-06,-0.01429329
3.241e-06,-0.01421952
3.24105e-06,-0.01413605
3.2411e-06,-0.01417876
3.24115e-06,-0.01426611
3.2412e-06,-0.01424476
3.24125e-06,-0.01412246
3.2413e-06,-0.01404869
3.24135e-06,-0.01409528
3.2414e-06,-0.01418652
3.24145e-06,-0.01420399
3.2415e-06,-0.01413799
3.24155e-06,-0.01406617
3.2416e-06,-0.01406617
3.24165e-06,-0.01413799
3.2417e-06,-0.01423117
3.24175e-06,-0.01429329
3.2418e-06,-0.014303
3.24185e-06,-0.0142467
3.2419e-06,-0.01413023
3.24195e-06,-0.01400793
3.242e-06,-0.01396134
3.24205e-06,-0.0140021
3.2421e-06,-0.01404675
3.24215e-06,-0.01400599
3.2422e-06,-0.01390116
3.24225e-06,-0.01384292
3.2423e-06,-0.01388951
3.24235e-06,-0.01399434
3.2424e-06,-0.01409528
3.24245e-06,-0.01418264
3.2425e-06,-0.01425058
3.24255e-06,-0.01426999
3.2426e-06,-0.01423893
3.24265e-06,-0.01421952
3.2427e-06,-0.01425252
3.24275e-06,-0.01426611
3.2428e-06,-0.0141574
3.24285e-06,-0.01396134
3.2429e-06,-0.01385457
3.24295e-06,-0.0139264
3.243e-06,-0.01405646
3.24305e-06,-0.0140584
3.2431e-06,-0.01394581
3.24315e-06,-0.01390698
3.2432e-06,-0.01404675
3.24325e-06,-0.01424864
3.2433e-06,-0.01432241
3.24335e-06,-0.01421564
3.2434e-06,-0.01406034
3.24345e-06,-0.01398657
3.2435e-06,-0.01400599
3.24355e-06,-0.01403122
3.2436e-06,-0.01399822
3.24365e-06,-0.01393028
3.2437e-06,-0.01386816
3.24375e-06,-0.01382933
3.2438e-06,-0.01381575
3.24385e-06,-0.01384681
3.2439e-06,-0.01393804
3.24395e-06,-0.01407393
3.244e-06,-0.01420593
3.24405e-06,-0.01428747
3.2441e-06,-0.01428552
3.24415e-06,-0.01420399
3.2442e-06,-0.0140914
3.24425e-06,-0.01402346
3.2443e-06,-0.01402734
3.24435e-06,-0.01403122
3.2444e-06,-0.01396522
3.24445e-06,-0.01387204
3.2445e-06,-0.01384681
3.24455e-06,-0.01388563
3.2446e-06,-0.01388951
3.24465e-06,-0.01384292
3.2447e-06,-0.01385263
3.24475e-06,-0.01398269
3.2448e-06,-0.01413023
3.24485e-06,-0.01416517
3.2449e-06,-0.01412052
3.24495e-06,-0.01413993
3.245e-06,-0.01426029
3.24505e-06,-0.01434958
3.2451e-06,-0.0142797
3.24515e-06,-0.01409334
3.2452e-06,-0.01393416
3.24525e-06,-0.01389728
3.2453e-06,-0.01396522
3.24535e-06,-0.01407005
3.2454e-06,-0.01413993
3.24545e-06,-0.01413993
3.2455e-06,-0.01409722
3.24555e-06,-0.01409528
3.2456e-06,-0.01418652
3.24565e-06,-0.014303
3.2457e-06,-0.01432241
3.24575e-06,-0.01422535
3.2458e-06,-0.0141244
3.24585e-06,-0.01413023
3.2459e-06,-0.01420011
3.24595e-06,-0.01420788
3.246e-06,-0.01412246
3.24605e-06,-0.01403122
3.2461e-06,-0.01399628
3.24615e-06,-0.0140021
3.2462e-06,-0.01402346
3.24625e-06,-0.0140914
3.2463e-06,-0.01421952
3.24635e-06,-0.01433988
3.2464e-06,-0.01435153
3.24645e-06,-0.01424864
3.2465e-06,-0.01412634
3.24655e-06,-0.01408946
3.2466e-06,-0.01415352
3.24665e-06,-0.01424088
3.2467e-06,-0.01425641
3.24675e-06,-0.01416129
3.2468e-06,-0.01401181
3.24685e-06,-0.01392251
3.2469e-06,-0.01396134
3.24695e-06,-0.01409334
3.247e-06,-0.01420982
3.24705e-06,-0.01423699
3.2471e-06,-0.01422146
3.24715e-06,-0.01426417
3.2472e-06,-0.01438064
3.24725e-06,-0.01446218
3.2473e-06,-0.01439812
3.24735e-06,-0.01423117
3.2474e-06,-0.01410305
3.24745e-06,-0.01407781
3.2475e-06,-0.0140914
3.24755e-06,-0.01406617
3.2476e-06,-0.01400987
3.24765e-06,-0.01399046
3.2477e-06,-0.01405452
3.24775e-06,-0.01418264
3.2478e-06,-0.01428941
3.24785e-06,-0.014303
3.2479e-06,-0.01424282
3.24795e-06,-0.01419817
3.248e-06,-0.01419429
3.24805e-06,-0.01415352
3.2481e-06,-0.0140254
3.24815e-06,-0.01391087
3.2482e-06,-0.01393804
3.24825e-06,-0.01407005
3.2483e-06,-0.0141477
3.24835e-06,-0.01408558
3.2484e-06,-0.01397493
3.24845e-06,-0.01395163
3.2485e-06,-0.01402152
3.24855e-06,-0.01406617
3.2486e-06,-0.01402928
3.24865e-06,-0.0139924
3.2487e-06,-0.01404287
3.24875e-06,-0.01414576
3.2488e-06,-0.01419623
3.24885e-06,-0.01416905
3.2489e-06,-0.01412052
3.24895e-06,-0.01406422
3.249e-06,-0.01397493
3.24905e-06,-0.01387981
3.2491e-06,-0.01388563
3.24915e-06,-0.01400016
3.2492e-06,-0.01409528
3.24925e-06,-0.0140584
3.2493e-06,-0.01395746
3.24935e-06,-0.01393804
3.2494e-06,-0.01400987
3.24945e-06,-0.01405452
3.2495e-06,-0.01403899
3.24955e-06,-0.01406617
3.2496e-06,-0.01419429
3.24965e-06,-0.01429717
3.2497e-06,-0.01422535
3.24975e-06,-0.01404093
3.2498e-06,-0.01395357
3.24985e-06,-0.01403511
3.2499e-06,-0.01413023
3.24995e-06,-0.01409334
3.25e-06,-0.01398852
3.25005e-06,-0.0139691
3.2501e-06,-0.01407393
3.25015e-06,-0.01419817
3.2502e-06,-0.01424864
3.25025e-06,-0.01421564
3.2503e-06,-0.01412828
3.25035e-06,-0.01403705
3.2504e-06,-0.01400405
3.25045e-06,-0.01406034
3.2505e-06,-0.01415158
3.25055e-06,-0.01418458
3.2506e-06,-0.01412634
3.25065e-06,-0.01402734
3.2507e-06,-0.01396522
3.25075e-06,-0.01396134
3.2508e-06,-0.01399046
3.25085e-06,-0.01402928
3.2509e-06,-0.01409334
3.25095e-06,-0.0141904
3.251e-06,-0.01426611
3.25105e-06,-0.01423311
3.2511e-06,-0.01410111
3.25115e-06,-0.01399628
3.2512e-06,-0.01402152
3.25125e-06,-0.01410499
3.2513e-06,-0.0140914
3.25135e-06,-0.0139594
3.2514e-06,-0.01385651
3.25145e-06,-0.01393028
3.2515e-06,-0.01415546
3.25155e-06,-0.01437288
3.2516e-06,-0.01444082
3.25165e-06,-0.01433211
3.2517e-06,-0.01416905
3.25175e-06,-0.01411664
3.2518e-06,-0.01423505
3.25185e-06,-0.01438841
3.2519e-06,-0.01439617
3.25195e-06,-0.01423893
3.252e-06,-0.01407005
3.25205e-06,-0.01401958
3.2521e-06,-0.01407005
3.25215e-06,-0.01411275
3.2522e-06,-0.01411858
3.25225e-06,-0.01413605
3.2523e-06,-0.01416711
3.25235e-06,-0.01415352
3.2524e-06,-0.0140914
3.25245e-06,-0.01408364
3.2525e-06,-0.01418264
3.25255e-06,-0.01427388
3.2526e-06,-0.01422535
3.25265e-06,-0.01409722
3.2527e-06,-0.01405646
3.25275e-06,-0.01412828
3.2528e-06,-0.01416129
3.25285e-06,-0.01408364
3.2529e-06,-0.01400599
3.25295e-06,-0.01403511
3.253e-06,-0.01408946
3.25305e-06,-0.01406228
3.2531e-06,-0.0140254
3.25315e-06,-0.01410887
3.2532e-06,-0.01426223
3.25325e-06,-0.0143127
3.2533e-06,-0.01422729
3.25335e-06,-0.01415934
3.2534e-06,-0.0142234
3.25345e-06,-0.0143457
3.2535e-06,-0.01438259
3.25355e-06,-0.01429329
3.2536e-06,-0.01413799
3.25365e-06,-0.01401569
3.2537e-06,-0.01398852
3.25375e-06,-0.01404869
3.2538e-06,-0.0141147
3.25385e-06,-0.01412246
3.2539e-06,-0.01408946
3.25395e-06,-0.01407199
3.254e-06,-0.01410693
3.25405e-06,-0.01419235
3.2541e-06,-0.01428358
3.25415e-06,-0.01431464
3.2542e-06,-0.01426805
3.25425e-06,-0.01420205
3.2543e-06,-0.01416905
3.25435e-06,-0.01414187
3.2544e-06,-0.01406811
3.25445e-06,-0.01394775
3.2545e-06,-0.01386428
3.25455e-06,-0.01388951
3.2546e-06,-0.01402346
3.25465e-06,-0.01417487
3.2547e-06,-0.01423117
3.25475e-06,-0.01416323
3.2548e-06,-0.01407199
3.25485e-06,-0.01406617
3.2549e-06,-0.01413023
3.25495e-06,-0.01414964
3.255e-06,-0.01408752
3.25505e-06,-0.01402928
3.2551e-06,-0.01403122
3.25515e-06,-0.01403122
3.2552e-06,-0.0139691
3.25525e-06,-0.01390698
3.2553e-06,-0.01391475
3.25535e-06,-0.01394581
3.2554e-06,-0.01391863
3.25545e-06,-0.01389534
3.2555e-06,-0.01399822
3.25555e-06,-0.01419429
3.2556e-06,-0.01430688
3.25565e-06,-0.01426805
3.2557e-06,-0.01420205
3.25575e-06,-0.01420399
3.2558e-06,-0.01419235
3.25585e-06,-0.01406617
3.2559e-06,-0.0139031
3.25595e-06,-0.01387787
3.256e-06,-0.01402734
3.25605e-06,-0.01419817
3.2561e-06,-0.01423893
3.25615e-06,-0.01415934
3.2562e-06,-0.01406811
3.25625e-06,-0.01404675
3.2563e-06,-0.01411664
3.25635e-06,-0.01422146
3.2564e-06,-0.01426611
3.25645e-06,-0.01419235
3.2565e-06,-0.01407781
3.25655e-06,-0.01404287
3.2566e-06,-0.01410111
3.25665e-06,-0.01413217
3.2567e-06,-0.01406228
3.25675e-06,-0.01397299
3.2568e-06,-0.01398463
3.25685e-06,-0.01408752
3.2569e-06,-0.01414964
3.25695e-06,-0.01410887
3.257e-06,-0.01404869
3.25705e-06,-0.01406034
3.2571e-06,-0.0141147
3.25715e-06,-0.01412246
3.2572e-06,-0.01408558
3.25725e-06,-0.01408946
3.2573e-06,-0.01413023
3.25735e-06,-0.01409917
3.2574e-06,-0.01395163
3.25745e-06,-0.01380216
3.2575e-06,-0.01378469
3.25755e-06,-0.01387981
3.2576e-06,-0.0139691
3.25765e-06,-0.01399628
3.2577e-06,-0.01397881
3.25775e-06,-0.01393804
3.2578e-06,-0.01388563
3.25785e-06,-0.01387787
3.2579e-06,-0.01398075
3.25795e-06,-0.01415934
3.258e-06,-0.01428941
3.25805e-06,-0.01428552
3.2581e-06,-0.01419429
3.25815e-06,-0.0141244
3.2582e-06,-0.01412052
3.25825e-06,-0.01413217
3.2583e-06,-0.01409528
3.25835e-06,-0.01400599
3.2584e-06,-0.01393028
3.25845e-06,-0.01394387
3.2585e-06,-0.01405646
3.25855e-06,-0.01417293
3.2586e-06,-0.01417876
3.25865e-06,-0.01408364
3.2587e-06,-0.01402346
3.25875e-06,-0.01408752
3.2588e-06,-0.01418652
3.25885e-06,-0.01417682
3.2589e-06,-0.01407005
3.25895e-06,-0.01401375
3.259e-06,-0.01407393
3.25905e-06,-0.01414187
3.2591e-06,-0.01411664
3.25915e-06,-0.01404869
3.2592e-06,-0.01406228
3.25925e-06,-0.01416711
3.2593e-06,-0.01425252
3.25935e-06,-0.01423699
3.2594e-06,-0.01414576
3.25945e-06,-0.01406811
3.2595e-06,-0.01406617
3.25955e-06,-0.01413023
3.2596e-06,-0.01418652
3.25965e-06,-0.0141574
3.2597e-06,-0.01405064
3.25975e-06,-0.01395551
3.2598e-06,-0.01395357
3.25985e-06,-0.01401375
3.2599e-06,-0.01403511
3.25995e-06,-0.0139594
3.26e-06,-0.01386816
3.26005e-06,-0.01388175
3.2601e-06,-0.01401763
3.26015e-06,-0.01414576
3.2602e-06,-0.01413799
3.26025e-06,-0.01404481
3.2603e-06,-0.01401375
3.26035e-06,-0.01409334
3.2604e-06,-0.01416323
3.26045e-06,-0.0141147
3.2605e-06,-0.01398852
3.26055e-06,-0.01390116
3.2606e-06,-0.01388951
3.26065e-06,-0.0139031
3.2607e-06,-0.01391475
3.26075e-06,-0.01396134
3.2608e-06,-0.0140584
3.26085e-06,-0.01414381
3.2609e-06,-0.0141477
3.26095e-06,-0.01409334
3.261e-06,-0.01406617
3.26105e-06,-0.0141244
3.2611e-06,-0.01422729
3.26115e-06,-0.01428164
3.2612e-06,-0.01423117
3.26125e-06,-0.01411275
3.2613e-06,-0.01401569
3.26135e-06,-0.01397493
3.2614e-06,-0.01394969
3.26145e-06,-0.01391669
3.2615e-06,-0.01392251
3.26155e-06,-0.01399822
3.2616e-06,-0.01409917
3.26165e-06,-0.01415934
3.2617e-06,-0.01417099
3.26175e-06,-0.01418652
3.2618e-06,-0.01423699
3.26185e-06,-0.01430105
3.2619e-06,-0.01432435
3.26195e-06,-0.01429135
3.262e-06,-0.01423505
3.26205e-06,-0.01419623
3.2621e-06,-0.01418264
3.26215e-06,-0.01417293
3.2622e-06,-0.01416129
3.26225e-06,-0.01413411
3.2623e-06,-0.01407005
3.26235e-06,-0.0139691
3.2624e-06,-0.01391863
3.26245e-06,-0.01403122
3.2625e-06,-0.01427388
3.26255e-06,-0.01446218
3.2626e-06,-0.01446218
3.26265e-06,-0.01434376
3.2627e-06,-0.01427582
3.26275e-06,-0.01431076
3.2628e-06,-0.0143457
3.26285e-06,-0.01430105
3.2629e-06,-0.0142234
3.26295e-06,-0.01419235
3.263e-06,-0.01421564
3.26305e-06,-0.01423505
3.2631e-06,-0.01421176
3.26315e-06,-0.0141574
3.2632e-06,-0.0141244
3.26325e-06,-0.01414964
3.2633e-06,-0.01423311
3.26335e-06,-0.01432629
3.2634e-06,-0.0143787
3.26345e-06,-0.01436511
3.2635e-06,-0.01429135
3.26355e-06,-0.01419235
3.2636e-06,-0.01409722
3.26365e-06,-0.01404675
3.2637e-06,-0.01406811
3.26375e-06,-0.01413799
3.2638e-06,-0.01417487
3.26385e-06,-0.01412052
3.2639e-06,-0.0140254
3.26395e-06,-0.01401375
3.264e-06,-0.01412634
3.26405e-06,-0.01427388
3.2641e-06,-0.01434376
3.26415e-06,-0.01432823
3.2642e-06,-0.01428552
3.26425e-06,-0.01423505
3.2643e-06,-0.01415934
3.26435e-06,-0.01407781
3.2644e-06,-0.01405258
3.26445e-06,-0.01409334
3.2645e-06,-0.01414381
3.26455e-06,-0.0141477
3.2646e-06,-0.01409917
3.26465e-06,-0.01402928
3.2647e-06,-0.01398852
3.26475e-06,-0.01399822
3.2648e-06,-0.01404869
3.26485e-06,-0.01409917
3.2649e-06,-0.01413799
3.26495e-06,-0.01419235
3.265e-06,-0.01425058
3.26505e-06,-0.01423311
3.2651e-06,-0.01410693
3.26515e-06,-0.01396522
3.2652e-06,-0.01394193
3.26525e-06,-0.01403705
3.2653e-06,-0.01411275
3.26535e-06,-0.01406811
3.2654e-06,-0.01394969
3.26545e-06,-0.0139031
3.2655e-06,-0.0139924
3.26555e-06,-0.01414381
3.2656e-06,-0.01424476
3.26565e-06,-0.01425641
3.2657e-06,-0.01421758
3.26575e-06,-0.0141807
3.2658e-06,-0.01415934
3.26585e-06,-0.0141147
3.2659e-06,-0.01402346
3.26595e-06,-0.01391863
3.266e-06,-0.01387398
3.26605e-06,-0.01391475
3.2661e-06,-0.01397687
3.26615e-06,-0.01401569
3.2662e-06,-0.01405646
3.26625e-06,-0.01414381
3.2663e-06,-0.01423699
3.26635e-06,-0.0142467
3.2664e-06,-0.01416323
3.26645e-06,-0.01410111
3.2665e-06,-0.01415352
3.26655e-06,-0.01425835
3.2666e-06,-0.01426029
3.26665e-06,-0.01412828
3.2667e-06,-0.01399822
3.26675e-06,-0.0139924
3.2668e-06,-0.01407393
3.26685e-06,-0.01411081
3.2669e-06,-0.01405258
3.26695e-06,-0.01398463
3.267e-06,-0.01400987
3.26705e-06,-0.01413799
3.2671e-06,-0.01428941
3.26715e-06,-0.01438453
3.2672e-06,-0.01439617
3.26725e-06,-0.01434764
3.2673e-06,-0.01425252
3.26735e-06,-0.01413023
3.2674e-06,-0.01402928
3.26745e-06,-0.01399434
3.2675e-06,-0.01401569
3.26755e-06,-0.0140584
3.2676e-06,-0.01410693
3.26765e-06,-0.01417876
3.2677e-06,-0.01426223
3.26775e-06,-0.01429717
3.2678e-06,-0.01426223
3.26785e-06,-0.01420788
3.2679e-06,-0.01419817
3.26795e-06,-0.01424282
3.268e-06,-0.01430105
3.26805e-06,-0.01431853
3.2681e-06,-0.01426805
3.26815e-06,-0.01416905
3.2682e-06,-0.01408752
3.26825e-06,-0.01406617
3.2683e-06,-0.01408558
3.26835e-06,-0.01410693
3.2684e-06,-0.01413411
3.26845e-06,-0.01418652
3.2685e-06,-0.01426223
3.26855e-06,-0.01433017
3.2686e-06,-0.01437676
3.26865e-06,-0.01441365
3.2687e-06,-0.01444276
3.26875e-06,-0.01443306
3.2688e-06,-0.01435541
3.26885e-06,-0.01423699
3.2689e-06,-0.01417487
3.26895e-06,-0.0142467
3.269e-06,-0.01438453
3.26905e-06,-0.01440782
3.2691e-06,-0.01423505
3.26915e-06,-0.01400793
3.2692e-06,-0.01395746
3.26925e-06,-0.01412634
3.2693e-06,-0.01433017
3.26935e-06,-0.01438841
3.2694e-06,-0.01431076
3.26945e-06,-0.01422535
3.2695e-06,-0.0141904
3.26955e-06,-0.01417293
3.2696e-06,-0.01415934
3.26965e-06,-0.0141807
3.2697e-06,-0.01423311
3.26975e-06,-0.01424282
3.2698e-06,-0.01417876
3.26985e-06,-0.01411275
3.2699e-06,-0.01410693
3.26995e-06,-0.01410305
3.27e-06,-0.01403511
3.27005e-06,-0.01395551
3.2701e-06,-0.01396716
3.27015e-06,-0.01407781
3.2702e-06,-0.01419235
3.27025e-06,-0.01425058
3.2703e-06,-0.01425835
3.27035e-06,-0.01420399
3.2704e-06,-0.01409334
3.27045e-06,-0.01400987
3.2705e-06,-0.01407393
3.27055e-06,-0.01425252
3.2706e-06,-0.01435735
3.27065e-06,-0.01426611
3.2707e-06,-0.01408558
3.27075e-06,-0.01400987
3.2708e-06,-0.0140914
3.27085e-06,-0.01419623
3.2709e-06,-0.01420205
3.27095e-06,-0.01413217
3.271e-06,-0.01408364
3.27105e-06,-0.01411081
3.2711e-06,-0.01420205
3.27115e-06,-0.01430688
3.2712e-06,-0.01435541
3.27125e-06,-0.01428552
3.2713e-06,-0.01411081
3.27135e-06,-0.01396328
3.2714e-06,-0.01397687
3.27145e-06,-0.01412246
3.2715e-06,-0.01420982
3.27155e-06,-0.01411664
3.2716e-06,-0.01394775
3.27165e-06,-0.01391087
3.2717e-06,-0.01405452
3.27175e-06,-0.01422535
3.2718e-06,-0.01425641
3.27185e-06,-0.01414576
3.2719e-06,-0.01403899
3.27195e-06,-0.01403316
3.272e-06,-0.01409334
3.27205e-06,-0.01412634
3.2721e-06,-0.01411664
3.27215e-06,-0.01409917
3.2722e-06,-0.01406422
3.27225e-06,-0.01398075
3.2723e-06,-0.01390116
3.27235e-06,-0.01391475
3.2724e-06,-0.01401375
3.27245e-06,-0.01408169
3.2725e-06,-0.01407587
3.27255e-06,-0.01409528
3.2726e-06,-0.01421176
3.27265e-06,-0.01434376
3.2727e-06,-0.01434764
3.27275e-06,-0.01421758
3.2728e-06,-0.01408752
3.27285e-06,-0.01406228
3.2729e-06,-0.01411858
3.27295e-06,-0.01416711
3.273e-06,-0.01416905
3.27305e-06,-0.01414576
3.2731e-06,-0.01414964
3.27315e-06,-0.01421564
3.2732e-06,-0.01432629
3.27325e-06,-0.01440394
3.2733e-06,-0.01437482
3.27335e-06,-0.01428164
3.2734e-06,-0.01423311
3.27345e-06,-0.01426999
3.2735e-06,-0.01430882
3.27355e-06,-0.01426999
3.2736e-06,-0.01420205
3.27365e-06,-0.01420205
3.2737e-06,-0.0142467
3.27375e-06,-0.01423117
3.2738e-06,-0.01412634
3.27385e-06,-0.0140584
3.2739e-06,-0.01413217
3.27395e-06,-0.01429329
3.274e-06,-0.01441947
3.27405e-06,-0.014468
3.2741e-06,-0.01448159
3.27415e-06,-0.01446606
3.2742e-06,-0.01438647
3.27425e-06,-0.01426029
3.2743e-06,-0.01417876
3.27435e-06,-0.0141807
3.2744e-06,-0.01421176
3.27445e-06,-0.01422729
3.2745e-06,-0.01424088
3.27455e-06,-0.01426611
3.2746e-06,-0.01426223
3.27465e-06,-0.01420788
3.2747e-06,-0.01417682
3.27475e-06,-0.01424864
3.2748e-06,-0.01436706
3.27485e-06,-0.01438259
3.2749e-06,-0.01424864
3.27495e-06,-0.0140914
3.275e-06,-0.01406422
3.27505e-06,-0.01415158
3.2751e-06,-0.01419817
3.27515e-06,-0.01410693
3.2752e-06,-0.01394969
3.27525e-06,-0.01387981
3.2753e-06,-0.0139691
3.27535e-06,-0.01411664
3.2754e-06,-0.01415352
3.27545e-06,-0.01404287
3.2755e-06,-0.01392446
3.27555e-06,-0.01394969
3.2756e-06,-0.01408558
3.27565e-06,-0.01418264
3.2757e-06,-0.01417099
3.27575e-06,-0.0140914
3.2758e-06,-0.01399434
3.27585e-06,-0.01390698
3.2759e-06,-0.01386816
3.27595e-06,-0.01387592
3.276e-06,-0.01386622
3.27605e-06,-0.01383516
3.2761e-06,-0.01388175
3.27615e-06,-0.01403899
3.2762e-06,-0.01416129
3.27625e-06,-0.01410499
3.2763e-06,-0.01398075
3.27635e-06,-0.01400793
3.2764e-06,-0.01417293
3.27645e-06,-0.01423505
3.2765e-06,-0.01407975
3.27655e-06,-0.01388757
3.2766e-06,-0.01387398
3.27665e-06,-0.01402152
3.2767e-06,-0.01411664
3.27675e-06,-0.01403316
3.2768e-06,-0.01385457
3.27685e-06,-0.01374974
3.2769e-06,-0.01380216
3.27695e-06,-0.01394387
3.277e-06,-0.01405452
3.27705e-06,-0.01407975
3.2771e-06,-0.01405452
3.27715e-06,-0.01402928
3.2772e-06,-0.01401375
3.27725e-06,-0.0139924
3.2773e-06,-0.01398463
3.27735e-06,-0.01399822
3.2774e-06,-0.01399628
3.27745e-06,-0.01393028
3.2775e-06,-0.01383322
3.27755e-06,-0.01380604
3.2776e-06,-0.01387787
3.27765e-06,-0.0139691
3.2777e-06,-0.0140021
3.27775e-06,-0.01398269
3.2778e-06,-0.01397299
3.27785e-06,-0.01400793
3.2779e-06,-0.01406422
3.27795e-06,-0.01409528
3.278e-06,-0.0140914
3.27805e-06,-0.01406034
3.2781e-06,-0.01401569
3.27815e-06,-0.01397299
3.2782e-06,-0.01395357
3.27825e-06,-0.01397881
3.2783e-06,-0.01403705
3.27835e-06,-0.01408752
3.2784e-06,-0.01408169
3.27845e-06,-0.01403316
3.2785e-06,-0.01401569
3.27855e-06,-0.01407199
3.2786e-06,-0.01414964
3.27865e-06,-0.01414576
3.2787e-06,-0.01407199
3.27875e-06,-0.01406811
3.2788e-06,-0.01421176
3.27885e-06,-0.01437094
3.2789e-06,-0.01436511
3.27895e-06,-0.01420011
3.279e-06,-0.01404869
3.27905e-06,-0.01400599
3.2791e-06,-0.01399822
3.27915e-06,-0.01395357
3.2792e-06,-0.01391669
3.27925e-06,-0.01396328
3.2793e-06,-0.01407005
3.27935e-06,-0.01416711
3.2794e-06,-0.01421758
3.27945e-06,-0.01421176
3.2795e-06,-0.01415158
3.27955e-06,-0.01407393
3.2796e-06,-0.01406811
3.27965e-06,-0.01413993
3.2797e-06,-0.01418458
3.27975e-06,-0.01410887
3.2798e-06,-0.01399046
3.27985e-06,-0.01398269
3.2799e-06,-0.01412052
3.27995e-06,-0.01427582
3.28e-06,-0.01433211
3.28005e-06,-0.01432047
3.2801e-06,-0.01434958
3.28015e-06,-0.014435
3.2802e-06,-0.01448353
3.28025e-06,-0.01442529
3.2803e-06,-0.01429329
3.28035e-06,-0.01419429
3.2804e-06,-0.01419623
3.28045e-06,-0.01426223
3.2805e-06,-0.01429523
3.28055e-06,-0.01422146
3.2806e-06,-0.01408169
3.28065e-06,-0.01399628
3.2807e-06,-0.01403899
3.28075e-06,-0.01414381
3.2808e-06,-0.01417876
3.28085e-06,-0.01410305
3.2809e-06,-0.01400405
3.28095e-06,-0.01399046
3.281e-06,-0.01409334
3.28105e-06,-0.01425835
3.2811e-06,-0.01436317
3.28115e-06,-0.01429717
3.2812e-06,-0.01408946
3.28125e-06,-0.01391281
3.2813e-06,-0.01392057
3.28135e-06,-0.01404675
3.2814e-06,-0.0140914
3.28145e-06,-0.01396522
3.2815e-06,-0.01378469
3.28155e-06,-0.01372451
3.2816e-06,-0.01383516
3.28165e-06,-0.01402152
3.2817e-06,-0.01414576
3.28175e-06,-0.01414381
3.2818e-06,-0.01408752
3.28185e-06,-0.01409528
3.2819e-06,-0.0141904
3.28195e-06,-0.01425058
3.282e-06,-0.01417293
3.28205e-06,-0.01400016
3.2821e-06,-0.01387787
3.28215e-06,-0.01389145
3.2822e-06,-0.01397881
3.28225e-06,-0.01402152
3.2823e-06,-0.01397881
3.28235e-06,-0.0139264
3.2824e-06,-0.01395746
3.28245e-06,-0.01406811
3.2825e-06,-0.01415934
3.28255e-06,-0.01414576
3.2826e-06,-0.01404287
3.28265e-06,-0.01394581
3.2827e-06,-0.0139264
3.28275e-06,-0.01396716
3.2828e-06,-0.01398852
3.28285e-06,-0.01395357
3.2829e-06,-0.01390698
3.28295e-06,-0.01388563
3.283e-06,-0.01386039
3.28305e-06,-0.01380992
3.2831e-06,-0.01378857
3.28315e-06,-0.01387204
3.2832e-06,-0.01403511
3.28325e-06,-0.01414576
3.2833e-06,-0.01410887
3.28335e-06,-0.01398657
3.2834e-06,-0.01391087
3.28345e-06,-0.01394775
3.2835e-06,-0.0140254
3.28355e-06,-0.01404675
3.2836e-06,-0.0139924
3.28365e-06,-0.01391281
3.2837e-06,-0.01384875
3.28375e-06,-0.01380604
3.2838e-06,-0.01379439
3.28385e-06,-0.01383904
3.2839e-06,-0.01393999
3.28395e-06,-0.01403899
3.284e-06,-0.01407199
3.28405e-06,-0.01402734
3.2841e-06,-0.01395551
3.28415e-06,-0.01390893
3.2842e-06,-0.01392834
3.28425e-06,-0.01400405
3.2843e-06,-0.01406811
3.28435e-06,-0.01405452
3.2844e-06,-0.01396716
3.28445e-06,-0.01388175
3.2845e-06,-0.01385457
3.28455e-06,-0.01388951
3.2846e-06,-0.01395551
3.28465e-06,-0.01401181
3.2847e-06,-0.01401569
3.28475e-06,-0.01396522
3.2848e-06,-0.01393999
3.28485e-06,-0.01402346
3.2849e-06,-0.01415934
3.28495e-06,-0.01418458
3.285e-06,-0.01402734
3.28505e-06,-0.01382157
3.2851e-06,-0.01376722
3.28515e-06,-0.01389145
3.2852e-06,-0.01403511
3.28525e-06,-0.01405258
3.2853e-06,-0.01394969
3.28535e-06,-0.01382545
3.2854e-06,-0.01375363
3.28545e-06,-0.01376139
3.2855e-06,-0.01383904
3.28555e-06,-0.01394581
3.2856e-06,-0.0140254
3.28565e-06,-0.01405064
3.2857e-06,-0.01404287
3.28575e-06,-0.01403511
3.2858e-06,-0.01402734
3.28585e-06,-0.01400599
3.2859e-06,-0.01396134
3.28595e-06,-0.0138934
3.286e-06,-0.01380604
3.28605e-06,-0.01374586
3.2861e-06,-0.01376139
3.28615e-06,-0.01383128
3.2862e-06,-0.01387398
3.28625e-06,-0.01384681
3.2863e-06,-0.01382545
3.28635e-06,-0.01389145
3.2864e-06,-0.01401181
3.28645e-06,-0.01407393
3.2865e-06,-0.01403122
3.28655e-06,-0.01394193
3.2866e-06,-0.01388369
3.28665e-06,-0.01388369
3.2867e-06,-0.01391281
3.28675e-06,-0.01392446
3.2868e-06,-0.01388563
3.28685e-06,-0.01381186
3.2869e-06,-0.01377304
3.28695e-06,-0.01380798
3.287e-06,-0.01387787
3.28705e-06,-0.01391087
3.2871e-06,-0.0138934
3.28715e-06,-0.01388757
3.2872e-06,-0.01394775
3.28725e-06,-0.0140254
3.2873e-06,-0.01402346
3.28735e-06,-0.0138934
3.2874e-06,-0.0137051
3.28745e-06,-0.01358668
3.2875e-06,-0.01361192
3.28755e-06,-0.01373227
3.2876e-06,-0.01383904
3.28765e-06,-0.01387204
3.2877e-06,-0.01387592
3.28775e-06,-0.01391475
3.2878e-06,-0.01397881
3.28785e-06,-0.01399628
3.2879e-06,-0.01393804
3.28795e-06,-0.01385263
3.288e-06,-0.01381963
3.28805e-06,-0.01385845
3.2881e-06,-0.01390504
3.28815e-06,-0.01388757
3.2882e-06,-0.01380992
3.28825e-06,-0.01375363
3.2883e-06,-0.01376333
3.28835e-06,-0.01378857
3.2884e-06,-0.01379245
3.28845e-06,-0.01381575
3.2885e-06,-0.0138934
3.28855e-06,-0.01394969
3.2886e-06,-0.0139264
3.28865e-06,-0.01388175
3.2887e-06,-0.01391087
3.28875e-06,-0.01398657
3.2888e-06,-0.01401763
3.28885e-06,-0.01399628
3.2889e-06,-0.01396328
3.28895e-06,-0.01390116
3.289e-06,-0.01376333
3.28905e-06,-0.01361192
3.2891e-06,-0.01359056
3.28915e-06,-0.01372257
3.2892e-06,-0.01385845
3.28925e-06,-0.01386622
3.2893e-06,-0.01380216
3.28935e-06,-0.0138371
3.2894e-06,-0.01400793
3.28945e-06,-0.01415934
3.2895e-06,-0.01413993
3.28955e-06,-0.01398075
3.2896e-06,-0.0138371
3.28965e-06,-0.01379828
3.2897e-06,-0.0138371
3.28975e-06,-0.01387787
3.2898e-06,-0.01388175
3.28985e-06,-0.01385069
3.2899e-06,-0.01381575
3.28995e-06,-0.01382157
3.29e-06,-0.01388951
3.29005e-06,-0.01395551
3.2901e-06,-0.01394775
3.29015e-06,-0.01388951
3.2902e-06,-0.01387592
3.29025e-06,-0.01394581
3.2903e-06,-0.01401181
3.29035e-06,-0.01398075
3.2904e-06,-0.01388563
3.29045e-06,-0.01382157
3.2905e-06,-0.01381963
3.29055e-06,-0.01383128
3.2906e-06,-0.01382157
3.29065e-06,-0.01380798
3.2907e-06,-0.01379245
3.29075e-06,-0.01375363
3.2908e-06,-0.01373227
3.29085e-06,-0.01381769
3.2909e-06,-0.0140021
3.29095e-06,-0.0141477
3.291e-06,-0.01414964
3.29105e-06,-0.01406811
3.2911e-06,-0.01401958
3.29115e-06,-0.01401958
3.2912e-06,-0.01400016
3.29125e-06,-0.01393999
3.2913e-06,-0.01387592
3.29135e-06,-0.01382933
3.2914e-06,-0.01379439
3.29145e-06,-0.01378663
3.2915e-06,-0.01385263
3.29155e-06,-0.01398463
3.2916e-06,-0.01408946
3.29165e-06,-0.01410111
3.2917e-06,-0.01405452
3.29175e-06,-0.01404869
3.2918e-06,-0.01411081
3.29185e-06,-0.01416129
3.2919e-06,-0.01412246
3.29195e-06,-0.01401181
3.292e-06,-0.01391087
3.29205e-06,-0.01388175
3.2921e-06,-0.01389922
3.29215e-06,-0.01388757
3.2922e-06,-0.01381186
3.29225e-06,-0.01372451
3.2923e-06,-0.01371868
3.29235e-06,-0.01381769
3.2924e-06,-0.01395551
3.29245e-06,-0.01406228
3.2925e-06,-0.01410887
3.29255e-06,-0.01410499
3.2926e-06,-0.0140584
3.29265e-06,-0.01399046
3.2927e-06,-0.01392446
3.29275e-06,-0.01388563
3.2928e-06,-0.0138934
3.29285e-06,-0.01395357
3.2929e-06,-0.01401958
3.29295e-06,-0.01401763
3.293e-06,-0.01395357
3.29305e-06,-0.01391863
3.2931e-06,-0.01397881
3.29315e-06,-0.01407005
3.2932e-06,-0.01408752
3.29325e-06,-0.01403122
3.2933e-06,-0.01401375
3.29335e-06,-0.01409528
3.2934e-06,-0.01420399
3.29345e-06,-0.01421758
3.2935e-06,-0.01411275
3.29355e-06,-0.01399434
3.2936e-06,-0.01397881
3.29365e-06,-0.01405064
3.2937e-06,-0.01407393
3.29375e-06,-0.01396134
3.2938e-06,-0.01378857
3.29385e-06,-0.01370898
3.2939e-06,-0.01379051
3.29395e-06,-0.01395357
3.294e-06,-0.01406228
3.29405e-06,-0.01407975
3.2941e-06,-0.01406811
3.29415e-06,-0.01409528
3.2942e-06,-0.01413993
3.29425e-06,-0.01414187
3.2943e-06,-0.01409722
3.29435e-06,-0.01405064
3.2944e-06,-0.01402152
3.29445e-06,-0.01398269
3.2945e-06,-0.01392251
3.29455e-06,-0.01387787
3.2946e-06,-0.01387204
3.29465e-06,-0.01387787
3.2947e-06,-0.01387204
3.29475e-06,-0.01389728
3.2948e-06,-0.01398852
3.29485e-06,-0.01407393
3.2949e-06,-0.01406617
3.29495e-06,-0.01400016
3.295e-06,-0.01400016
3.29505e-06,-0.01406617
3.2951e-06,-0.01406228
3.29515e-06,-0.01394193
3.2952e-06,-0.01384292
3.29525e-06,-0.01388563
3.2953e-06,-0.01399822
3.29535e-06,-0.01401375
3.2954e-06,-0.01391281
3.29545e-06,-0.01382933
3.2955e-06,-0.01386428
3.29555e-06,-0.01396716
3.2956e-06,-0.01404675
3.29565e-06,-0.01407975
3.2957e-06,-0.01410887
3.29575e-06,-0.01414576
3.2958e-06,-0.01415546
3.29585e-06,-0.01410111
3.2959e-06,-0.01398852
3.29595e-06,-0.0138701
3.296e-06,-0.01380798
3.29605e-06,-0.01383322
3.2961e-06,-0.01392057
3.29615e-06,-0.01401375
3.2962e-06,-0.01404869
3.29625e-06,-0.01398852
3.2963e-06,-0.01386234
3.29635e-06,-0.01376333
3.2964e-06,-0.01378663
3.29645e-06,-0.01392446
3.2965e-06,-0.01406422
3.29655e-06,-0.01408558
3.2966e-06,-0.0139924
3.29665e-06,-0.01388563
3.2967e-06,-0.0138371
3.29675e-06,-0.01384292
3.2968e-06,-0.01388175
3.29685e-06,-0.01393416
3.2969e-06,-0.01394775
3.29695e-06,-0.01386816
3.297e-06,-0.01375363
3.29705e-06,-0.01374004
3.2971e-06,-0.01388563
3.29715e-06,-0.01405646
3.2972e-06,-0.01408946
3.29725e-06,-0.01398657
3.2973e-06,-0.01387787
3.29735e-06,-0.01385069
3.2974e-06,-0.01387204
3.29745e-06,-0.01386428
3.2975e-06,-0.01378857
3.29755e-06,-0.01366433
3.2976e-06,-0.01357309
3.29765e-06,-0.01360609
3.2977e-06,-0.01373616
3.29775e-06,-0.01381575
3.2978e-06,-0.01376916
3.29785e-06,-0.01371286
3.2979e-06,-0.01379633
3.29795e-06,-0.01395357
3.298e-06,-0.01397104
3.29805e-06,-0.0138138
3.2981e-06,-0.01367986
3.29815e-06,-0.01371092
3.2982e-06,-0.01381186
3.29825e-06,-0.01382157
3.2983e-06,-0.01375363
3.29835e-06,-0.01373421
3.2984e-06,-0.0137711
3.29845e-06,-0.01378857
3.2985e-06,-0.01378663
3.29855e-06,-0.01385845
3.2986e-06,-0.01397104
3.29865e-06,-0.01396522
3.2987e-06,-0.01380798
3.29875e-06,-0.0136818
3.2988e-06,-0.0137478
3.29885e-06,-0.0139031
3.2989e-06,-0.01393028
3.29895e-06,-0.01378275
3.299e-06,-0.01361192
3.29905e-06,-0.01356727
3.2991e-06,-0.01365851
3.29915e-06,-0.01377886
3.2992e-06,-0.01383322
3.29925e-06,-0.01382739
3.2993e-06,-0.01383516
3.29935e-06,-0.0138934
3.2994e-06,-0.01394969
3.29945e-06,-0.01394969
3.2995e-06,-0.01391863
3.29955e-06,-0.01391281
3.2996e-06,-0.01392251
3.29965e-06,-0.01390893
3.2997e-06,-0.01387204
3.29975e-06,-0.01384292
3.2998e-06,-0.01381963
3.29985e-06,-0.0137808
3.2999e-06,-0.0137711
3.29995e-06,-0.01384875
3.3e-06,-0.01397493
3.30005e-06,-0.01402734
3.3001e-06,-0.01396134
3.30015e-06,-0.01386816
3.3002e-06,-0.01386622
3.30025e-06,-0.01392834
3.3003e-06,-0.01392834
3.30035e-06,-0.01380604
3.3004e-06,-0.01367986
3.30045e-06,-0.01369927
3.3005e-06,-0.01383904
3.30055e-06,-0.01390698
3.3006e-06,-0.01378469
3.30065e-06,-0.01357892
3.3007e-06,-0.01350321
3.30075e-06,-0.01362939
3.3008e-06,-0.01382351
3.30085e-06,-0.01390893
3.3009e-06,-0.01384098
3.30095e-06,-0.01374586
3.301e-06,-0.01376722
3.30105e-06,-0.01390893
3.3011e-06,-0.01402152
3.30115e-06,-0.01397881
3.3012e-06,-0.01381186
3.30125e-06,-0.01367404
3.3013e-06,-0.01367598
3.30135e-06,-0.01377304
3.3014e-06,-0.01383516
3.30145e-06,-0.01380022
3.3015e-06,-0.01374586
3.30155e-06,-0.01376527
3.3016e-06,-0.01385069
3.30165e-06,-0.0139264
3.3017e-06,-0.01394193
3.30175e-06,-0.0139031
3.3018e-06,-0.01382933
3.30185e-06,-0.01374974
3.3019e-06,-0.01372257
3.30195e-06,-0.01378663
3.302e-06,-0.01387981
3.30205e-06,-0.01391475
3.3021e-06,-0.01390116
3.30215e-06,-0.01390698
3.3022e-06,-0.01391281
3.30225e-06,-0.0138371
3.3023e-06,-0.01372063
3.30235e-06,-0.0137148
3.3024e-06,-0.01388563
3.30245e-06,-0.01408558
3.3025e-06,-0.01414964
3.30255e-06,-0.01408752
3.3026e-06,-0.01402152
3.30265e-06,-0.01400599
3.3027e-06,-0.0139691
3.30275e-06,-0.01386039
3.3028e-06,-0.01374586
3.30285e-06,-0.01373227
3.3029e-06,-0.01382545
3.30295e-06,-0.01391863
3.303e-06,-0.01390698
3.30305e-06,-0.0138041
3.3031e-06,-0.01373227
3.30315e-06,-0.01378857
3.3032e-06,-0.01392251
3.30325e-06,-0.01399046
3.3033e-06,-0.01391475
3.30335e-06,-0.01379439
3.3034e-06,-0.0137711
3.30345e-06,-0.01382933
3.3035e-06,-0.01382351
3.30355e-06,-0.01369151
3.3036e-06,-0.01356533
3.30365e-06,-0.01358668
3.3037e-06,-0.01371092
3.30375e-06,-0.01376916
3.3038e-06,-0.01369345
3.30385e-06,-0.01358862
3.3039e-06,-0.01359056
3.30395e-06,-0.01372645
3.304e-06,-0.01387981
3.30405e-06,-0.01392834
3.3041e-06,-0.01386622
3.30415e-06,-0.01378663
3.3042e-06,-0.01377498
3.30425e-06,-0.01380216
3.3043e-06,-0.0137808
3.30435e-06,-0.0136818
3.3044e-06,-0.0135925
3.30445e-06,-0.0136158
3.3045e-06,-0.01374198
3.30455e-06,-0.01383322
3.3046e-06,-0.01379633
3.30465e-06,-0.01370704
3.3047e-06,-0.0137148
3.30475e-06,-0.0138371
3.3048e-06,-0.0139264
3.30485e-06,-0.0138701
3.3049e-06,-0.01374198
3.30495e-06,-0.01368374
3.305e-06,-0.01370704
3.30505e-06,-0.01369927
3.3051e-06,-0.01360415
3.30515e-06,-0.01351486
3.3052e-06,-0.01353427
3.30525e-06,-0.01365074
3.3053e-06,-0.01376527
3.30535e-06,-0.01381769
3.3054e-06,-0.0138138
3.30545e-06,-0.01376333
3.3055e-06,-0.01369733
3.30555e-06,-0.01367986
3.3056e-06,-0.0137808
3.30565e-06,-0.01395746
3.3057e-06,-0.01406811
3.30575e-06,-0.01401958
3.3058e-06,-0.0138701
3.30585e-06,-0.01373616
3.3059e-06,-0.01366045
3.30595e-06,-0.01360803
3.306e-06,-0.01355562
3.30605e-06,-0.01352844
3.3061e-06,-0.01356921
3.30615e-06,-0.01369927
3.3062e-06,-0.01388757
3.30625e-06,-0.01403122
3.3063e-06,-0.01401958
3.30635e-06,-0.01386039
3.3064e-06,-0.01372257
3.30645e-06,-0.01375751
3.3065e-06,-0.01391087
3.30655e-06,-0.01398657
3.3066e-06,-0.01389728
3.30665e-06,-0.01374004
3.3067e-06,-0.01363133
3.30675e-06,-0.01356921
3.3068e-06,-0.01351097
3.30685e-06,-0.01348574
3.3069e-06,-0.01352456
3.30695e-06,-0.01358086
3.307e-06,-0.01362162
3.30705e-06,-0.01369345
3.3071e-06,-0.01383516
3.30715e-06,-0.01395746
3.3072e-06,-0.01392251
3.30725e-06,-0.01374586
3.3073e-06,-0.01358086
3.30735e-06,-0.01354397
3.3074e-06,-0.01359833
3.30745e-06,-0.01365268
3.3075e-06,-0.01367598
3.30755e-06,-0.01367986
3.3076e-06,-0.0136721
3.30765e-06,-0.01367015
3.3077e-06,-0.01371092
3.30775e-06,-0.01379439
3.3078e-06,-0.01386234
3.30785e-06,-0.0138701
3.3079e-06,-0.01386039
3.30795e-06,-0.01389145
3.308e-06,-0.01393804
3.30805e-06,-0.01390116
3.3081e-06,-0.01375945
3.30815e-06,-0.01362162
3.3082e-06,-0.01360609
3.30825e-06,-0.01367986
3.3083e-06,-0.01368957
3.30835e-06,-0.01357503
3.3084e-06,-0.01346632
3.30845e-06,-0.01352456
3.3085e-06,-0.01371868
3.30855e-06,-0.01385069
3.3086e-06,-0.01380216
3.30865e-06,-0.01365074
3.3087e-06,-0.01354592
3.30875e-06,-0.01354397
3.3088e-06,-0.01358862
3.30885e-06,-0.01361774
3.3089e-06,-0.01360803
3.30895e-06,-0.01357309
3.309e-06,-0.01353815
3.30905e-06,-0.01351874
3.3091e-06,-0.01352068
3.30915e-06,-0.01355562
3.3092e-06,-0.01359833
3.30925e-06,-0.01359833
3.3093e-06,-0.01354009
3.30935e-06,-0.01349544
3.3094e-06,-0.01354786
3.30945e-06,-0.01366627
3.3095e-06,-0.01373616
3.30955e-06,-0.01368957
3.3096e-06,-0.0135828
3.30965e-06,-0.0135265
3.3097e-06,-0.0135595
3.30975e-06,-0.01361192
3.3098e-06,-0.01358474
3.30985e-06,-0.01346244
3.3099e-06,-0.01334403
3.30995e-06,-0.01335762
3.31e-06,-0.01351097
3.31005e-06,-0.0136721
3.3101e-06,-0.01370898
3.31015e-06,-0.01364104
3.3102e-06,-0.01360027
3.31025e-06,-0.01366821
3.3103e-06,-0.01378275
3.31035e-06,-0.01382545
3.3104e-06,-0.01375751
3.31045e-06,-0.01363133
3.3105e-06,-0.0135168
3.31055e-06,-0.01344303
3.3106e-06,-0.01342168
3.31065e-06,-0.01345468
3.3107e-06,-0.01350127
3.31075e-06,-0.01348574
3.3108e-06,-0.01339062
3.31085e-06,-0.01331685
3.3109e-06,-0.01337509
3.31095e-06,-0.01356144
3.311e-06,-0.0137478
3.31105e-06,-0.0138138
3.3111e-06,-0.01375557
3.31115e-06,-0.01365074
3.3112e-06,-0.01358474
3.31125e-06,-0.01357503
3.3113e-06,-0.01358474
3.31135e-06,-0.01357697
3.3114e-06,-0.01353815
3.31145e-06,-0.01348574
3.3115e-06,-0.0134605
3.31155e-06,-0.01347409
3.3116e-06,-0.01351097
3.31165e-06,-0.01353815
3.3117e-06,-0.01355756
3.31175e-06,-0.01360998
3.3118e-06,-0.01369539
3.31185e-06,-0.01374392
3.3119e-06,-0.01368762
3.31195e-06,-0.01355368
3.312e-06,-0.01344691
3.31205e-06,-0.01344109
3.3121e-06,-0.01349738
3.31215e-06,-0.01352262
3.3122e-06,-0.01348574
3.31225e-06,-0.0134275
3.3123e-06,-0.01339256
3.31235e-06,-0.01340421
3.3124e-06,-0.01347021
3.31245e-06,-0.01358474
3.3125e-06,-0.0136818
3.31255e-06,-0.01367792
3.3126e-06,-0.01359833
3.31265e-06,-0.01356339
3.3127e-06,-0.0136158
3.31275e-06,-0.01363521
3.3128e-06,-0.01352262
3.31285e-06,-0.01338673
3.3129e-06,-0.01341003
3.31295e-06,-0.0135828
3.313e-06,-0.01368957
3.31305e-06,-0.01360609
3.3131e-06,-0.01345856
3.31315e-06,-0.01343332
3.3132e-06,-0.01354786
3.31325e-06,-0.01366433
3.3133e-06,-0.01366821
3.31335e-06,-0.01357503
3.3134e-06,-0.01347409
3.31345e-06,-0.01344303
3.3135e-06,-0.01349156
3.31355e-06,-0.0135595
3.3136e-06,-0.01356727
3.31365e-06,-0.01349738
3.3137e-06,-0.01340615
3.31375e-06,-0.01335373
3.3138e-06,-0.01334985
3.31385e-06,-0.01338479
3.3139e-06,-0.01344497
3.31395e-06,-0.01351486
3.314e-06,-0.01355756
3.31405e-06,-0.01355174
3.3141e-06,-0.01353039
3.31415e-06,-0.01353039
3.3142e-06,-0.01353621
3.31425e-06,-0.01349156
3.3143e-06,-0.01341003
3.31435e-06,-0.01338091
3.3144e-06,-0.01342556
3.31445e-06,-0.01346827
3.3145e-06,-0.01345079
3.31455e-06,-0.01342944
3.3146e-06,-0.01347991
3.31465e-06,-0.01357892
3.3147e-06,-0.01362745
3.31475e-06,-0.01357697
3.3148e-06,-0.01348962
3.31485e-06,-0.01347021
3.3149e-06,-0.01356144
3.31495e-06,-0.01367792
3.315e-06,-0.01369927
3.31505e-06,-0.01360221
3.3151e-06,-0.01347991
3.31515e-06,-0.01343526
3.3152e-06,-0.0134605
3.31525e-06,-0.01348185
3.3153e-06,-0.01346244
3.31535e-06,-0.01343721
3.3154e-06,-0.01345079
3.31545e-06,-0.0134935
3.3155e-06,-0.01352068
3.31555e-06,-0.01351874
3.3156e-06,-0.01352844
3.31565e-06,-0.01358668
3.3157e-06,-0.01366627
3.31575e-06,-0.01370121
3.3158e-06,-0.01364686
3.31585e-06,-0.01354786
3.3159e-06,-0.01347991
3.31595e-06,-0.01345468
3.316e-06,-0.01341391
3.31605e-06,-0.01334014
3.3161e-06,-0.01331491
3.31615e-06,-0.01341391
3.3162e-06,-0.01358862
3.31625e-06,-0.01371868
3.3163e-06,-0.01376139
3.31635e-06,-0.01376916
3.3164e-06,-0.0137808
3.31645e-06,-0.01378469
3.3165e-06,-0.01374974
3.31655e-06,-0.01366821
3.3166e-06,-0.01355174
3.31665e-06,-0.01344109
3.3167e-06,-0.01341391
3.31675e-06,-0.01347991
3.3168e-06,-0.01354009
3.31685e-06,-0.01349933
3.3169e-06,-0.0134275
3.31695e-06,-0.01345274
3.317e-06,-0.01356533
3.31705e-06,-0.01361386
3.3171e-06,-0.01353815
3.31715e-06,-0.01347021
3.3172e-06,-0.01355368
3.31725e-06,-0.01373227
3.3173e-06,-0.01380604
3.31735e-06,-0.01369539
3.3174e-06,-0.01353427
3.31745e-06,-0.01350127
3.3175e-06,-0.0135925
3.31755e-06,-0.0136721
3.3176e-06,-0.01363521
3.31765e-06,-0.01350903
3.3177e-06,-0.01340032
3.31775e-06,-0.01341003
3.3178e-06,-0.01353815
3.31785e-06,-0.01367792
3.3179e-06,-0.0137148
3.31795e-06,-0.0136488
3.318e-06,-0.0135828
3.31805e-06,-0.01359056
3.3181e-06,-0.01363521
3.31815e-06,-0.01364104
3.3182e-06,-0.0135925
3.31825e-06,-0.01353233
3.3183e-06,-0.01348574
3.31835e-06,-0.01345468
3.3184e-06,-0.01344497
3.31845e-06,-0.01346438
3.3185e-06,-0.01349738
3.31855e-06,-0.01353039
3.3186e-06,-0.01357892
3.31865e-06,-0.01364492
3.3187e-06,-0.01368762
3.31875e-06,-0.01365657
3.3188e-06,-0.01358086
3.31885e-06,-0.01354592
3.3189e-06,-0.01357892
3.31895e-06,-0.0136158
3.319e-06,-0.01360609
3.31905e-06,-0.01357309
3.3191e-06,-0.01354203
3.31915e-06,-0.01348962
3.3192e-06,-0.01340032
3.31925e-06,-0.01334791
3.3193e-06,-0.01341585
3.31935e-06,-0.01356144
3.3194e-06,-0.01364686
3.31945e-06,-0.01360609
3.3195e-06,-0.0135168
3.31955e-06,-0.01350709
3.3196e-06,-0.0135828
3.31965e-06,-0.01364298
3.3197e-06,-0.01359445
3.31975e-06,-0.01345079
3.3198e-06,-0.01331491
3.31985e-06,-0.0132722
3.3199e-06,-0.01330908
3.31995e-06,-0.01334209
3.32e-06,-0.01332656
3.32005e-06,-0.01331685
3.3201e-06,-0.01338091
3.32015e-06,-0.01352068
3.3202e-06,-0.01366433
3.32025e-06,-0.01373421
3.3203e-06,-0.01369151
3.32035e-06,-0.01356533
3.3204e-06,-0.01343915
3.32045e-06,-0.01338868
3.3205e-06,-0.01342362
3.32055e-06,-0.0134605
3.3206e-06,-0.01342362
3.32065e-06,-0.01333432
3.3207e-06,-0.01329355
3.32075e-06,-0.01334597
3.3208e-06,-0.01342556
3.32085e-06,-0.01346244
3.3209e-06,-0.0134605
3.32095e-06,-0.0134605
3.321e-06,-0.01347797
3.32105e-06,-0.01349933
3.3211e-06,-0.01352844
3.32115e-06,-0.01357115
3.3212e-06,-0.01359445
3.32125e-06,-0.01355756
3.3213e-06,-0.01345662
3.32135e-06,-0.0133615
3.3214e-06,-0.0133285
3.32145e-06,-0.01334403
3.3215e-06,-0.01335567
3.32155e-06,-0.01335762
3.3216e-06,-0.01341003
3.32165e-06,-0.01351097
3.3217e-06,-0.01355756
3.32175e-06,-0.01347215
3.3218e-06,-0.01333432
3.32185e-06,-0.01330714
3.3219e-06,-0.01342362
3.32195e-06,-0.01353427
3.322e-06,-0.0134935
3.32205e-06,-0.01335762
3.3221e-06,-0.01327803
3.32215e-06,-0.01328385
3.3222e-06,-0.01326638
3.32225e-06,-0.01319067
3.3223e-06,-0.0131829
3.32235e-06,-0.01334597
3.3224e-06,-0.0135595
3.32245e-06,-0.01360803
3.3225e-06,-0.01346827
3.32255e-06,-0.01335179
3.3226e-06,-0.01340615
3.32265e-06,-0.01353815
3.3227e-06,-0.0135595
3.32275e-06,-0.01344497
3.3228e-06,-0.01334791
3.32285e-06,-0.01337509
3.3229e-06,-0.01345468
3.32295e-06,-0.01346244
3.323e-06,-0.01340032
3.32305e-06,-0.01336538
3.3231e-06,-0.01339644
3.32315e-06,-0.01341585
3.3232e-06,-0.01338868
3.32325e-06,-0.01339838
3.3233e-06,-0.01351291
3.32335e-06,-0.01365462
3.3234e-06,-0.01368957
3.32345e-06,-0.01359833
3.3235e-06,-0.01349544
3.32355e-06,-0.0134838
3.3236e-06,-0.01354592
3.32365e-06,-0.01357892
3.3237e-06,-0.01350709
3.32375e-06,-0.01336344
3.3238e-06,-0.01326832
3.32385e-06,-0.01332461
3.3239e-06,-0.01350321
3.32395e-06,-0.01366239
3.324e-06,-0.01368957
3.32405e-06,-0.01360609
3.3241e-06,-0.01353427
3.32415e-06,-0.01354009
3.3242e-06,-0.01356339
3.32425e-06,-0.01353233
3.3243e-06,-0.01347409
3.32435e-06,-0.01346244
3.3244e-06,-0.01348574
3.32445e-06,-0.01343721
3.3245e-06,-0.01329938
3.32455e-06,-0.01320038
3.3246e-06,-0.01326055
3.32465e-06,-0.01343138
3.3247e-06,-0.0135498
3.32475e-06,-0.01354786
3.3248e-06,-0.01352262
3.32485e-06,-0.01357892
3.3249e-06,-0.01368762
3.32495e-06,-0.01371868
3.325e-06,-0.01362356
3.32505e-06,-0.01347603
3.3251e-06,-0.01336926
3.32515e-06,-0.0133285
3.3252e-06,-0.01332461
3.32525e-06,-0.01333432
3.3253e-06,-0.01334597
3.32535e-06,-0.0133615
3.3254e-06,-0.01338479
3.32545e-06,-0.01340809
3.3255e-06,-0.01342168
3.32555e-06,-0.01343526
3.3256e-06,-0.01349156
3.32565e-06,-0.01358668
3.3257e-06,-0.01365074
3.32575e-06,-0.01361386
3.3258e-06,-0.01350709
3.32585e-06,-0.01341197
3.3259e-06,-0.01336732
3.32595e-06,-0.01335179
3.326e-06,-0.01333432
3.32605e-06,-0.01330326
3.3261e-06,-0.01328385
3.32615e-06,-0.01331685
3.3262e-06,-0.01340615
3.32625e-06,-0.01350127
3.3263e-06,-0.01354009
3.32635e-06,-0.01353427
3.3264e-06,-0.01355756
3.32645e-06,-0.01365268
3.3265e-06,-0.0137381
3.32655e-06,-0.01368374
3.3266e-06,-0.01345468
3.32665e-06,-0.01318679
3.3267e-06,-0.01310526
3.32675e-06,-0.01328967
3.3268e-06,-0.01355562
3.32685e-06,-0.01362939
3.3269e-06,-0.01346438
3.32695e-06,-0.01329744
3.327e-06,-0.01335373
3.32705e-06,-0.0135498
3.3271e-06,-0.01361774
3.32715e-06,-0.01347409
3.3272e-06,-0.01333238
3.32725e-06,-0.01340615
3.3273e-06,-0.01362162
3.32735e-06,-0.01371286
3.3274e-06,-0.01357697
3.32745e-06,-0.01337897
3.3275e-06,-0.01331297
3.32755e-06,-0.01336926
3.3276e-06,-0.01341003
3.32765e-06,-0.0133712
3.3277e-06,-0.01333044
3.32775e-06,-0.01336926
3.3278e-06,-0.01348185
3.32785e-06,-0.01356339
3.3279e-06,-0.01353621
3.32795e-06,-0.01344497
3.328e-06,-0.01341973
3.32805e-06,-0.01350515
3.3281e-06,-0.01360803
3.32815e-06,-0.01361192
3.3282e-06,-0.0135168
3.32825e-06,-0.01340421
3.3283e-06,-0.01334014
3.32835e-06,-0.01334791
3.3284e-06,-0.0134275
3.32845e-06,-0.01354397
3.3285e-06,-0.01361192
3.32855e-06,-0.01356144
3.3286e-06,-0.01345079
3.32865e-06,-0.01341779
3.3287e-06,-0.01352068
3.32875e-06,-0.01363909
3.3288e-06,-0.01361774
3.32885e-06,-0.01347021
3.3289e-06,-0.01336538
3.32895e-06,-0.01340615
3.329e-06,-0.01351486
3.32905e-06,-0.01353039
3.3291e-06,-0.01341973
3.32915e-06,-0.01333044
3.3292e-06,-0.01340809
3.32925e-06,-0.01360027
3.3293e-06,-0.01370121
3.32935e-06,-0.01361386
3.3294e-06,-0.01349738
3.32945e-06,-0.01355174
3.3295e-06,-0.01372839
3.32955e-06,-0.01376722
3.3296e-06,-0.01356144
3.32965e-06,-0.01332656
3.3297e-06,-0.01329744
3.32975e-06,-0.01343332
3.3298e-06,-0.01350127
3.32985e-06,-0.01342362
3.3299e-06,-0.01333626
3.32995e-06,-0.01338091
3.33e-06,-0.01352068
3.33005e-06,-0.01362745
3.3301e-06,-0.01362939
3.33015e-06,-0.01356144
3.3302e-06,-0.0134935
3.33025e-06,-0.01347409
3.3303e-06,-0.01351874
3.33035e-06,-0.01358668
3.3304e-06,-0.0136158
3.33045e-06,-0.01355756
3.3305e-06,-0.01342944
3.33055e-06,-0.01331297
3.3306e-06,-0.01327414
3.33065e-06,-0.01330714
3.3307e-06,-0.01334597
3.33075e-06,-0.01334209
3.3308e-06,-0.01331297
3.33085e-06,-0.01333432
3.3309e-06,-0.01345662
3.33095e-06,-0.01360609
3.331e-06,-0.01365462
3.33105e-06,-0.01357503
3.3311e-06,-0.01347797
3.33115e-06,-0.01347603
3.3312e-06,-0.01355368
3.33125e-06,-0.0136158
3.3313e-06,-0.01360027
3.33135e-06,-0.01350903
3.3314e-06,-0.01338673
3.33145e-06,-0.01328385
3.3315e-06,-0.01324114
3.33155e-06,-0.01327026
3.3316e-06,-0.01337897
3.33165e-06,-0.01355368
3.3317e-06,-0.01372451
3.33175e-06,-0.0137711
3.3318e-06,-0.01365657
3.33185e-06,-0.01352262
3.3319e-06,-0.01354203
3.33195e-06,-0.01366627
3.332e-06,-0.01368762
3.33205e-06,-0.01351874
3.3321e-06,-0.01334403
3.33215e-06,-0.01335762
3.3322e-06,-0.01351291
3.33225e-06,-0.01360027
3.3323e-06,-0.01354203
3.33235e-06,-0.01346632
3.3324e-06,-0.01351291
3.33245e-06,-0.01366821
3.3325e-06,-0.01380022
3.33255e-06,-0.01381186
3.3326e-06,-0.01372063
3.33265e-06,-0.01362551
3.3327e-06,-0.01359639
3.33275e-06,-0.01362356
3.3328e-06,-0.01363521
3.33285e-06,-0.01356921
3.3329e-06,-0.01345856
3.33295e-06,-0.01339644
3.333e-06,-0.01342556
3.33305e-06,-0.01350709
3.3331e-06,-0.0135828
3.33315e-06,-0.01364492
3.3332e-06,-0.01370121
3.33325e-06,-0.01372645
3.3333e-06,-0.01371286
3.33335e-06,-0.01369927
3.3334e-06,-0.01371286
3.33345e-06,-0.01369927
3.3335e-06,-0.0135925
3.33355e-06,-0.01344497
3.3336e-06,-0.01340421
3.33365e-06,-0.01353621
3.3337e-06,-0.01370121
3.33375e-06,-0.01371092
3.3338e-06,-0.01356339
3.33385e-06,-0.01346438
3.3339e-06,-0.01357309
3.33395e-06,-0.01379051
3.334e-06,-0.01388951
3.33405e-06,-0.01379828
3.3341e-06,-0.01366433
3.33415e-06,-0.01364686
3.3342e-06,-0.01372257
3.33425e-06,-0.01374974
3.3343e-06,-0.01366821
3.33435e-06,-0.01356727
3.3344e-06,-0.0135498
3.33445e-06,-0.01358862
3.3345e-06,-0.01358668
3.33455e-06,-0.01351874
3.3346e-06,-0.01348185
3.33465e-06,-0.01353621
3.3347e-06,-0.01360027
3.33475e-06,-0.01357892
3.3348e-06,-0.01353621
3.33485e-06,-0.01360803
3.3349e-06,-0.01376722
3.33495e-06,-0.01383128
3.335e-06,-0.01369539
3.33505e-06,-0.01347409
3.3351e-06,-0.01335373
3.33515e-06,-0.0133712
3.3352e-06,-0.01341585
3.33525e-06,-0.0133945
3.3353e-06,-0.01335762
3.33535e-06,-0.01342362
3.3354e-06,-0.01358668
3.33545e-06,-0.01369345
3.3355e-06,-0.01364104
3.33555e-06,-0.01352456
3.3356e-06,-0.01351291
3.33565e-06,-0.01360415
3.3357e-06,-0.01364686
3.33575e-06,-0.0135595
3.3358e-06,-0.01344303
3.33585e-06,-0.01341973
3.3359e-06,-0.01345468
3.33595e-06,-0.01340809
3.336e-06,-0.01327803
3.33605e-06,-0.01323144
3.3361e-06,-0.01335373
3.33615e-06,-0.0134935
3.3362e-06,-0.01347797
3.33625e-06,-0.01337897
3.3363e-06,-0.01339062
3.33635e-06,-0.01351097
3.3364e-06,-0.01354592
3.33645e-06,-0.0134275
3.3365e-06,-0.0133382
3.33655e-06,-0.01343332
3.3366e-06,-0.01359639
3.33665e-06,-0.01357115
3.3367e-06,-0.01331685
3.33675e-06,-0.01306837
3.3368e-06,-0.01306449
3.33685e-06,-0.01326832
3.3369e-06,-0.01345079
3.33695e-06,-0.01345856
3.337e-06,-0.0133615
3.33705e-06,-0.01332656
3.3371e-06,-0.01340421
3.33715e-06,-0.01349933
3.3372e-06,-0.01349933
3.33725e-06,-0.01340615
3.3373e-06,-0.01330326
3.33735e-06,-0.01325473
3.3374e-06,-0.01326055
3.33745e-06,-0.01328967
3.3375e-06,-0.0133052
3.33755e-06,-0.01327026
3.3376e-06,-0.01319843
3.33765e-06,-0.01317126
3.3377e-06,-0.01326055
3.33775e-06,-0.01342556
3.3378e-06,-0.01352844
3.33785e-06,-0.01346632
3.3379e-06,-0.01329161
3.33795e-06,-0.01317126
3.338e-06,-0.01319649
3.33805e-06,-0.01330132
3.3381e-06,-0.01335373
3.33815e-06,-0.01332656
3.3382e-06,-0.01330714
3.33825e-06,-0.01336344
3.3383e-06,-0.01343721
3.33835e-06,-0.01342944
3.3384e-06,-0.01334209
3.33845e-06,-0.01328579
3.3385e-06,-0.01332073
3.33855e-06,-0.01338673
3.3386e-06,-0.01339256
3.33865e-06,-0.01334985
3.3387e-06,-0.01334014
3.33875e-06,-0.01337509
3.3388e-06,-0.01337897
3.33885e-06,-0.01330132
3.3389e-06,-0.01321785
3.33895e-06,-0.01322949
3.339e-06,-0.01331879
3.33905e-06,-0.01337703
3.3391e-06,-0.01334209
3.33915e-06,-0.01327803
3.3392e-06,-0.01327608
3.33925e-06,-0.01335373
3.3393e-06,-0.01344109
3.33935e-06,-0.01346632
3.3394e-06,-0.01342362
3.33945e-06,-0.01337315
3.3395e-06,-0.0133615
3.33955e-06,-0.01339062
3.3396e-06,-0.01343332
3.33965e-06,-0.01344497
3.3397e-06,-0.01336732
3.33975e-06,-0.01319455
3.3398e-06,-0.01303925
3.33985e-06,-0.01302566
3.3399e-06,-0.01310526
3.33995e-06,-0.01311496
3.34e-06,-0.0130509
3.34005e-06,-0.01309167
3.3401e-06,-0.01331685
3.34015e-06,-0.01354397
3.3402e-06,-0.01357503
3.34025e-06,-0.0134605
3.3403e-06,-0.0133945
3.34035e-06,-0.01343138
3.3404e-06,-0.01345856
3.34045e-06,-0.01339838
3.3405e-06,-0.01331685
3.34055e-06,-0.01329938
3.3406e-06,-0.01332656
3.34065e-06,-0.01331685
3.3407e-06,-0.01324697
3.34075e-06,-0.01318679
3.3408e-06,-0.0132062
3.34085e-06,-0.01329355
3.3409e-06,-0.01335179
3.34095e-06,-0.01330326
3.341e-06,-0.01319067
3.34105e-06,-0.01313826
3.3411e-06,-0.01321202
3.34115e-06,-0.01333044
3.3412e-06,-0.01335567
3.34125e-06,-0.01326444
3.3413e-06,-0.01317708
3.34135e-06,-0.01318485
3.3414e-06,-0.01321785
3.34145e-06,-0.0131829
3.3415e-06,-0.01313437
3.34155e-06,-0.01318679
3.3416e-06,-0.01330132
3.34165e-06,-0.01331103
3.3417e-06,-0.01318485
3.34175e-06,-0.0131072
3.3418e-06,-0.01321008
3.34185e-06,-0.01336538
3.3419e-06,-0.01336732
3.34195e-06,-0.01321785
3.342e-06,-0.01310137
3.34205e-06,-0.01310526
3.3421e-06,-0.01311884
3.34215e-06,-0.01302178
3.3422e-06,-0.01287231
3.34225e-06,-0.01283542
3.3423e-06,-0.01296937
3.34235e-06,-0.01316349
3.3424e-06,-0.01327608
3.34245e-06,-0.01328967
3.3425e-06,-0.01328191
3.34255e-06,-0.01331491
3.3426e-06,-0.01337509
3.34265e-06,-0.01342944
3.3427e-06,-0.01343138
3.34275e-06,-0.01335956
3.3428e-06,-0.01325861
3.34285e-06,-0.01322561
3.3429e-06,-0.01328773
3.34295e-06,-0.01334209
3.343e-06,-0.01328773
3.34305e-06,-0.0131732
3.3431e-06,-0.01313243
3.34315e-06,-0.01321202
3.3432e-06,-0.01332267
3.34325e-06,-0.01338285
3.3433e-06,-0.01341197
3.34335e-06,-0.01347797
3.3434e-06,-0.01355174
3.34345e-06,-0.01351291
3.3435e-06,-0.01332267
3.34355e-06,-0.01313243
3.3436e-06,-0.01312661
3.34365e-06,-0.0132722
3.3437e-06,-0.01335567
3.34375e-06,-0.01327803
3.3438e-06,-0.01317902
3.34385e-06,-0.01322367
3.3439e-06,-0.0133615
3.34395e-06,-0.01341003
3.344e-06,-0.01332461
3.34405e-06,-0.01326055
3.3441e-06,-0.01334014
3.34415e-06,-0.01347409
3.3442e-06,-0.01350127
3.34425e-06,-0.01341585
3.3443e-06,-0.01335373
3.34435e-06,-0.01340032
3.3444e-06,-0.01347021
3.34445e-06,-0.01344885
3.3445e-06,-0.01334014
3.34455e-06,-0.01325279
3.3446e-06,-0.0132625
3.34465e-06,-0.01334597
3.3447e-06,-0.01343332
3.34475e-06,-0.01347215
3.3448e-06,-0.01345662
3.34485e-06,-0.0134275
3.3449e-06,-0.01343526
3.34495e-06,-0.01349738
3.345e-06,-0.01354592
3.34505e-06,-0.01349544
3.3451e-06,-0.01335762
3.34515e-06,-0.01325473
3.3452e-06,-0.01329744
3.34525e-06,-0.01342168
3.3453e-06,-0.01344885
3.34535e-06,-0.01331685
3.3454e-06,-0.01319649
3.34545e-06,-0.01326444
3.3455e-06,-0.01345662
3.34555e-06,-0.01353233
3.3456e-06,-0.01339644
3.34565e-06,-0.01322949
3.3457e-06,-0.01324114
3.34575e-06,-0.01339838
3.3458e-06,-0.01348185
3.34585e-06,-0.01338285
3.3459e-06,-0.01321396
3.34595e-06,-0.01314214
3.346e-06,-0.01319455
3.34605e-06,-0.01326832
3.3461e-06,-0.01327803
3.34615e-06,-0.01322173
3.3462e-06,-0.01316349
3.34625e-06,-0.0131732
3.3463e-06,-0.0132722
3.34635e-06,-0.01339062
3.3464e-06,-0.0134275
3.34645e-06,-0.0133712
3.3465e-06,-0.01331103
3.34655e-06,-0.01331297
3.3466e-06,-0.01335373
3.34665e-06,-0.01336344
3.3467e-06,-0.0133052
3.34675e-06,-0.01319649
3.3468e-06,-0.01310137
3.34685e-06,-0.01309167
3.3469e-06,-0.01318485
3.34695e-06,-0.01330326
3.347e-06,-0.0133382
3.34705e-06,-0.01327803
3.3471e-06,-0.01322173
3.34715e-06,-0.0132625
3.3472e-06,-0.01335956
3.34725e-06,-0.01339838
3.3473e-06,-0.01334597
3.34735e-06,-0.01327026
3.3474e-06,-0.0132392
3.34745e-06,-0.0132392
3.3475e-06,-0.01322367
3.34755e-06,-0.01318096
3.3476e-06,-0.01314602
3.34765e-06,-0.01314408
3.3477e-06,-0.01316932
3.34775e-06,-0.01321008
3.3478e-06,-0.01327414
3.34785e-06,-0.01337509
3.3479e-06,-0.01345856
3.34795e-06,-0.01344885
3.348e-06,-0.01334209
3.34805e-06,-0.01321785
3.3481e-06,-0.01313826
3.34815e-06,-0.0130839
3.3482e-06,-0.01304119
3.34825e-06,-0.0130509
3.3483e-06,-0.0131169
3.34835e-06,-0.01315184
3.3484e-06,-0.01308778
3.34845e-06,-0.01298878
3.3485e-06,-0.01297908
3.34855e-06,-0.01309555
3.3486e-06,-0.01325861
3.34865e-06,-0.01338091
3.3487e-06,-0.01343332
3.34875e-06,-0.01344109
3.3488e-06,-0.01343332
3.34885e-06,-0.01341391
3.3489e-06,-0.01335179
3.34895e-06,-0.01322755
3.349e-06,-0.01308778
3.34905e-06,-0.01300625
3.3491e-06,-0.0130179
3.34915e-06,-0.01308973
3.3492e-06,-0.01317514
3.34925e-06,-0.01325667
3.3493e-06,-0.01331491
3.34935e-06,-0.01332073
3.3494e-06,-0.01327803
3.34945e-06,-0.01324891
3.3495e-06,-0.01330132
3.34955e-06,-0.01341779
3.3496e-06,-0.01349544
3.34965e-06,-0.01343332
3.3497e-06,-0.01325861
3.34975e-06,-0.01312273
3.3498e-06,-0.0131499
3.34985e-06,-0.01330908
3.3499e-06,-0.01344303
3.34995e-06,-0.01343526
3.35e-06,-0.01331879
3.35005e-06,-0.01321979
3.3501e-06,-0.01322367
3.35015e-06,-0.0133052
3.3502e-06,-0.01337509
3.35025e-06,-0.01337703
3.3503e-06,-0.01334597
3.35035e-06,-0.01333626
3.3504e-06,-0.01335179
3.35045e-06,-0.01335762
3.3505e-06,-0.01332073
3.35055e-06,-0.01326832
3.3506e-06,-0.01323144
3.35065e-06,-0.01321202
3.3507e-06,-0.01319649
3.35075e-06,-0.01319067
3.3508e-06,-0.01322561
3.35085e-06,-0.01331103
3.3509e-06,-0.01341585
3.35095e-06,-0.01347797
3.351e-06,-0.01345079
3.35105e-06,-0.01336732
3.3511e-06,-0.01331879
3.35115e-06,-0.01333432
3.3512e-06,-0.01334014
3.35125e-06,-0.01326444
3.3513e-06,-0.01316155
3.35135e-06,-0.0131499
3.3514e-06,-0.01325861
3.35145e-06,-0.01336926
3.3515e-06,-0.0133712
3.35155e-06,-0.01330132
3.3516e-06,-0.01327997
3.35165e-06,-0.0133382
3.3517e-06,-0.01339838
3.35175e-06,-0.01340809
3.3518e-06,-0.01342944
3.35185e-06,-0.01352844
3.3519e-06,-0.01366433
3.35195e-06,-0.01372451
3.352e-06,-0.01364686
3.35205e-06,-0.01347215
3.3521e-06,-0.01331297
3.35215e-06,-0.01325473
3.3522e-06,-0.01329938
3.35225e-06,-0.01338479
3.3523e-06,-0.01344109
3.35235e-06,-0.01345662
3.3524e-06,-0.01346827
3.35245e-06,-0.01350127
3.3525e-06,-0.01353427
3.35255e-06,-0.01353815
3.3526e-06,-0.01350709
3.35265e-06,-0.01345856
3.3527e-06,-0.01340032
3.35275e-06,-0.01334597
3.3528e-06,-0.01334791
3.35285e-06,-0.01343915
3.3529e-06,-0.0135498
3.35295e-06,-0.01356339
3.353e-06,-0.01345856
3.35305e-06,-0.01333626
3.3531e-06,-0.01328385
3.35315e-06,-0.01328385
3.3532e-06,-0.01332656
3.35325e-06,-0.0134605
3.3533e-06,-0.0136721
3.35335e-06,-0.01378857
3.3534e-06,-0.01366821
3.35345e-06,-0.01343526
3.3535e-06,-0.01335762
3.35355e-06,-0.01349738
3.3536e-06,-0.01363327
3.35365e-06,-0.01357115
3.3537e-06,-0.0133945
3.35375e-06,-0.01332461
3.3538e-06,-0.01341197
3.35385e-06,-0.01350321
3.3539e-06,-0.01346632
3.35395e-06,-0.01337315
3.354e-06,-0.01336926
3.35405e-06,-0.0134838
3.3541e-06,-0.01361386
3.35415e-06,-0.01365462
3.3542e-06,-0.01360027
3.35425e-06,-0.01350127
3.3543e-06,-0.01341779
3.35435e-06,-0.01339256
3.3544e-06,-0.01341779
3.35445e-06,-0.01343526
3.3545e-06,-0.0133945
3.35455e-06,-0.01334014
3.3546e-06,-0.01335762
3.35465e-06,-0.01345468
3.3547e-06,-0.01354786
3.35475e-06,-0.01356339
3.3548e-06,-0.0135265
3.35485e-06,-0.01348574
3.3549e-06,-0.01345079
3.35495e-06,-0.01341197
3.355e-06,-0.01340032
3.35505e-06,-0.01343526
3.3551e-06,-0.01347603
3.35515e-06,-0.01345856
3.3552e-06,-0.0133945
3.35525e-06,-0.01336926
3.3553e-06,-0.01344109
3.35535e-06,-0.01355174
3.3554e-06,-0.01359445
3.35545e-06,-0.01353427
3.3555e-06,-0.01344885
3.35555e-06,-0.01342362
3.3556e-06,-0.01347215
3.35565e-06,-0.01354397
3.3557e-06,-0.01357892
3.35575e-06,-0.01354786
3.3558e-06,-0.01348768
3.35585e-06,-0.01347215
3.3559e-06,-0.0135265
3.35595e-06,-0.01356921
3.356e-06,-0.01349933
3.35605e-06,-0.01334403
3.3561e-06,-0.01326444
3.35615e-06,-0.01335179
3.3562e-06,-0.01351486
3.35625e-06,-0.01361774
3.3563e-06,-0.01362551
3.35635e-06,-0.01360221
3.3564e-06,-0.01359445
3.35645e-06,-0.01358862
3.3565e-06,-0.01357309
3.35655e-06,-0.01353621
3.3566e-06,-0.01344885
3.35665e-06,-0.01329938
3.3567e-06,-0.01315379
3.35675e-06,-0.01310331
3.3568e-06,-0.01316155
3.35685e-06,-0.0132722
3.3569e-06,-0.01336344
3.35695e-06,-0.01341779
3.357e-06,-0.01343332
3.35705e-06,-0.01339838
3.3571e-06,-0.01334014
3.35715e-06,-0.0133382
3.3572e-06,-0.01344885
3.35725e-06,-0.01359445
3.3573e-06,-0.01364104
3.35735e-06,-0.0135595
3.3574e-06,-0.01345274
3.35745e-06,-0.01340226
3.3575e-06,-0.01336344
3.35755e-06,-0.01326638
3.3576e-06,-0.0131829
3.35765e-06,-0.01323532
3.3577e-06,-0.01339256
3.35775e-06,-0.01347215
3.3578e-06,-0.01338673
3.35785e-06,-0.01328967
3.3579e-06,-0.01335179
3.35795e-06,-0.01352456
3.358e-06,-0.01359639
3.35805e-06,-0.01348768
3.3581e-06,-0.01335567
3.35815e-06,-0.0133712
3.3582e-06,-0.01349738
3.35825e-06,-0.01354786
3.3583e-06,-0.01343526
3.35835e-06,-0.01327803
3.3584e-06,-0.0132392
3.35845e-06,-0.01334403
3.3585e-06,-0.01345079
3.35855e-06,-0.01343332
3.3586e-06,-0.01332656
3.35865e-06,-0.01327414
3.3587e-06,-0.01334985
3.35875e-06,-0.01345468
3.3588e-06,-0.01347021
3.35885e-06,-0.01340421
3.3589e-06,-0.01336538
3.35895e-06,-0.01340032
3.359e-06,-0.01343721
3.35905e-06,-0.01339256
3.3591e-06,-0.01328191
3.35915e-06,-0.01321591
3.3592e-06,-0.01328385
3.35925e-06,-0.01346438
3.3593e-06,-0.01363715
3.35935e-06,-0.01368568
3.3594e-06,-0.01361386
3.35945e-06,-0.01352262
3.3595e-06,-0.01349933
3.35955e-06,-0.01351486
3.3596e-06,-0.0134935
3.35965e-06,-0.01343526
3.3597e-06,-0.01342362
3.35975e-06,-0.01348185
3.3598e-06,-0.01350903
3.35985e-06,-0.01342944
3.3599e-06,-0.01331103
3.35995e-06,-0.01328773
3.36e-06,-0.01337315
3.36005e-06,-0.01345662
3.3601e-06,-0.01347021
3.36015e-06,-0.01345274
3.3602e-06,-0.01346438
3.36025e-06,-0.01350321
3.3603e-06,-0.01352262
3.36035e-06,-0.01349544
3.3604e-06,-0.01344109
3.36045e-06,-0.01341197
3.3605e-06,-0.01343915
3.36055e-06,-0.01350127
3.3606e-06,-0.01353621
3.36065e-06,-0.01350709
3.3607e-06,-0.01343138
3.36075e-06,-0.01335956
3.3608e-06,-0.0133382
3.36085e-06,-0.01340226
3.3609e-06,-0.01354203
3.36095e-06,-0.01366627
3.361e-06,-0.01367015
3.36105e-06,-0.01355756
3.3611e-06,-0.01344303
3.36115e-06,-0.01340615
3.3612e-06,-0.01340421
3.36125e-06,-0.01335762
3.3613e-06,-0.01327414
3.36135e-06,-0.01324502
3.3614e-06,-0.01330132
3.36145e-06,-0.01338673
3.3615e-06,-0.01343721
3.36155e-06,-0.01345662
3.3616e-06,-0.01347991
3.36165e-06,-0.01349156
3.3617e-06,-0.01345662
3.36175e-06,-0.01338479
3.3618e-06,-0.0133285
3.36185e-06,-0.01331879
3.3619e-06,-0.01334014
3.36195e-06,-0.01335956
3.362e-06,-0.01336538
3.36205e-06,-0.01335179
3.3621e-06,-0.01330326
3.36215e-06,-0.01323726
3.3622e-06,-0.01322367
3.36225e-06,-0.01332073
3.3623e-06,-0.01348574
3.36235e-06,-0.01359833
3.3624e-06,-0.01358862
3.36245e-06,-0.0134935
3.3625e-06,-0.01340421
3.36255e-06,-0.01335956
3.3626e-06,-0.01335373
3.36265e-06,-0.01337897
3.3627e-06,-0.0134275
3.36275e-06,-0.01345856
3.3628e-06,-0.0134275
3.36285e-06,-0.0133382
3.3629e-06,-0.01323532
3.36295e-06,-0.01315767
3.363e-06,-0.01315184
3.36305e-06,-0.01324697
3.3631e-06,-0.01337897
3.36315e-06,-0.01340421
3.3632e-06,-0.01328191
3.36325e-06,-0.01318485
3.3633e-06,-0.0132955
3.36335e-06,-0.01352068
3.3634e-06,-0.01358474
3.36345e-06,-0.01341003
3.3635e-06,-0.01321396
3.36355e-06,-0.01318485
3.3636e-06,-0.01324502
3.36365e-06,-0.01321591
3.3637e-06,-0.01309555
3.36375e-06,-0.01303149
3.3638e-06,-0.01309555
3.36385e-06,-0.01321202
3.3639e-06,-0.01325473
3.36395e-06,-0.01319649
3.364e-06,-0.01311496
3.36405e-06,-0.01310137
3.3641e-06,-0.01315184
3.36415e-06,-0.01317126
3.3642e-06,-0.01310914
3.36425e-06,-0.01304119
3.3643e-06,-0.01308002
3.36435e-06,-0.01320426
3.3644e-06,-0.01325667
3.36445e-06,-0.01313632
3.3645e-06,-0.0129519
3.36455e-06,-0.01292472
3.3646e-06,-0.01312273
3.36465e-06,-0.01334403
3.3647e-06,-0.01335373
3.36475e-06,-0.01319649
3.3648e-06,-0.01312467
3.36485e-06,-0.01323726
3.3649e-06,-0.01334985
3.36495e-06,-0.01329355
3.365e-06,-0.01313826
3.36505e-06,-0.01305478
3.3651e-06,-0.01308002
3.36515e-06,-0.01312855
3.3652e-06,-0.01314214
3.36525e-06,-0.01315573
3.3653e-06,-0.01320814
3.36535e-06,-0.01326444
3.3654e-06,-0.01327026
3.36545e-06,-0.01325473
3.3655e-06,-0.01330132
3.36555e-06,-0.01341779
3.3656e-06,-0.01349933
3.36565e-06,-0.01346632
3.3657e-06,-0.01338673
3.36575e-06,-0.01335567
3.3658e-06,-0.01336344
3.36585e-06,-0.0133285
3.3659e-06,-0.01325085
3.36595e-06,-0.01320232
3.366e-06,-0.01322755
3.36605e-06,-0.01328191
3.3661e-06,-0.01330908
3.36615e-06,-0.01331103
3.3662e-06,-0.0133285
3.36625e-06,-0.0133945
3.3663e-06,-0.0134935
3.36635e-06,-0.01356727
3.3664e-06,-0.01356727
3.36645e-06,-0.01350321
3.3665e-06,-0.01342944
3.36655e-06,-0.01339062
3.3666e-06,-0.01337897
3.36665e-06,-0.01336926
3.3667e-06,-0.01335179
3.36675e-06,-0.01334209
3.3668e-06,-0.01333432
3.36685e-06,-0.01331491
3.3669e-06,-0.01328773
3.36695e-06,-0.01327803
3.367e-06,-0.01331297
3.36705e-06,-0.01339062
3.3671e-06,-0.01345856
3.36715e-06,-0.0134605
3.3672e-06,-0.01341585
3.36725e-06,-0.01341197
3.3673e-06,-0.01348185
3.36735e-06,-0.01352456
3.3674e-06,-0.01342556
3.36745e-06,-0.01325085
3.3675e-06,-0.01319261
3.36755e-06,-0.01334403
3.3676e-06,-0.01356144
3.36765e-06,-0.01363909
3.3677e-06,-0.01353621
3.36775e-06,-0.01340809
3.3678e-06,-0.01339644
3.36785e-06,-0.01346632
3.3679e-06,-0.01348185
3.36795e-06,-0.01340421
3.368e-06,-0.01332656
3.36805e-06,-0.01334985
3.3681e-06,-0.01343138
3.36815e-06,-0.01344691
3.3682e-06,-0.01333626
3.36825e-06,-0.01318485
3.3683e-06,-0.01313632
3.36835e-06,-0.01324114
3.3684e-06,-0.01339644
3.36845e-06,-0.01345468
3.3685e-06,-0.01339062
3.36855e-06,-0.0133285
3.3686e-06,-0.01339062
3.36865e-06,-0.01356339
3.3687e-06,-0.01371674
3.36875e-06,-0.01372451
3.3688e-06,-0.01360609
3.36885e-06,-0.01347021
3.3689e-06,-0.0133945
3.36895e-06,-0.0133615
3.369e-06,-0.01332461
3.36905e-06,-0.01328191
3.3691e-06,-0.01325473
3.36915e-06,-0.01324502
3.3692e-06,-0.01326055
3.36925e-06,-0.01331297
3.3693e-06,-0.01339062
3.36935e-06,-0.01344691
3.3694e-06,-0.01344497
3.36945e-06,-0.01338479
3.3695e-06,-0.0133052
3.36955e-06,-0.01323532
3.3696e-06,-0.01319455
3.36965e-06,-0.01319261
3.3697e-06,-0.01322367
3.36975e-06,-0.01325473
3.3698e-06,-0.01325861
3.36985e-06,-0.01324697
3.3699e-06,-0.01327026
3.36995e-06,-0.01334014
3.37e-06,-0.0133945
3.37005e-06,-0.01335567
3.3701e-06,-0.0132625
3.37015e-06,-0.01325473
3.3702e-06,-0.01342168
3.37025e-06,-0.01365268
3.3703e-06,-0.01373033
3.37035e-06,-0.01354786
3.3704e-06,-0.01325085
3.37045e-06,-0.01308973
3.3705e-06,-0.01314408
3.37055e-06,-0.01324502
3.3706e-06,-0.01322561
3.37065e-06,-0.01314214
3.3707e-06,-0.01316932
3.37075e-06,-0.01332267
3.3708e-06,-0.01343915
3.37085e-06,-0.0133945
3.3709e-06,-0.01325473
3.37095e-06,-0.0131732
3.371e-06,-0.0132392
3.37105e-06,-0.01339838
3.3711e-06,-0.01350515
3.37115e-06,-0.01345274
3.3712e-06,-0.01327026
3.37125e-06,-0.01312273
3.3713e-06,-0.01313243
3.37135e-06,-0.01324308
3.3714e-06,-0.01329161
3.37145e-06,-0.01321202
3.3715e-06,-0.0131072
3.37155e-06,-0.01311302
3.3716e-06,-0.01322561
3.37165e-06,-0.01333238
3.3717e-06,-0.01336732
3.37175e-06,-0.01336926
3.3718e-06,-0.01337703
3.37185e-06,-0.0133615
3.3719e-06,-0.01328967
3.37195e-06,-0.01320038
3.372e-06,-0.01315767
3.37205e-06,-0.01317902
3.3721e-06,-0.01321008
3.37215e-06,-0.01319067
3.3722e-06,-0.01313049
3.37225e-06,-0.01313243
3.3723e-06,-0.01326832
3.37235e-06,-0.01343526
3.3724e-06,-0.01345468
3.37245e-06,-0.01330326
3.3725e-06,-0.01316932
3.37255e-06,-0.01320038
3.3726e-06,-0.01330908
3.37265e-06,-0.01333432
3.3727e-06,-0.0132722
3.37275e-06,-0.01325085
3.3728e-06,-0.01330326
3.37285e-06,-0.01333626
3.3729e-06,-0.01328967
3.37295e-06,-0.01323532
3.373e-06,-0.0132625
3.37305e-06,-0.0133382
3.3731e-06,-0.01333238
3.37315e-06,-0.01320814
3.3732e-06,-0.01308002
3.37325e-06,-0.01311884
3.3733e-06,-0.01334985
3.37335e-06,-0.01361192
3.3734e-06,-0.01369151
3.37345e-06,-0.01353233
3.3735e-06,-0.01328191
3.37355e-06,-0.01314796
3.3736e-06,-0.01319649
3.37365e-06,-0.01331685
3.3737e-06,-0.01334209
3.37375e-06,-0.01323144
3.3738e-06,-0.0131169
3.37385e-06,-0.01313437
3.3739e-06,-0.01324697
3.37395e-06,-0.0133052
3.374e-06,-0.01325085
3.37405e-06,-0.01319455
3.3741e-06,-0.01324502
3.37415e-06,-0.01334985
3.3742e-06,-0.0133712
3.37425e-06,-0.01326444
3.3743e-06,-0.01314602
3.37435e-06,-0.01313049
3.3744e-06,-0.01319649
3.37445e-06,-0.01322367
3.3745e-06,-0.0131732
3.37455e-06,-0.01313049
3.3746e-06,-0.01318096
3.37465e-06,-0.01329355
3.3747e-06,-0.01337703
3.37475e-06,-0.0133945
3.3748e-06,-0.01336538
3.37485e-06,-0.01330132
3.3749e-06,-0.01321591
3.37495e-06,-0.01315767
3.375e-06,-0.01317708
3.37505e-06,-0.01325085
3.3751e-06,-0.01327608
3.37515e-06,-0.01319649
3.3752e-06,-0.01309749
3.37525e-06,-0.0131072
3.3753e-06,-0.01323338
3.37535e-06,-0.01335179
3.3754e-06,-0.01337703
3.37545e-06,-0.01335179
3.3755e-06,-0.01336538
3.37555e-06,-0.0134275
3.3756e-06,-0.01347215
3.37565e-06,-0.01345079
3.3757e-06,-0.01336344
3.37575e-06,-0.01325473
3.3758e-06,-0.01319843
3.37585e-06,-0.01324502
3.3759e-06,-0.01333626
3.37595e-06,-0.01334597
3.376e-06,-0.01324114
3.37605e-06,-0.01315573
3.3761e-06,-0.01321008
3.37615e-06,-0.01334597
3.3762e-06,-0.01341779
3.37625e-06,-0.01339644
3.3763e-06,-0.01336344
3.37635e-06,-0.0133615
3.3764e-06,-0.0133712
3.37645e-06,-0.01337703
3.3765e-06,-0.01340032
3.37655e-06,-0.01342556
3.3766e-06,-0.01340421
3.37665e-06,-0.01333238
3.3767e-06,-0.01327608
3.37675e-06,-0.0132955
3.3768e-06,-0.01336926
3.37685e-06,-0.01341585
3.3769e-06,-0.01338673
3.37695e-06,-0.01331491
3.377e-06,-0.0132722
3.37705e-06,-0.01328773
3.3771e-06,-0.01334209
3.37715e-06,-0.01340615
3.3772e-06,-0.0134605
3.37725e-06,-0.01348574
3.3773e-06,-0.01346244
3.37735e-06,-0.01341003
3.3774e-06,-0.01337509
3.37745e-06,-0.01336732
3.3775e-06,-0.01334985
3.37755e-06,-0.01330908
3.3776e-06,-0.01328967
3.37765e-06,-0.0133285
3.3777e-06,-0.01338091
3.37775e-06,-0.01338285
3.3778e-06,-0.01334791
3.37785e-06,-0.01336344
3.3779e-06,-0.01346438
3.37795e-06,-0.01356144
3.378e-06,-0.0135498
3.37805e-06,-0.01343721
3.3781e-06,-0.01334791
3.37815e-06,-0.01336344
3.3782e-06,-0.01345662
3.37825e-06,-0.01353039
3.3783e-06,-0.0135265
3.37835e-06,-0.01345468
3.3784e-06,-0.01337315
3.37845e-06,-0.01334597
3.3785e-06,-0.01340615
3.37855e-06,-0.01351874
3.3786e-06,-0.01360998
3.37865e-06,-0.0136158
3.3787e-06,-0.01352262
3.37875e-06,-0.01340615
3.3788e-06,-0.01338479
3.37885e-06,-0.0134838
3.3789e-06,-0.01358668
3.37895e-06,-0.01356144
3.379e-06,-0.01344497
3.37905e-06,-0.01338091
3.3791e-06,-0.01340226
3.37915e-06,-0.01339644
3.3792e-06,-0.01330326
3.37925e-06,-0.01322949
3.3793e-06,-0.01329744
3.37935e-06,-0.01345856
3.3794e-06,-0.01356144
3.37945e-06,-0.01355368
3.3795e-06,-0.01353815
3.37955e-06,-0.01360415
3.3796e-06,-0.0136818
3.37965e-06,-0.01363327
3.3797e-06,-0.01345274
3.37975e-06,-0.01327414
3.3798e-06,-0.01320426
3.37985e-06,-0.01321785
3.3799e-06,-0.01324114
3.37995e-06,-0.0132625
3.38e-06,-0.01331685
3.38005e-06,-0.01338479
3.3801e-06,-0.01341391
3.38015e-06,-0.01339644
3.3802e-06,-0.01338479
3.38025e-06,-0.01340615
3.3803e-06,-0.01344109
3.38035e-06,-0.01345079
3.3804e-06,-0.01342556
3.38045e-06,-0.01338868
3.3805e-06,-0.01338285
3.38055e-06,-0.01340226
3.3806e-06,-0.01338673
3.38065e-06,-0.01332267
3.3807e-06,-0.01329744
3.38075e-06,-0.01340421
3.3808e-06,-0.01357115
3.38085e-06,-0.01362162
3.3809e-06,-0.01349933
3.38095e-06,-0.01334791
3.381e-06,-0.01334014
3.38105e-06,-0.01345468
3.3811e-06,-0.01353233
3.38115e-06,-0.01347603
3.3812e-06,-0.01334985
3.38125e-06,-0.01325085
3.3813e-06,-0.01319067
3.38135e-06,-0.01311884
3.3814e-06,-0.01304702
3.38145e-06,-0.01304314
3.3815e-06,-0.01312273
3.38155e-06,-0.01321202
3.3816e-06,-0.01325279
3.38165e-06,-0.01327414
3.3817e-06,-0.01332073
3.38175e-06,-0.01335956
3.3818e-06,-0.01332267
3.38185e-06,-0.01321591
3.3819e-06,-0.0131169
3.38195e-06,-0.01309167
3.382e-06,-0.01313437
