LECROYWP740Zi,51411,Waveform
Segments,1,SegmentSize,40002
Segment,TrigTime,TimeSinceSegment1
#1,28-Sep-2023 14:22:58,0                 
Time,Ampl
1.7119877e-06,0.00606823
1.7120377e-06,0.00490301
1.7120877e-06,0.00315518
1.7121377e-06,-7.54616e-06
1.7121877e-06,-0.00630526
1.7122377e-06,-0.0133243
1.7122877e-06,-0.0156547
1.7123377e-06,-0.0119926
1.7123877e-06,-0.00777566
1.7124377e-06,-0.00888539
1.7124877e-06,-0.0144063
1.7125377e-06,-0.0170419
1.7125877e-06,-0.01141
1.7126377e-06,-0.00211603
1.7126877e-06,-0.000534668
1.7127377e-06,-0.0117707
1.7127877e-06,-0.0262527
1.7128377e-06,-0.0294431
1.7128877e-06,-0.0183736
1.7129377e-06,-0.00414129
1.7129877e-06,0.00171254
1.7130377e-06,-0.00172763
1.7130877e-06,-0.00672141
1.7131377e-06,-0.0065827
1.7131877e-06,-0.00208829
1.7132377e-06,4.79403e-05
1.7132877e-06,-0.0049181
1.7133377e-06,-0.0135463
1.7133877e-06,-0.0180684
1.7134377e-06,-0.0155993
1.7134877e-06,-0.0111326
1.7135377e-06,-0.0106887
1.7135877e-06,-0.0137127
1.7136377e-06,-0.0144063
1.7136877e-06,-0.010439
1.7137377e-06,-0.00741499
1.7137877e-06,-0.0111881
1.7138377e-06,-0.0174303
1.7138877e-06,-0.0155438
1.7139377e-06,-0.0045297
1.7139877e-06,0.00223966
1.7140377e-06,-0.00586137
1.7140877e-06,-0.0210092
1.7141377e-06,-0.0255868
1.7141877e-06,-0.014545
1.7142377e-06,-0.000451438
1.7142877e-06,0.00337713
1.7143377e-06,-0.00297607
1.7143877e-06,-0.0105222
1.7144377e-06,-0.0135185
1.7144877e-06,-0.0127417
1.7145377e-06,-0.0110771
1.7145877e-06,-0.0103003
1.7146377e-06,-0.0106332
1.7146877e-06,-0.00999512
1.7147377e-06,-0.00561168
1.7147877e-06,0.00112993
1.7148377e-06,0.00340487
1.7148877e-06,-0.00364191
1.7149377e-06,-0.0150444
1.7149877e-06,-0.0205376
1.7150377e-06,-0.0170419
1.7150877e-06,-0.0111326
1.7151377e-06,-0.0086357
1.7151877e-06,-0.00796986
1.7152377e-06,-0.00622203
1.7152877e-06,-0.00508456
1.7153377e-06,-0.00672141
1.7153877e-06,-0.00907959
1.7154377e-06,-0.0090241
1.7154877e-06,-0.00744274
1.7155377e-06,-0.00858021
1.7155877e-06,-0.0146282
1.7156377e-06,-0.0220357
1.7156877e-06,-0.023839
1.7157377e-06,-0.0173471
1.7157877e-06,-0.00821955
1.7158377e-06,-0.00430775
1.7158877e-06,-0.00708208
1.7159377e-06,-0.012381
1.7159877e-06,-0.0169309
1.7160377e-06,-0.0198717
1.7160877e-06,-0.0201491
1.7161377e-06,-0.0169309
1.7161877e-06,-0.0122423
1.7162377e-06,-0.00993963
1.7162877e-06,-0.0117984
1.7163377e-06,-0.0154051
1.7163877e-06,-0.0164316
1.7164377e-06,-0.0127694
1.7164877e-06,-0.0065827
1.7165377e-06,-0.00250444
1.7165877e-06,-0.00322576
1.7166377e-06,-0.00735951
1.7166877e-06,-0.0112436
1.7167377e-06,-0.0122701
1.7167877e-06,-0.0106887
1.7168377e-06,-0.00880216
1.7168877e-06,-0.00816406
1.7169377e-06,-0.00735951
1.7169877e-06,-0.00405806
1.7170377e-06,-0.000312722
1.7170877e-06,-0.00189409
1.7171377e-06,-0.0102725
1.7171877e-06,-0.0172916
1.7172377e-06,-0.0144618
1.7172877e-06,-0.00572266
1.7173377e-06,-0.00355868
1.7173877e-06,-0.0113545
1.7174377e-06,-0.017791
1.7174877e-06,-0.0131578
1.7175377e-06,-0.00308705
1.7175877e-06,-0.000395952
1.7176377e-06,-0.00808083
1.7176877e-06,-0.0155715
1.7177377e-06,-0.0114933
1.7177877e-06,0.00151833
1.7178377e-06,0.00640115
1.7178877e-06,-0.00916282
1.7179377e-06,-0.0338821
1.7179877e-06,-0.0415947
1.7180377e-06,-0.0228402
1.7180877e-06,0.00154608
1.7181377e-06,0.00648438
1.7181877e-06,-0.00644398
1.7182377e-06,-0.0151554
1.7182877e-06,-0.00824729
1.7183377e-06,0.00315518
1.7183877e-06,0.00481978
1.7184377e-06,-0.00253218
1.7184877e-06,-0.00924605
1.7185377e-06,-0.0116042
1.7185877e-06,-0.0130469
1.7186377e-06,-0.0144618
1.7186877e-06,-0.0124088
1.7187377e-06,-0.00644398
1.7187877e-06,-0.00139471
1.7188377e-06,-0.000784357
1.7188877e-06,-0.00269864
1.7189377e-06,-0.0040858
1.7189877e-06,-0.00489036
1.7190377e-06,-0.00569491
1.7190877e-06,-0.00527876
1.7191377e-06,-0.0036974
1.7191877e-06,-0.00430775
1.7192377e-06,-0.0086357
1.7192877e-06,-0.0125752
1.7193377e-06,-0.0109384
1.7193877e-06,-0.00527876
1.7194377e-06,-0.00211603
1.7194877e-06,-0.00403032
1.7195377e-06,-0.00644398
1.7195877e-06,-0.00450195
1.7196377e-06,0.000269886
1.7196877e-06,0.0024616
1.7197377e-06,2.01971e-05
1.7197877e-06,-0.00397483
1.7198377e-06,-0.00624978
1.7198877e-06,-0.00722079
1.7199377e-06,-0.00888539
1.7199877e-06,-0.0111603
1.7200377e-06,-0.0121313
1.7200877e-06,-0.0109384
1.7201377e-06,-0.00833052
1.7201877e-06,-0.00563943
1.7202377e-06,-0.00477939
1.7202877e-06,-0.00727628
1.7203377e-06,-0.011521
1.7203877e-06,-0.013574
1.7204377e-06,-0.0127417
1.7204877e-06,-0.0130469
1.7205377e-06,-0.0157935
1.7205877e-06,-0.0157935
1.7206377e-06,-0.00993963
1.7206877e-06,-0.00458518
1.7207377e-06,-0.00774791
1.7207877e-06,-0.0169309
1.7208377e-06,-0.021897
1.7208877e-06,-0.0180684
1.7209377e-06,-0.0106332
1.7209877e-06,-0.00588912
1.7210377e-06,-0.00525102
1.7210877e-06,-0.00713756
1.7211377e-06,-0.00935702
1.7211877e-06,-0.00896862
1.7212377e-06,-0.00572266
1.7212877e-06,-0.0045297
1.7213377e-06,-0.0100783
1.7213877e-06,-0.0184846
1.7214377e-06,-0.0196498
1.7214877e-06,-0.0107997
1.7215377e-06,-0.00161665
1.7215877e-06,-0.00206055
1.7216377e-06,-0.00916282
1.7216877e-06,-0.0118817
1.7217377e-06,-0.00699885
1.7217877e-06,-0.00261541
1.7218377e-06,-0.00577814
1.7218877e-06,-0.0129359
1.7219377e-06,-0.0157102
1.7219877e-06,-0.012381
1.7220377e-06,-0.00930154
1.7220877e-06,-0.0120759
1.7221377e-06,-0.0182903
1.7221877e-06,-0.0203434
1.7222377e-06,-0.0152386
1.7222877e-06,-0.00960671
1.7223377e-06,-0.0122146
1.7223877e-06,-0.0216195
1.7224377e-06,-0.0258365
1.7224877e-06,-0.0184568
1.7225377e-06,-0.0086357
1.7225877e-06,-0.00821955
1.7226377e-06,-0.0148502
1.7226877e-06,-0.0171251
1.7227377e-06,-0.0131024
1.7227877e-06,-0.0117152
1.7228377e-06,-0.01682
1.7228877e-06,-0.0212034
1.7229377e-06,-0.0183458
1.7229877e-06,-0.0115487
1.7230377e-06,-0.00777566
1.7230877e-06,-0.00858021
1.7231377e-06,-0.0113545
1.7231877e-06,-0.0142676
1.7232377e-06,-0.0154328
1.7232877e-06,-0.0106055
1.7233377e-06,0.000658292
1.7233877e-06,0.00845415
1.7234377e-06,0.00151833
1.7234877e-06,-0.0163206
1.7235377e-06,-0.026752
1.7235877e-06,-0.0192336
1.7236377e-06,-0.0051123
1.7236877e-06,-0.0028651
1.7237377e-06,-0.0142953
1.7237877e-06,-0.0238113
1.7238377e-06,-0.0199827
1.7238877e-06,-0.00941251
1.7239377e-06,-0.00558394
1.7239877e-06,-0.0106055
1.7240377e-06,-0.0144895
1.7240877e-06,-0.0104668
1.7241377e-06,-0.00300382
1.7241877e-06,0.000491832
1.7242377e-06,-0.0008121
1.7242877e-06,-0.00372514
1.7243377e-06,-0.00846924
1.7243877e-06,-0.016487
1.7244377e-06,-0.0233674
1.7244877e-06,-0.0215641
1.7245377e-06,-0.0113268
1.7245877e-06,-0.00239347
1.7246377e-06,-0.00214378
1.7246877e-06,-0.00713756
1.7247377e-06,-0.0101338
1.7247877e-06,-0.0104113
1.7248377e-06,-0.0119926
1.7248877e-06,-0.0151276
1.7249377e-06,-0.0153773
1.7249877e-06,-0.0109106
1.7250377e-06,-0.00602783
1.7250877e-06,-0.00600009
1.7251377e-06,-0.0103558
1.7251877e-06,-0.0132133
1.7252377e-06,-0.0112991
1.7252877e-06,-0.00938477
1.7253377e-06,-0.0137405
1.7253877e-06,-0.0215641
1.7254377e-06,-0.0235893
1.7254877e-06,-0.0167922
1.7255377e-06,-0.0084415
1.7255877e-06,-0.00569491
1.7256377e-06,-0.00752597
1.7256877e-06,-0.00894087
1.7257377e-06,-0.00860795
1.7257877e-06,-0.0090241
1.7258377e-06,-0.0117152
1.7258877e-06,-0.0153218
1.7259377e-06,-0.0180129
1.7259877e-06,-0.0189839
1.7260377e-06,-0.0176245
1.7260877e-06,-0.013574
1.7261377e-06,-0.00910733
1.7261877e-06,-0.00855247
1.7262377e-06,-0.0131856
1.7262877e-06,-0.0184013
1.7263377e-06,-0.0187342
1.7263877e-06,-0.0152663
1.7264377e-06,-0.0141843
1.7264877e-06,-0.0173748
1.7265377e-06,-0.0183736
1.7265877e-06,-0.0104945
1.7266377e-06,0.00237837
1.7266877e-06,0.00770508
1.7267377e-06,-0.000534668
1.7267877e-06,-0.0128249
1.7268377e-06,-0.0153218
1.7268877e-06,-0.00666593
1.7269377e-06,0.00243386
1.7269877e-06,0.00420943
1.7270377e-06,0.000408603
1.7270877e-06,-0.00447421
1.7271377e-06,-0.00830278
1.7271877e-06,-0.00919056
1.7272377e-06,-0.00655495
1.7272877e-06,-0.00461293
1.7273377e-06,-0.00827504
1.7273877e-06,-0.0151831
1.7274377e-06,-0.0179297
1.7274877e-06,-0.0147947
1.7275377e-06,-0.0111603
1.7275877e-06,-0.0102171
1.7276377e-06,-0.00935702
1.7276877e-06,-0.00719305
1.7277377e-06,-0.00683239
1.7277877e-06,-0.00952348
1.7278377e-06,-0.0112713
1.7278877e-06,-0.00960671
1.7279377e-06,-0.00877441
1.7279877e-06,-0.0136572
1.7280377e-06,-0.0214808
1.7280877e-06,-0.0249487
1.7281377e-06,-0.0215641
1.7281877e-06,-0.0152941
1.7282377e-06,-0.0103558
1.7282877e-06,-0.00758145
1.7283377e-06,-0.00663818
1.7283877e-06,-0.0065827
1.7284377e-06,-0.00527876
1.7284877e-06,-0.00264316
1.7285377e-06,-0.00358643
1.7285877e-06,-0.0112713
1.7286377e-06,-0.0191781
1.7286877e-06,-0.01768
1.7287377e-06,-0.00888539
1.7287877e-06,-0.00552845
1.7288377e-06,-0.0132688
1.7288877e-06,-0.0224241
1.7289377e-06,-0.0215363
1.7289877e-06,-0.0120481
1.7290377e-06,-0.00411355
1.7290877e-06,-0.00328125
1.7291377e-06,-0.00674916
1.7291877e-06,-0.00877441
1.7292377e-06,-0.00655495
1.7292877e-06,-0.00236572
1.7293377e-06,-0.00206055
1.7293877e-06,-0.00805309
1.7294377e-06,-0.0142676
1.7294877e-06,-0.0129914
1.7295377e-06,-0.00636075
1.7295877e-06,-0.00425226
1.7296377e-06,-0.0100506
1.7296877e-06,-0.015738
1.7297377e-06,-0.0137682
1.7297877e-06,-0.00733176
1.7298377e-06,-0.00541748
1.7298877e-06,-0.0111048
1.7299377e-06,-0.0189284
1.7299877e-06,-0.021786
1.7300377e-06,-0.0179852
1.7300877e-06,-0.0116597
1.7301377e-06,-0.00813632
1.7301877e-06,-0.00916282
1.7302377e-06,-0.0128527
1.7302877e-06,-0.0162651
1.7303377e-06,-0.0166812
1.7303877e-06,-0.0122423
1.7304377e-06,-0.00400257
1.7304877e-06,0.00171254
1.7305377e-06,-0.00206055
1.7305877e-06,-0.0143786
1.7306377e-06,-0.0257255
1.7306877e-06,-0.0285554
1.7307377e-06,-0.0245326
1.7307877e-06,-0.0190394
1.7308377e-06,-0.0142676
1.7308877e-06,-0.0109384
1.7309377e-06,-0.0111048
1.7309877e-06,-0.0142121
1.7310377e-06,-0.0157102
1.7310877e-06,-0.0133798
1.7311377e-06,-0.0116042
1.7311877e-06,-0.0149334
1.7312377e-06,-0.0214531
1.7312877e-06,-0.0258088
1.7313377e-06,-0.025892
1.7313877e-06,-0.0238667
1.7314377e-06,-0.0226738
1.7314877e-06,-0.0236171
1.7315377e-06,-0.0251152
1.7315877e-06,-0.0236448
1.7316377e-06,-0.0178742
1.7316877e-06,-0.0112158
1.7317377e-06,-0.00835827
1.7317877e-06,-0.0096622
1.7318377e-06,-0.0123256
1.7318877e-06,-0.0153218
1.7319377e-06,-0.0189839
1.7319877e-06,-0.0213976
1.7320377e-06,-0.0200659
1.7320877e-06,-0.0160431
1.7321377e-06,-0.0128804
1.7321877e-06,-0.0114655
1.7322377e-06,-0.0102448
1.7322877e-06,-0.00905185
1.7323377e-06,-0.009468
1.7323877e-06,-0.0110216
1.7324377e-06,-0.0111603
1.7324877e-06,-0.0098564
1.7325377e-06,-0.0107442
1.7325877e-06,-0.0152386
1.7326377e-06,-0.0194833
1.7326877e-06,-0.0195943
1.7327377e-06,-0.0169309
1.7327877e-06,-0.0152386
1.7328377e-06,-0.015516
1.7328877e-06,-0.0165148
1.7329377e-06,-0.0169587
1.7329877e-06,-0.0155715
1.7330377e-06,-0.0121591
1.7330877e-06,-0.00968994
1.7331377e-06,-0.0115487
1.7331877e-06,-0.0154328
1.7332377e-06,-0.0151554
1.7332877e-06,-0.0102725
1.7333377e-06,-0.00794212
1.7333877e-06,-0.0120481
1.7334377e-06,-0.0160431
1.7334877e-06,-0.0128527
1.7335377e-06,-0.00647172
1.7335877e-06,-0.00669367
1.7336377e-06,-0.0140734
1.7336877e-06,-0.0189839
1.7337377e-06,-0.0155438
1.7337877e-06,-0.00891313
1.7338377e-06,-0.00633301
1.7338877e-06,-0.00816406
1.7339377e-06,-0.0105222
1.7339877e-06,-0.0120204
1.7340377e-06,-0.0133798
1.7340877e-06,-0.0141566
1.7341377e-06,-0.0130191
1.7341877e-06,-0.0101893
1.7342377e-06,-0.00730402
1.7342877e-06,-0.0059446
1.7343377e-06,-0.00661044
1.7343877e-06,-0.00827504
1.7344377e-06,-0.00905185
1.7344877e-06,-0.00891313
1.7345377e-06,-0.00968994
1.7345877e-06,-0.0108274
1.7346377e-06,-0.00852472
1.7346877e-06,-0.00233798
1.7347377e-06,0.000797008
1.7347877e-06,-0.00544522
1.7348377e-06,-0.016709
1.7348877e-06,-0.0215641
1.7349377e-06,-0.0153218
1.7349877e-06,-0.00622203
1.7350377e-06,-0.00558394
1.7350877e-06,-0.0143231
1.7351377e-06,-0.0222021
1.7351877e-06,-0.0197053
1.7352377e-06,-0.00766468
1.7352877e-06,0.00371005
1.7353377e-06,0.00498624
1.7353877e-06,-0.00364191
1.7354377e-06,-0.0132133
1.7354877e-06,-0.0164038
1.7355377e-06,-0.0144618
1.7355877e-06,-0.0123256
1.7356377e-06,-0.0113545
1.7356877e-06,-0.0105222
1.7357377e-06,-0.0111881
1.7357877e-06,-0.0151554
1.7358377e-06,-0.0200104
1.7358877e-06,-0.0213144
1.7359377e-06,-0.0180407
1.7359877e-06,-0.0126585
1.7360377e-06,-0.00722079
1.7360877e-06,-0.00283736
1.7361377e-06,-0.00122825
1.7361877e-06,-0.0036974
1.7362377e-06,-0.00871893
1.7362877e-06,-0.0128527
1.7363377e-06,-0.0134353
1.7363877e-06,-0.010328
1.7364377e-06,-0.00591686
1.7364877e-06,-0.00325351
1.7365377e-06,-0.00364191
1.7365877e-06,-0.00577814
1.7366377e-06,-0.00783114
1.7366877e-06,-0.00935702
1.7367377e-06,-0.0103558
1.7367877e-06,-0.0100506
1.7368377e-06,-0.00891313
1.7368877e-06,-0.00971768
1.7369377e-06,-0.0140179
1.7369877e-06,-0.0179574
1.7370377e-06,-0.0161264
1.7370877e-06,-0.0100229
1.7371377e-06,-0.0078034
1.7371877e-06,-0.0131301
1.7372377e-06,-0.0189284
1.7372877e-06,-0.0175968
1.7373377e-06,-0.0131301
1.7373877e-06,-0.0151276
1.7374377e-06,-0.0225906
1.7374877e-06,-0.0236171
1.7375377e-06,-0.0140734
1.7375877e-06,-0.00569491
1.7376377e-06,-0.00921831
1.7376877e-06,-0.0177077
1.7377377e-06,-0.0160431
1.7377877e-06,-0.00378063
1.7378377e-06,0.00323841
1.7378877e-06,-0.00550071
1.7379377e-06,-0.0204266
1.7379877e-06,-0.0240887
1.7380377e-06,-0.0130469
1.7380877e-06,-0.000617898
1.7381377e-06,0.000602805
1.7381877e-06,-0.00713756
1.7382377e-06,-0.0128527
1.7382877e-06,-0.0118817
1.7383377e-06,-0.00974543
1.7383877e-06,-0.0124365
1.7384377e-06,-0.0179019
1.7384877e-06,-0.0188452
1.7385377e-06,-0.0118539
1.7385877e-06,-0.00253218
1.7386377e-06,-0.000340465
1.7386877e-06,-0.00833052
1.7387377e-06,-0.0190672
1.7387877e-06,-0.022979
1.7388377e-06,-0.0192891
1.7388877e-06,-0.0148224
1.7389377e-06,-0.0127417
1.7389877e-06,-0.0101893
1.7390377e-06,-0.00724854
1.7390877e-06,-0.00935702
1.7391377e-06,-0.0169587
1.7391877e-06,-0.0208427
1.7392377e-06,-0.0142953
1.7392877e-06,-0.00355868
1.7393377e-06,-3.52894e-05
1.7393877e-06,-0.00577814
1.7394377e-06,-0.0128527
1.7394877e-06,-0.0142953
1.7395377e-06,-0.0107442
1.7395877e-06,-0.00722079
1.7396377e-06,-0.00716531
1.7396877e-06,-0.0107442
1.7397377e-06,-0.0160986
1.7397877e-06,-0.0200104
1.7398377e-06,-0.0181516
1.7398877e-06,-0.00910733
1.7399377e-06,0.0010467
1.7399877e-06,0.00334939
1.7400377e-06,-0.00325351
1.7400877e-06,-0.0110216
1.7401377e-06,-0.0146837
1.7401877e-06,-0.0167367
1.7402377e-06,-0.0189284
1.7402877e-06,-0.0169032
1.7403377e-06,-0.00874667
1.7403877e-06,-0.00250444
1.7404377e-06,-0.00661044
1.7404877e-06,-0.0164316
1.7405377e-06,-0.0190394
1.7405877e-06,-0.0109661
1.7406377e-06,-0.0024767
1.7406877e-06,-0.00255993
1.7407377e-06,-0.00630526
1.7407877e-06,-0.00383612
1.7408377e-06,0.00362682
1.7408877e-06,0.00526367
1.7409377e-06,-0.00211603
1.7409877e-06,-0.00885764
1.7410377e-06,-0.00783114
1.7410877e-06,-0.00652721
1.7411377e-06,-0.0152108
1.7411877e-06,-0.028916
1.7412377e-06,-0.032051
1.7412877e-06,-0.0201769
1.7413377e-06,-0.00630526
1.7413877e-06,-0.0036974
1.7414377e-06,-0.0111603
1.7414877e-06,-0.0185955
1.7415377e-06,-0.0193723
1.7415877e-06,-0.0131024
1.7416377e-06,-0.00322576
1.7416877e-06,0.00343262
1.7417377e-06,0.00107444
1.7417877e-06,-0.00713756
1.7418377e-06,-0.0110494
1.7418877e-06,-0.00777566
1.7419377e-06,-0.00633301
1.7419877e-06,-0.0131856
1.7420377e-06,-0.019733
1.7420877e-06,-0.0139901
1.7421377e-06,0.000158913
1.7421877e-06,0.00659535
1.7422377e-06,-0.0008121
1.7422877e-06,-0.0108552
1.7423377e-06,-0.0122978
1.7423877e-06,-0.00749822
1.7424377e-06,-0.00475164
1.7424877e-06,-0.0057504
1.7425377e-06,-0.00796986
1.7425877e-06,-0.0117152
1.7426377e-06,-0.0177355
1.7426877e-06,-0.0213699
1.7427377e-06,-0.0177355
1.7427877e-06,-0.0100229
1.7428377e-06,-0.00641624
1.7428877e-06,-0.00871893
1.7429377e-06,-0.0101616
1.7429877e-06,-0.00591686
1.7430377e-06,-0.000590154
1.7430877e-06,-0.00153343
1.7431377e-06,-0.00830278
1.7431877e-06,-0.0135463
1.7432377e-06,-0.0123256
1.7432877e-06,-0.0067769
1.7433377e-06,-0.00242121
1.7433877e-06,-0.00289284
1.7434377e-06,-0.00733176
1.7434877e-06,-0.0106332
1.7435377e-06,-0.00830278
1.7435877e-06,-0.00250444
1.7436377e-06,-0.000756614
1.7436877e-06,-0.00688787
1.7437377e-06,-0.0154605
1.7437877e-06,-0.01768
1.7438377e-06,-0.0119371
1.7438877e-06,-0.00541748
1.7439377e-06,-0.00494585
1.7439877e-06,-0.00919056
1.7440377e-06,-0.0124088
1.7440877e-06,-0.0126585
1.7441377e-06,-0.0122146
1.7441877e-06,-0.0125198
1.7442377e-06,-0.012714
1.7442877e-06,-0.0126862
1.7443377e-06,-0.0129636
1.7443877e-06,-0.0120481
1.7444377e-06,-0.0084415
1.7444877e-06,-0.00522328
1.7445377e-06,-0.00805309
1.7445877e-06,-0.0162373
1.7446377e-06,-0.0205653
1.7446877e-06,-0.0149334
1.7447377e-06,-0.00577814
1.7447877e-06,-0.00439098
1.7448377e-06,-0.0114378
1.7448877e-06,-0.0164593
1.7449377e-06,-0.0130191
1.7449877e-06,-0.00733176
1.7450377e-06,-0.00805309
1.7450877e-06,-0.0132411
1.7451377e-06,-0.0134353
1.7451877e-06,-0.00605558
1.7452377e-06,0.000436346
1.7452877e-06,-0.00189409
1.7453377e-06,-0.00974543
1.7453877e-06,-0.0141843
1.7454377e-06,-0.013463
1.7454877e-06,-0.0138514
1.7455377e-06,-0.0180407
1.7455877e-06,-0.0200104
1.7456377e-06,-0.0150166
1.7456877e-06,-0.00858021
1.7457377e-06,-0.0090241
1.7457877e-06,-0.0149057
1.7458377e-06,-0.0169864
1.7458877e-06,-0.0117984
1.7459377e-06,-0.00608332
1.7459877e-06,-0.00647172
1.7460377e-06,-0.0114655
1.7460877e-06,-0.0154328
1.7461377e-06,-0.015738
1.7461877e-06,-0.0134075
1.7462377e-06,-0.010328
1.7462877e-06,-0.00858021
1.7463377e-06,-0.00960671
1.7463877e-06,-0.0118539
1.7464377e-06,-0.0121868
1.7464877e-06,-0.00996737
1.7465377e-06,-0.00819181
1.7465877e-06,-0.00930154
1.7466377e-06,-0.0122978
1.7466877e-06,-0.0147392
1.7467377e-06,-0.0154605
1.7467877e-06,-0.0142953
1.7468377e-06,-0.011632
1.7468877e-06,-0.00896862
1.7469377e-06,-0.00821955
1.7469877e-06,-0.00935702
1.7470377e-06,-0.0104945
1.7470877e-06,-0.0104113
1.7471377e-06,-0.0103003
1.7471877e-06,-0.0114655
1.7472377e-06,-0.0130191
1.7472877e-06,-0.0127694
1.7473377e-06,-0.0107719
1.7473877e-06,-0.00996737
1.7474377e-06,-0.0117984
1.7474877e-06,-0.0129636
1.7475377e-06,-0.00955123
1.7475877e-06,-0.00414129
1.7476377e-06,-0.00455744
1.7476877e-06,-0.0130469
1.7477377e-06,-0.0215641
1.7477877e-06,-0.0212311
1.7478377e-06,-0.0134353
1.7478877e-06,-0.00719305
1.7479377e-06,-0.00710982
1.7479877e-06,-0.00907959
1.7480377e-06,-0.00819181
1.7480877e-06,-0.00516779
1.7481377e-06,-0.00283736
1.7481877e-06,-0.00172763
1.7482377e-06,-0.00258767
1.7482877e-06,-0.00827504
1.7483377e-06,-0.0179852
1.7483877e-06,-0.0235061
1.7484377e-06,-0.0183458
1.7484877e-06,-0.00802535
1.7485377e-06,-0.0049181
1.7485877e-06,-0.0122146
1.7486377e-06,-0.0199827
1.7486877e-06,-0.0192614
1.7487377e-06,-0.0139347
1.7487877e-06,-0.0130191
1.7488377e-06,-0.0163483
1.7488877e-06,-0.0160986
1.7489377e-06,-0.0100506
1.7489877e-06,-0.00397483
1.7490377e-06,-0.00133922
1.7490877e-06,-0.000257235
1.7491377e-06,-0.00167214
1.7491877e-06,-0.0103003
1.7492377e-06,-0.0233674
1.7492877e-06,-0.0282224
1.7493377e-06,-0.018651
1.7493877e-06,-0.00538974
1.7494377e-06,-0.00231024
1.7494877e-06,-0.00802535
1.7495377e-06,-0.0102725
1.7495877e-06,-0.00475164
1.7496377e-06,0.0002144
1.7496877e-06,-0.00225475
1.7497377e-06,-0.00821955
1.7497877e-06,-0.0105222
1.7498377e-06,-0.00894087
1.7498877e-06,-0.00785889
1.7499377e-06,-0.00808083
1.7499877e-06,-0.0078034
1.7500377e-06,-0.00805309
1.7500877e-06,-0.0112991
1.7501377e-06,-0.0154605
1.7501877e-06,-0.015627
1.7502377e-06,-0.0121868
1.7502877e-06,-0.0109384
1.7503377e-06,-0.0141011
1.7503877e-06,-0.0167922
1.7504377e-06,-0.015516
1.7504877e-06,-0.0140456
1.7505377e-06,-0.0165148
1.7505877e-06,-0.0191781
1.7506377e-06,-0.0154051
1.7506877e-06,-0.00713756
1.7507377e-06,-0.00416903
1.7507877e-06,-0.0106887
1.7508377e-06,-0.0194556
1.7508877e-06,-0.0210924
1.7509377e-06,-0.015738
1.7509877e-06,-0.0111603
1.7510377e-06,-0.0129636
1.7510877e-06,-0.0200937
1.7511377e-06,-0.0277785
1.7511877e-06,-0.0309135
1.7512377e-06,-0.0264746
1.7512877e-06,-0.0174858
1.7513377e-06,-0.0118539
1.7513877e-06,-0.0137127
1.7514377e-06,-0.0171529
1.7514877e-06,-0.0141566
1.7515377e-06,-0.00663818
1.7515877e-06,-0.00450195
1.7516377e-06,-0.0109939
1.7516877e-06,-0.0167645
1.7517377e-06,-0.012603
1.7517877e-06,-0.00272638
1.7518377e-06,0.00101895
1.7518877e-06,-0.00461293
1.7519377e-06,-0.0106332
1.7519877e-06,-0.0090241
1.7520377e-06,-0.00308705
1.7520877e-06,-0.00136697
1.7521377e-06,-0.00516779
1.7521877e-06,-0.00749822
1.7522377e-06,-0.0047239
1.7522877e-06,-0.00300382
1.7523377e-06,-0.00885764
1.7523877e-06,-0.0180407
1.7524377e-06,-0.0206485
1.7524877e-06,-0.0146005
1.7525377e-06,-0.00694336
1.7525877e-06,-0.00325351
1.7526377e-06,-0.00275413
1.7526877e-06,-0.00397483
1.7527377e-06,-0.0076092
1.7527877e-06,-0.0123256
1.7528377e-06,-0.0134908
1.7528877e-06,-0.0088299
1.7529377e-06,-0.00186634
1.7529877e-06,0.00271129
1.7530377e-06,0.00429266
1.7530877e-06,0.00398748
1.7531377e-06,0.000686035
1.7531877e-06,-0.00600009
1.7532377e-06,-0.0111326
1.7532877e-06,-0.00988414
1.7533377e-06,-0.00647172
1.7533877e-06,-0.00977317
1.7534377e-06,-0.0195388
1.7534877e-06,-0.0246436
1.7535377e-06,-0.0183181
1.7535877e-06,-0.00747048
1.7536377e-06,-0.00236572
1.7536877e-06,-0.00439098
1.7537377e-06,-0.0090241
1.7537877e-06,-0.0144895
1.7538377e-06,-0.0191504
1.7538877e-06,-0.0161819
1.7539377e-06,-0.00239347
1.7539877e-06,0.0107846
1.7540377e-06,0.00753862
1.7540877e-06,-0.0096622
1.7541377e-06,-0.0199827
1.7541877e-06,-0.0111326
1.7542377e-06,0.00415394
1.7542877e-06,0.00545787
1.7543377e-06,-0.00885764
1.7543877e-06,-0.0218415
1.7544377e-06,-0.020815
1.7544877e-06,-0.0111048
1.7545377e-06,-0.0055562
1.7545877e-06,-0.00758145
1.7546377e-06,-0.0100783
1.7546877e-06,-0.00769243
1.7547377e-06,-0.00433549
1.7547877e-06,-0.00638849
1.7548377e-06,-0.0133521
1.7548877e-06,-0.0189562
1.7549377e-06,-0.0190672
1.7549877e-06,-0.0156547
1.7550377e-06,-0.0141289
1.7550877e-06,-0.0183458
1.7551377e-06,-0.0263636
1.7551877e-06,-0.0307193
1.7552377e-06,-0.0253094
1.7552877e-06,-0.012492
1.7553377e-06,-0.0020328
1.7553877e-06,-0.00147794
1.7554377e-06,-0.00924605
1.7554877e-06,-0.0172361
1.7555377e-06,-0.0193446
1.7555877e-06,-0.015516
1.7556377e-06,-0.0101338
1.7556877e-06,-0.00805309
1.7557377e-06,-0.0113823
1.7557877e-06,-0.0169864
1.7558377e-06,-0.0187342
1.7558877e-06,-0.0143508
1.7559377e-06,-0.0090241
1.7559877e-06,-0.0090241
1.7560377e-06,-0.0132411
1.7560877e-06,-0.0150166
1.7561377e-06,-0.0116042
1.7561877e-06,-0.00686013
1.7562377e-06,-0.00425226
1.7562877e-06,-0.00253218
1.7563377e-06,-0.000312722
1.7563877e-06,0.000408603
1.7564377e-06,-0.00169988
1.7564877e-06,-0.00397483
1.7565377e-06,-0.00441872
1.7565877e-06,-0.00572266
1.7566377e-06,-0.010439
1.7566877e-06,-0.0157102
1.7567377e-06,-0.0170974
1.7567877e-06,-0.0155715
1.7568377e-06,-0.0160154
1.7568877e-06,-0.0193446
1.7569377e-06,-0.020815
1.7569877e-06,-0.0175413
1.7570377e-06,-0.0138792
1.7570877e-06,-0.0153496
1.7571377e-06,-0.0195943
1.7571877e-06,-0.0186788
1.7572377e-06,-0.0108552
1.7572877e-06,-0.00419678
1.7573377e-06,-0.00550071
1.7573877e-06,-0.0115487
1.7574377e-06,-0.0151554
1.7574877e-06,-0.0160431
1.7575377e-06,-0.0192614
1.7575877e-06,-0.024699
1.7576377e-06,-0.0258643
1.7576877e-06,-0.0196498
1.7577377e-06,-0.0118262
1.7577877e-06,-0.00935702
1.7578377e-06,-0.0107164
1.7578877e-06,-0.00905185
1.7579377e-06,-0.00347545
1.7579877e-06,-0.00136697
1.7580377e-06,-0.00716531
1.7580877e-06,-0.0142953
1.7581377e-06,-0.0131578
1.7581877e-06,-0.00439098
1.7582377e-06,0.00179577
1.7582877e-06,-0.000673384
1.7583377e-06,-0.00619429
1.7583877e-06,-0.00619429
1.7584377e-06,-0.000839844
1.7584877e-06,0.0024616
1.7585377e-06,2.01971e-05
1.7585877e-06,-0.00405806
1.7586377e-06,-0.00439098
1.7586877e-06,-0.00175537
1.7587377e-06,-0.00128374
1.7587877e-06,-0.00586137
1.7588377e-06,-0.0125752
1.7588877e-06,-0.0158212
1.7589377e-06,-0.0132688
1.7589877e-06,-0.00794212
1.7590377e-06,-0.00541748
1.7590877e-06,-0.00805309
1.7591377e-06,-0.0123256
1.7591877e-06,-0.012492
1.7592377e-06,-0.00722079
1.7592877e-06,-0.00133922
1.7593377e-06,-0.000284979
1.7593877e-06,-0.00375289
1.7594377e-06,-0.00738725
1.7594877e-06,-0.0088299
1.7595377e-06,-0.00955123
1.7595877e-06,-0.0108552
1.7596377e-06,-0.0115765
1.7596877e-06,-0.00991189
1.7597377e-06,-0.00547297
1.7597877e-06,-0.000201749
1.7598377e-06,0.00171254
1.7598877e-06,-0.00244895
1.7599377e-06,-0.00888539
1.7599877e-06,-0.00935702
1.7600377e-06,-0.00169988
1.7600877e-06,0.00476429
1.7601377e-06,-0.000395952
1.7601877e-06,-0.014545
1.7602377e-06,-0.0232286
1.7602877e-06,-0.0178742
1.7603377e-06,-0.00680464
1.7603877e-06,-0.00366966
1.7604377e-06,-0.00955123
1.7604877e-06,-0.0132688
1.7605377e-06,-0.00852472
1.7605877e-06,-0.00261541
1.7606377e-06,-0.00497359
1.7606877e-06,-0.0132966
1.7607377e-06,-0.0166535
1.7607877e-06,-0.010439
1.7608377e-06,-0.00278187
1.7608877e-06,-0.00411355
1.7609377e-06,-0.0138237
1.7609877e-06,-0.0211202
1.7610377e-06,-0.018873
1.7610877e-06,-0.0116875
1.7611377e-06,-0.0086357
1.7611877e-06,-0.0121591
1.7612377e-06,-0.0168754
1.7612877e-06,-0.0175968
1.7613377e-06,-0.0140456
1.7613877e-06,-0.00871893
1.7614377e-06,-0.00416903
1.7614877e-06,-0.00294833
1.7615377e-06,-0.0065827
1.7615877e-06,-0.0127972
1.7616377e-06,-0.0160709
1.7616877e-06,-0.014545
1.7617377e-06,-0.0141011
1.7617877e-06,-0.0207872
1.7618377e-06,-0.0306916
1.7618877e-06,-0.033133
1.7619377e-06,-0.0247545
1.7619877e-06,-0.0147392
1.7620377e-06,-0.0130746
1.7620877e-06,-0.01854
1.7621377e-06,-0.0215086
1.7621877e-06,-0.0169864
1.7622377e-06,-0.0102448
1.7622877e-06,-0.00913508
1.7623377e-06,-0.0134353
1.7623877e-06,-0.0150721
1.7624377e-06,-0.00905185
1.7624877e-06,-0.000590154
1.7625377e-06,0.000824751
1.7625877e-06,-0.00694336
1.7626377e-06,-0.0161541
1.7626877e-06,-0.0184846
1.7627377e-06,-0.0133798
1.7627877e-06,-0.00624978
1.7628377e-06,-0.00233798
1.7628877e-06,-0.00430775
1.7629377e-06,-0.0119649
1.7629877e-06,-0.020704
1.7630377e-06,-0.0232009
1.7630877e-06,-0.0164316
1.7631377e-06,-0.00597235
1.7631877e-06,-9.07759e-05
1.7632377e-06,-0.0010063
1.7632877e-06,-0.00400257
1.7633377e-06,-0.00447421
1.7633877e-06,-0.00325351
1.7634377e-06,-0.00344771
1.7634877e-06,-0.00494585
1.7635377e-06,-0.00466841
1.7635877e-06,-0.00239347
1.7636377e-06,-0.00283736
1.7636877e-06,-0.00971768
1.7637377e-06,-0.0192059
1.7637877e-06,-0.0228957
1.7638377e-06,-0.0172916
1.7638877e-06,-0.00810858
1.7639377e-06,-0.00489036
1.7639877e-06,-0.0107719
1.7640377e-06,-0.0187065
1.7640877e-06,-0.0191504
1.7641377e-06,-0.0119371
1.7641877e-06,-0.0065827
1.7642377e-06,-0.00930154
1.7642877e-06,-0.0152386
1.7643377e-06,-0.0165703
1.7643877e-06,-0.0129914
1.7644377e-06,-0.00993963
1.7644877e-06,-0.0101893
1.7645377e-06,-0.0116042
1.7645877e-06,-0.0112713
1.7646377e-06,-0.00955123
1.7646877e-06,-0.00932928
1.7647377e-06,-0.0121313
1.7647877e-06,-0.0151276
1.7648377e-06,-0.0140179
1.7648877e-06,-0.00949574
1.7649377e-06,-0.00716531
1.7649877e-06,-0.00957897
1.7650377e-06,-0.0124088
1.7650877e-06,-0.0115487
1.7651377e-06,-0.00960671
1.7651877e-06,-0.0111603
1.7652377e-06,-0.0147115
1.7652877e-06,-0.0152663
1.7653377e-06,-0.0121036
1.7653877e-06,-0.00899636
1.7654377e-06,-0.00841375
1.7654877e-06,-0.00999512
1.7655377e-06,-0.0125752
1.7655877e-06,-0.0141011
1.7656377e-06,-0.0118262
1.7656877e-06,-0.00663818
1.7657377e-06,-0.0036974
1.7657877e-06,-0.00550071
1.7658377e-06,-0.00749822
1.7658877e-06,-0.00497359
1.7659377e-06,-0.00156117
1.7659877e-06,-0.00416903
1.7660377e-06,-0.0122701
1.7660877e-06,-0.017791
1.7661377e-06,-0.0150999
1.7661877e-06,-0.0059446
1.7662377e-06,0.00371005
1.7662877e-06,0.00687278
1.7663377e-06,-0.00108953
1.7663877e-06,-0.0170142
1.7664377e-06,-0.0297206
1.7664877e-06,-0.0302477
1.7665377e-06,-0.0209814
1.7665877e-06,-0.0114655
1.7666377e-06,-0.00752597
1.7666877e-06,-0.00735951
1.7667377e-06,-0.00680464
1.7667877e-06,-0.0049181
1.7668377e-06,-0.00439098
1.7668877e-06,-0.00763694
1.7669377e-06,-0.0125752
1.7669877e-06,-0.0136017
1.7670377e-06,-0.00802535
1.7670877e-06,-0.000950817
1.7671377e-06,-0.000423695
1.7671877e-06,-0.0078034
1.7672377e-06,-0.0158767
1.7672877e-06,-0.0172638
1.7673377e-06,-0.0121036
1.7673877e-06,-0.00569491
1.7674377e-06,-0.00242121
1.7674877e-06,-0.0035032
1.7675377e-06,-0.00694336
1.7675877e-06,-0.00777566
1.7676377e-06,-0.00278187
1.7676877e-06,0.00351585
1.7677377e-06,0.00334939
1.7677877e-06,-0.00250444
1.7678377e-06,-0.00461293
1.7678877e-06,0.00029763
1.7679377e-06,0.00332164
1.7679877e-06,-0.00250444
1.7680377e-06,-0.00977317
1.7680877e-06,-0.00719305
1.7681377e-06,0.00262806
1.7681877e-06,0.00604048
1.7682377e-06,-0.00208829
1.7682877e-06,-0.0118539
1.7683377e-06,-0.0129359
1.7683877e-06,-0.00810858
1.7684377e-06,-0.00669367
1.7684877e-06,-0.0103835
1.7685377e-06,-0.0127972
1.7685877e-06,-0.0103003
1.7686377e-06,-0.00719305
1.7686877e-06,-0.00833052
1.7687377e-06,-0.0122978
1.7687877e-06,-0.0139624
1.7688377e-06,-0.0111326
1.7688877e-06,-0.00713756
1.7689377e-06,-0.00722079
1.7689877e-06,-0.0122978
1.7690377e-06,-0.0169864
1.7690877e-06,-0.0163761
1.7691377e-06,-0.0137959
1.7691877e-06,-0.0163483
1.7692377e-06,-0.0223964
1.7692877e-06,-0.0210924
1.7693377e-06,-0.00783114
1.7693877e-06,0.0061792
1.7694377e-06,0.00606823
1.7694877e-06,-0.00899636
1.7695377e-06,-0.0252816
1.7695877e-06,-0.0295541
1.7696377e-06,-0.020704
1.7696877e-06,-0.00774791
1.7697377e-06,0.000186657
1.7697877e-06,0.00135187
1.7698377e-06,-0.000257235
1.7698877e-06,-0.0020328
1.7699377e-06,-0.00508456
1.7699877e-06,-0.00949574
1.7700377e-06,-0.0117152
1.7700877e-06,-0.0100783
1.7701377e-06,-0.00763694
1.7701877e-06,-0.00663818
1.7702377e-06,-0.00525102
1.7702877e-06,-0.00375289
1.7703377e-06,-0.00752597
1.7703877e-06,-0.0172916
1.7704377e-06,-0.0239777
1.7704877e-06,-0.0199549
1.7705377e-06,-0.0104668
1.7705877e-06,-0.00622203
1.7706377e-06,-0.00924605
1.7706877e-06,-0.0131578
1.7707377e-06,-0.0132966
1.7707877e-06,-0.0104945
1.7708377e-06,-0.00699885
1.7708877e-06,-0.00483487
1.7709377e-06,-0.00644398
1.7709877e-06,-0.0119649
1.7710377e-06,-0.0171251
1.7710877e-06,-0.017569
1.7711377e-06,-0.0144063
1.7711877e-06,-0.0120204
1.7712377e-06,-0.0118262
1.7712877e-06,-0.0110771
1.7713377e-06,-0.0078034
1.7713877e-06,-0.0040858
1.7714377e-06,-0.00328125
1.7714877e-06,-0.00519553
1.7715377e-06,-0.00633301
1.7715877e-06,-0.0045297
1.7716377e-06,-0.00192183
1.7716877e-06,-0.00269864
1.7717377e-06,-0.00824729
1.7717877e-06,-0.0144618
1.7718377e-06,-0.0149334
1.7718877e-06,-0.00874667
1.7719377e-06,-0.00317028
1.7719877e-06,-0.00611106
1.7720377e-06,-0.0159044
1.7720877e-06,-0.0220357
1.7721377e-06,-0.0178187
1.7721877e-06,-0.00869118
1.7722377e-06,-0.00505682
1.7722877e-06,-0.009468
1.7723377e-06,-0.0158767
1.7723877e-06,-0.0190394
1.7724377e-06,-0.0187342
1.7724877e-06,-0.0158489
1.7725377e-06,-0.0109106
1.7725877e-06,-0.00722079
1.7726377e-06,-0.00877441
1.7726877e-06,-0.0140179
1.7727377e-06,-0.0164593
1.7727877e-06,-0.012603
1.7728377e-06,-0.00649947
1.7728877e-06,-0.00455744
1.7729377e-06,-0.0086357
1.7729877e-06,-0.0143786
1.7730377e-06,-0.0161541
1.7730877e-06,-0.013574
1.7731377e-06,-0.0118539
1.7731877e-06,-0.0143231
1.7732377e-06,-0.0177632
1.7732877e-06,-0.0175968
1.7733377e-06,-0.0149889
1.7733877e-06,-0.0140734
1.7734377e-06,-0.0147947
1.7734877e-06,-0.0141011
1.7735377e-06,-0.0125752
1.7735877e-06,-0.0140179
1.7736377e-06,-0.0178187
1.7736877e-06,-0.0182071
1.7737377e-06,-0.0129082
1.7737877e-06,-0.00769243
1.7738377e-06,-0.00885764
1.7738877e-06,-0.014545
1.7739377e-06,-0.0174026
1.7739877e-06,-0.0133798
1.7740377e-06,-0.00530651
1.7740877e-06,0.000991211
1.7741377e-06,0.00171254
1.7741877e-06,-0.0024767
1.7742377e-06,-0.00766468
1.7742877e-06,-0.0102725
1.7743377e-06,-0.0101893
1.7743877e-06,-0.0102725
1.7744377e-06,-0.0126862
1.7744877e-06,-0.0165425
1.7745377e-06,-0.0186788
1.7745877e-06,-0.0164593
1.7746377e-06,-0.010661
1.7746877e-06,-0.00616655
1.7747377e-06,-0.00802535
1.7747877e-06,-0.0149612
1.7748377e-06,-0.018762
1.7748877e-06,-0.0135463
1.7749377e-06,-0.00341997
1.7749877e-06,0.00215643
1.7750377e-06,-0.00089533
1.7750877e-06,-0.00835827
1.7751377e-06,-0.0140179
1.7751877e-06,-0.0147392
1.7752377e-06,-0.0106055
1.7752877e-06,-0.0045297
1.7753377e-06,-0.00139471
1.7753877e-06,-0.00378063
1.7754377e-06,-0.00874667
1.7754877e-06,-0.0112713
1.7755377e-06,-0.01055
1.7755877e-06,-0.0103558
1.7756377e-06,-0.0131301
1.7756877e-06,-0.0168754
1.7757377e-06,-0.0182349
1.7757877e-06,-0.0160986
1.7758377e-06,-0.0120481
1.7758877e-06,-0.00927379
1.7759377e-06,-0.0103003
1.7759877e-06,-0.0149057
1.7760377e-06,-0.0188452
1.7760877e-06,-0.0170419
1.7761377e-06,-0.00944025
1.7761877e-06,-0.0026709
1.7762377e-06,-0.00317028
1.7762877e-06,-0.00910733
1.7763377e-06,-0.0129636
1.7763877e-06,-0.0116875
1.7764377e-06,-0.00930154
1.7764877e-06,-0.00927379
1.7765377e-06,-0.0096622
1.7765877e-06,-0.00816406
1.7766377e-06,-0.00694336
1.7766877e-06,-0.00855247
1.7767377e-06,-0.00988414
1.7767877e-06,-0.00583363
1.7768377e-06,0.000935724
1.7768877e-06,-0.000590154
1.7769377e-06,-0.0148779
1.7769877e-06,-0.0293322
1.7770377e-06,-0.0273069
1.7770877e-06,-0.0111048
1.7771377e-06,-0.000950817
1.7771877e-06,-0.00877441
1.7772377e-06,-0.0227293
1.7772877e-06,-0.0237558
1.7773377e-06,-0.00963445
1.7773877e-06,0.00440363
1.7774377e-06,0.00490301
1.7774877e-06,-0.00722079
1.7775377e-06,-0.0204821
1.7775877e-06,-0.0241719
1.7776377e-06,-0.0168754
1.7776877e-06,-0.00652721
1.7777377e-06,-0.0020328
1.7777877e-06,-0.00444647
1.7778377e-06,-0.00727628
1.7778877e-06,-0.00655495
1.7779377e-06,-0.00652721
1.7779877e-06,-0.0125475
1.7780377e-06,-0.0210092
1.7780877e-06,-0.0222576
1.7781377e-06,-0.013574
1.7781877e-06,-0.00353094
1.7782377e-06,-0.00189409
1.7782877e-06,-0.00888539
1.7783377e-06,-0.0169032
1.7783877e-06,-0.0194833
1.7784377e-06,-0.0165425
1.7784877e-06,-0.0124365
1.7785377e-06,-0.0106887
1.7785877e-06,-0.0107719
1.7786377e-06,-0.00988414
1.7786877e-06,-0.00724854
1.7787377e-06,-0.0051123
1.7787877e-06,-0.00508456
1.7788377e-06,-0.00550071
1.7788877e-06,-0.00430775
1.7789377e-06,-0.00278187
1.7789877e-06,-0.0036974
1.7790377e-06,-0.00686013
1.7790877e-06,-0.00916282
1.7791377e-06,-0.0088299
1.7791877e-06,-0.00719305
1.7792377e-06,-0.0067769
1.7792877e-06,-0.00910733
1.7793377e-06,-0.0127694
1.7793877e-06,-0.0134353
1.7794377e-06,-0.00905185
1.7794877e-06,-0.00536199
1.7795377e-06,-0.010439
1.7795877e-06,-0.0220912
1.7796377e-06,-0.0280282
1.7796877e-06,-0.0214808
1.7797377e-06,-0.0104945
1.7797877e-06,-0.00602783
1.7798377e-06,-0.0076092
1.7798877e-06,-0.00774791
1.7799377e-06,-0.00611106
1.7799877e-06,-0.00869118
1.7800377e-06,-0.014767
1.7800877e-06,-0.0157102
1.7801377e-06,-0.00891313
1.7801877e-06,-0.00308705
1.7802377e-06,-0.00613881
1.7802877e-06,-0.0138237
1.7803377e-06,-0.0161264
1.7803877e-06,-0.0111881
1.7804377e-06,-0.00738725
1.7804877e-06,-0.0109384
1.7805377e-06,-0.0167922
1.7805877e-06,-0.0162373
1.7806377e-06,-0.0100783
1.7806877e-06,-0.00724854
1.7807377e-06,-0.0109384
1.7807877e-06,-0.0139624
1.7808377e-06,-0.0100506
1.7808877e-06,-0.00278187
1.7809377e-06,0.0002144
1.7809877e-06,-0.0024767
1.7810377e-06,-0.00613881
1.7810877e-06,-0.00688787
1.7811377e-06,-0.00547297
1.7811877e-06,-0.00494585
1.7812377e-06,-0.00688787
1.7812877e-06,-0.00952348
1.7813377e-06,-0.00896862
1.7813877e-06,-0.00336448
1.7814377e-06,0.00371005
1.7814877e-06,0.00509721
1.7815377e-06,-0.00222701
1.7815877e-06,-0.0118539
1.7816377e-06,-0.0132966
1.7816877e-06,-0.00397483
1.7817377e-06,0.00629017
1.7817877e-06,0.00587402
1.7818377e-06,-0.00514005
1.7818877e-06,-0.0153773
1.7819377e-06,-0.0165425
1.7819877e-06,-0.0128527
1.7820377e-06,-0.0129914
1.7820877e-06,-0.0165703
1.7821377e-06,-0.0147947
1.7821877e-06,-0.00514005
1.7822377e-06,0.00215643
1.7822877e-06,-0.00294833
1.7823377e-06,-0.0155993
1.7823877e-06,-0.0210647
1.7824377e-06,-0.0140456
1.7824877e-06,-0.0055562
1.7825377e-06,-0.00835827
1.7825877e-06,-0.019844
1.7826377e-06,-0.0256701
1.7826877e-06,-0.0183736
1.7827377e-06,-0.00666593
1.7827877e-06,-0.00375289
1.7828377e-06,-0.0108552
1.7828877e-06,-0.0178187
1.7829377e-06,-0.0170142
1.7829877e-06,-0.0118817
1.7830377e-06,-0.00999512
1.7830877e-06,-0.0125752
1.7831377e-06,-0.0136295
1.7831877e-06,-0.00941251
1.7832377e-06,-0.0051123
1.7832877e-06,-0.00871893
1.7833377e-06,-0.0189284
1.7833877e-06,-0.0245048
1.7834377e-06,-0.0196498
1.7834877e-06,-0.0127972
1.7835377e-06,-0.0142953
1.7835877e-06,-0.0201491
1.7836377e-06,-0.0186233
1.7836877e-06,-0.00957897
1.7837377e-06,-0.00552845
1.7837877e-06,-0.0116597
1.7838377e-06,-0.0177077
1.7838877e-06,-0.0144063
1.7839377e-06,-0.00777566
1.7839877e-06,-0.00869118
1.7840377e-06,-0.0159877
1.7840877e-06,-0.0199272
1.7841377e-06,-0.0167645
1.7841877e-06,-0.0112713
1.7842377e-06,-0.00805309
1.7842877e-06,-0.00810858
1.7843377e-06,-0.01141
1.7843877e-06,-0.0156547
1.7844377e-06,-0.0149889
1.7844877e-06,-0.00710982
1.7845377e-06,0.000686035
1.7845877e-06,-0.00111728
1.7846377e-06,-0.0116597
1.7846877e-06,-0.0200937
1.7847377e-06,-0.0193169
1.7847877e-06,-0.0136572
1.7848377e-06,-0.0110216
1.7848877e-06,-0.0116042
1.7849377e-06,-0.0100506
1.7849877e-06,-0.00597235
1.7850377e-06,-0.00561168
1.7850877e-06,-0.0117707
1.7851377e-06,-0.0181516
1.7851877e-06,-0.0169864
1.7852377e-06,-0.0088299
1.7852877e-06,-0.00103405
1.7853377e-06,0.00101895
1.7853877e-06,-0.0024767
1.7854377e-06,-0.00808083
1.7854877e-06,-0.0116875
1.7855377e-06,-0.0106055
1.7855877e-06,-0.00661044
1.7856377e-06,-0.00516779
1.7856877e-06,-0.00910733
1.7857377e-06,-0.0142676
1.7857877e-06,-0.0147115
1.7858377e-06,-0.0111048
1.7858877e-06,-0.00971768
1.7859377e-06,-0.0130469
1.7859877e-06,-0.0160154
1.7860377e-06,-0.0135463
1.7860877e-06,-0.00860795
1.7861377e-06,-0.00824729
1.7861877e-06,-0.0124643
1.7862377e-06,-0.0128804
1.7862877e-06,-0.00486262
1.7863377e-06,0.00343262
1.7863877e-06,0.000991211
1.7864377e-06,-0.00982866
1.7864877e-06,-0.0146837
1.7865377e-06,-0.00735951
1.7865877e-06,0.00135187
1.7866377e-06,-0.00120051
1.7866877e-06,-0.012381
1.7867377e-06,-0.0189562
1.7867877e-06,-0.0142398
1.7868377e-06,-0.00455744
1.7868877e-06,-0.000590154
1.7869377e-06,-0.0059446
1.7869877e-06,-0.0138514
1.7870377e-06,-0.0147115
1.7870877e-06,-0.00686013
1.7871377e-06,0.000991211
1.7871877e-06,-0.000839844
1.7872377e-06,-0.0125752
1.7872877e-06,-0.0249487
1.7873377e-06,-0.0281115
1.7873877e-06,-0.0195388
1.7874377e-06,-0.00547297
1.7874877e-06,0.0041262
1.7875377e-06,0.00326616
1.7875877e-06,-0.00586137
1.7876377e-06,-0.015627
1.7876877e-06,-0.0191226
1.7877377e-06,-0.0147115
1.7877877e-06,-0.00733176
1.7878377e-06,-0.00500133
1.7878877e-06,-0.0112991
1.7879377e-06,-0.020815
1.7879877e-06,-0.0242551
1.7880377e-06,-0.01854
1.7880877e-06,-0.00952348
1.7881377e-06,-0.00461293
1.7881877e-06,-0.00416903
1.7882377e-06,-0.00294833
1.7882877e-06,0.000797008
1.7883377e-06,0.00146285
1.7883877e-06,-0.00489036
1.7884377e-06,-0.012381
1.7884877e-06,-0.0118539
1.7885377e-06,-0.0030593
1.7885877e-06,0.00509721
1.7886377e-06,0.00518044
1.7886877e-06,-0.00167214
1.7887377e-06,-0.00891313
1.7887877e-06,-0.0118539
1.7888377e-06,-0.0115765
1.7888877e-06,-0.0118817
1.7889377e-06,-0.0137682
1.7889877e-06,-0.0143786
1.7890377e-06,-0.0113545
1.7890877e-06,-0.00674916
1.7891377e-06,-0.00508456
1.7891877e-06,-0.00830278
1.7892377e-06,-0.0132688
1.7892877e-06,-0.0156825
1.7893377e-06,-0.0155438
1.7893877e-06,-0.016487
1.7894377e-06,-0.018873
1.7894877e-06,-0.01768
1.7895377e-06,-0.0103558
1.7895877e-06,-0.00228249
1.7896377e-06,-0.000839844
1.7896877e-06,-0.00550071
1.7897377e-06,-0.00888539
1.7897877e-06,-0.00727628
1.7898377e-06,-0.00477939
1.7898877e-06,-0.00644398
1.7899377e-06,-0.0110216
1.7899877e-06,-0.013574
1.7900377e-06,-0.0119371
1.7900877e-06,-0.00821955
1.7901377e-06,-0.00536199
1.7901877e-06,-0.00480713
1.7902377e-06,-0.00641624
1.7902877e-06,-0.00888539
1.7903377e-06,-0.0103835
1.7903877e-06,-0.00999512
1.7904377e-06,-0.00860795
1.7904877e-06,-0.00810858
1.7905377e-06,-0.0090241
1.7905877e-06,-0.00896862
1.7906377e-06,-0.00522328
1.7906877e-06,0.000158913
1.7907377e-06,-9.07759e-05
1.7907877e-06,-0.00938477
1.7908377e-06,-0.0196775
1.7908877e-06,-0.0187897
1.7909377e-06,-0.00716531
1.7909877e-06,0.000380859
1.7910377e-06,-0.00602783
1.7910877e-06,-0.0174858
1.7911377e-06,-0.0183458
1.7911877e-06,-0.00705433
1.7912377e-06,0.0034881
1.7912877e-06,0.0034881
1.7913377e-06,-0.00400257
1.7913877e-06,-0.0108829
1.7914377e-06,-0.0138237
1.7914877e-06,-0.0140456
1.7915377e-06,-0.0120481
1.7915877e-06,-0.00752597
1.7916377e-06,-0.00308705
1.7916877e-06,-0.00344771
1.7917377e-06,-0.00960671
1.7917877e-06,-0.0158767
1.7918377e-06,-0.0158212
1.7918877e-06,-0.0106887
1.7919377e-06,-0.00824729
1.7919877e-06,-0.012381
1.7920377e-06,-0.0183181
1.7920877e-06,-0.0202324
1.7921377e-06,-0.0180961
1.7921877e-06,-0.0143786
1.7922377e-06,-0.00982866
1.7922877e-06,-0.00616655
1.7923377e-06,-0.00741499
1.7923877e-06,-0.0139901
1.7924377e-06,-0.0189284
1.7924877e-06,-0.0159322
1.7925377e-06,-0.00871893
1.7925877e-06,-0.00636075
1.7926377e-06,-0.0103835
1.7926877e-06,-0.0130746
1.7927377e-06,-0.00952348
1.7927877e-06,-0.0059446
1.7928377e-06,-0.0111881
1.7928877e-06,-0.0232009
1.7929377e-06,-0.0291102
1.7929877e-06,-0.0207595
1.7930377e-06,-0.00572266
1.7930877e-06,0.00126864
1.7931377e-06,-0.00378063
1.7931877e-06,-0.0109384
1.7932377e-06,-0.0111881
1.7932877e-06,-0.00716531
1.7933377e-06,-0.00669367
1.7933877e-06,-0.0113268
1.7934377e-06,-0.0153496
1.7934877e-06,-0.0136295
1.7935377e-06,-0.00766468
1.7935877e-06,-0.0040858
1.7936377e-06,-0.00796986
1.7936877e-06,-0.0167922
1.7937377e-06,-0.021897
1.7937877e-06,-0.0181794
1.7938377e-06,-0.0101061
1.7938877e-06,-0.00608332
1.7939377e-06,-0.00835827
1.7939877e-06,-0.0125475
1.7940377e-06,-0.0143508
1.7940877e-06,-0.0126862
1.7941377e-06,-0.00769243
1.7941877e-06,-0.000673384
1.7942377e-06,0.00426491
1.7942877e-06,0.00254483
1.7943377e-06,-0.0055562
1.7943877e-06,-0.0144618
1.7944377e-06,-0.0181516
1.7944877e-06,-0.0140734
1.7945377e-06,-0.0051123
1.7945877e-06,0.00162931
1.7946377e-06,0.00101895
1.7946877e-06,-0.00394709
1.7947377e-06,-0.00602783
1.7947877e-06,-0.00422452
1.7948377e-06,-0.00544522
1.7948877e-06,-0.0128527
1.7949377e-06,-0.0185955
1.7949877e-06,-0.0139901
1.7950377e-06,-0.00311479
1.7950877e-06,0.00107444
1.7951377e-06,-0.00638849
1.7951877e-06,-0.0169864
1.7952377e-06,-0.0210924
1.7952877e-06,-0.0190672
1.7953377e-06,-0.0167367
1.7953877e-06,-0.0154051
1.7954377e-06,-0.0135185
1.7954877e-06,-0.0134353
1.7955377e-06,-0.0184568
1.7955877e-06,-0.0246436
1.7956377e-06,-0.0244216
1.7956877e-06,-0.0183181
1.7957377e-06,-0.0141289
1.7957877e-06,-0.0141289
1.7958377e-06,-0.0124365
1.7958877e-06,-0.00699885
1.7959377e-06,-0.00455744
1.7959877e-06,-0.00932928
1.7960377e-06,-0.0147947
1.7960877e-06,-0.0142676
1.7961377e-06,-0.0114378
1.7961877e-06,-0.0129082
1.7962377e-06,-0.0159599
1.7962877e-06,-0.0137405
1.7963377e-06,-0.00858021
1.7963877e-06,-0.00949574
1.7964377e-06,-0.0170419
1.7964877e-06,-0.0202601
1.7965377e-06,-0.0113545
1.7965877e-06,0.00251709
1.7966377e-06,0.00731667
1.7966877e-06,-0.00136697
1.7967377e-06,-0.0143231
1.7967877e-06,-0.0201769
1.7968377e-06,-0.0171251
1.7968877e-06,-0.0115487
1.7969377e-06,-0.00916282
1.7969877e-06,-0.0100229
1.7970377e-06,-0.0112713
1.7970877e-06,-0.0112991
1.7971377e-06,-0.0102448
1.7971877e-06,-0.0086357
1.7972377e-06,-0.00747048
1.7972877e-06,-0.00813632
1.7973377e-06,-0.0104668
1.7973877e-06,-0.0112713
1.7974377e-06,-0.00830278
1.7974877e-06,-0.00461293
1.7975377e-06,-0.00547297
1.7975877e-06,-0.01055
1.7976377e-06,-0.013685
1.7976877e-06,-0.0107719
1.7977377e-06,-0.00486262
1.7977877e-06,-0.00150568
1.7978377e-06,-0.00233798
1.7978877e-06,-0.00455744
1.7979377e-06,-0.00538974
1.7979877e-06,-0.00591686
1.7980377e-06,-0.00999512
1.7980877e-06,-0.018762
1.7981377e-06,-0.0265578
1.7981877e-06,-0.0261417
1.7982377e-06,-0.0179852
1.7982877e-06,-0.0107719
1.7983377e-06,-0.0101893
1.7983877e-06,-0.0122701
1.7984377e-06,-0.0112713
1.7984877e-06,-0.00852472
1.7985377e-06,-0.00813632
1.7985877e-06,-0.00894087
1.7986377e-06,-0.00749822
1.7986877e-06,-0.00544522
1.7987377e-06,-0.00777566
1.7987877e-06,-0.0138792
1.7988377e-06,-0.0161541
1.7988877e-06,-0.00927379
1.7989377e-06,0.00185125
1.7989877e-06,0.00629017
1.7990377e-06,-0.000645641
1.7990877e-06,-0.0113545
1.7991377e-06,-0.0148224
1.7991877e-06,-0.00905185
1.7992377e-06,-0.0020328
1.7992877e-06,-0.00106179
1.7993377e-06,-0.00466841
1.7993877e-06,-0.00633301
1.7994377e-06,-0.00466841
1.7994877e-06,-0.00583363
1.7995377e-06,-0.0142121
1.7995877e-06,-0.0241719
1.7996377e-06,-0.0263636
1.7996877e-06,-0.0201769
1.7997377e-06,-0.0131856
1.7997877e-06,-0.0100783
1.7998377e-06,-0.00871893
1.7998877e-06,-0.00722079
1.7999377e-06,-0.00752597
1.7999877e-06,-0.00996737
1.8000377e-06,-0.0104668
1.8000877e-06,-0.0069711
1.8001377e-06,-0.00391934
1.8001877e-06,-0.00597235
1.8002377e-06,-0.0107719
1.8002877e-06,-0.0131024
1.8003377e-06,-0.0136017
1.8003877e-06,-0.0159322
1.8004377e-06,-0.017569
1.8004877e-06,-0.012714
1.8005377e-06,-0.00430775
1.8005877e-06,-0.0035032
1.8006377e-06,-0.0133243
1.8006877e-06,-0.0213144
1.8007377e-06,-0.0148502
1.8007877e-06,0.00112993
1.8008377e-06,0.00870384
1.8008877e-06,-0.00142245
1.8009377e-06,-0.0184291
1.8009877e-06,-0.0243661
1.8010377e-06,-0.015516
1.8010877e-06,-0.00561168
1.8011377e-06,-0.00747048
1.8011877e-06,-0.017791
1.8012377e-06,-0.0235061
1.8012877e-06,-0.0190949
1.8013377e-06,-0.0107997
1.8013877e-06,-0.00580589
1.8014377e-06,-0.00447421
1.8014877e-06,-0.00505682
1.8015377e-06,-0.0084415
1.8015877e-06,-0.0131024
1.8016377e-06,-0.0121036
1.8016877e-06,-0.00225475
1.8017377e-06,0.00751088
1.8017877e-06,0.00556885
1.8018377e-06,-0.00611106
1.8018877e-06,-0.0131856
1.8019377e-06,-0.00769243
1.8019877e-06,0.00235063
1.8020377e-06,0.00473655
1.8020877e-06,-0.00214378
1.8021377e-06,-0.00991189
1.8021877e-06,-0.0114378
1.8022377e-06,-0.00738725
1.8022877e-06,-0.00322576
1.8023377e-06,-0.00325351
1.8023877e-06,-0.00741499
1.8024377e-06,-0.012492
1.8024877e-06,-0.0153496
1.8025377e-06,-0.0148779
1.8025877e-06,-0.0117152
1.8026377e-06,-0.00710982
1.8026877e-06,-0.00269864
1.8027377e-06,-0.000395952
1.8027877e-06,-0.00114502
1.8028377e-06,-0.00444647
1.8028877e-06,-0.00919056
1.8029377e-06,-0.0143508
1.8029877e-06,-0.0178465
1.8030377e-06,-0.0173471
1.8030877e-06,-0.0133521
1.8031377e-06,-0.00968994
1.8031877e-06,-0.00921831
1.8032377e-06,-0.0105777
1.8032877e-06,-0.0109384
1.8033377e-06,-0.00999512
1.8033877e-06,-0.00885764
1.8034377e-06,-0.00713756
1.8034877e-06,-0.00419678
1.8035377e-06,-0.00192183
1.8035877e-06,-0.00275413
1.8036377e-06,-0.00638849
1.8036877e-06,-0.0102448
1.8037377e-06,-0.012381
1.8037877e-06,-0.0114933
1.8038377e-06,-0.00777566
1.8038877e-06,-0.00486262
1.8039377e-06,-0.00747048
1.8039877e-06,-0.0135463
1.8040377e-06,-0.0143786
1.8040877e-06,-0.0067769
1.8041377e-06,0.000380859
1.8041877e-06,-0.00225475
1.8042377e-06,-0.0108274
1.8042877e-06,-0.0139901
1.8043377e-06,-0.00805309
1.8043877e-06,-0.000395952
1.8044377e-06,0.000491832
1.8044877e-06,-0.0067769
1.8045377e-06,-0.0161819
1.8045877e-06,-0.0192891
1.8046377e-06,-0.0136572
1.8046877e-06,-0.00741499
1.8047377e-06,-0.0105222
1.8047877e-06,-0.020593
1.8048377e-06,-0.0246158
1.8048877e-06,-0.0163206
1.8049377e-06,-0.00405806
1.8049877e-06,0.00151833
1.8050377e-06,0.00013117
1.8050877e-06,-0.00294833
1.8051377e-06,-0.00669367
1.8051877e-06,-0.0125752
1.8052377e-06,-0.0169864
1.8052877e-06,-0.0138237
1.8053377e-06,-0.00419678
1.8053877e-06,0.00285001
1.8054377e-06,0.000852495
1.8054877e-06,-0.00663818
1.8055377e-06,-0.0107997
1.8055877e-06,-0.00741499
1.8056377e-06,-0.000534668
1.8056877e-06,0.00215643
1.8057377e-06,-0.00339222
1.8057877e-06,-0.0133798
1.8058377e-06,-0.0192614
1.8058877e-06,-0.0162096
1.8059377e-06,-0.00874667
1.8059877e-06,-0.0057504
1.8060377e-06,-0.00885764
1.8060877e-06,-0.0101893
1.8061377e-06,-0.00494585
1.8061877e-06,-0.000728871
1.8062377e-06,-0.00652721
1.8062877e-06,-0.0164593
1.8063377e-06,-0.0160709
1.8063877e-06,-0.00458518
1.8064377e-06,0.00182351
1.8064877e-06,-0.00727628
1.8065377e-06,-0.021675
1.8065877e-06,-0.0244216
1.8066377e-06,-0.0129636
1.8066877e-06,0.000103427
1.8067377e-06,0.00257258
1.8067877e-06,-0.00588912
1.8068377e-06,-0.0155715
1.8068877e-06,-0.0171806
1.8069377e-06,-0.0111326
1.8069877e-06,-0.00638849
1.8070377e-06,-0.00899636
1.8070877e-06,-0.0149334
1.8071377e-06,-0.0174858
1.8071877e-06,-0.016598
1.8072377e-06,-0.0162651
1.8072877e-06,-0.0164593
1.8073377e-06,-0.0146282
1.8073877e-06,-0.0119094
1.8074377e-06,-0.0119371
1.8074877e-06,-0.0142953
1.8075377e-06,-0.0149612
1.8075877e-06,-0.0123256
1.8076377e-06,-0.00907959
1.8076877e-06,-0.00785889
1.8077377e-06,-0.00852472
1.8077877e-06,-0.00938477
1.8078377e-06,-0.00955123
1.8078877e-06,-0.0102448
1.8079377e-06,-0.0137959
1.8079877e-06,-0.0200659
1.8080377e-06,-0.0244216
1.8080877e-06,-0.0221744
1.8081377e-06,-0.0143231
1.8081877e-06,-0.00688787
1.8082377e-06,-0.00489036
1.8082877e-06,-0.00916282
1.8083377e-06,-0.0179297
1.8083877e-06,-0.0272514
1.8084377e-06,-0.03108
1.8084877e-06,-0.0254759
1.8085377e-06,-0.0143231
1.8085877e-06,-0.00724854
1.8086377e-06,-0.00913508
1.8086877e-06,-0.0144063
1.8087377e-06,-0.0142953
1.8087877e-06,-0.00819181
1.8088377e-06,-0.00375289
1.8088877e-06,-0.00611106
1.8089377e-06,-0.0110216
1.8089877e-06,-0.0110216
1.8090377e-06,-0.00655495
1.8090877e-06,-0.00558394
1.8091377e-06,-0.0120204
1.8091877e-06,-0.018762
1.8092377e-06,-0.0164316
1.8092877e-06,-0.00636075
1.8093377e-06,0.000519576
1.8093877e-06,-0.00228249
1.8094377e-06,-0.00944025
1.8094877e-06,-0.0131024
1.8095377e-06,-0.013685
1.8095877e-06,-0.01682
1.8096377e-06,-0.0226183
1.8096877e-06,-0.0240609
1.8097377e-06,-0.0164593
1.8097877e-06,-0.00505682
1.8098377e-06,-0.000590154
1.8098877e-06,-0.00794212
1.8099377e-06,-0.0208982
1.8099877e-06,-0.0294986
1.8100377e-06,-0.029887
1.8100877e-06,-0.0241442
1.8101377e-06,-0.0151276
1.8101877e-06,-0.00641624
1.8102377e-06,-0.00308705
1.8102877e-06,-0.00613881
1.8103377e-06,-0.00927379
1.8103877e-06,-0.00749822
1.8104377e-06,-0.00519553
1.8104877e-06,-0.00874667
1.8105377e-06,-0.0146005
1.8105877e-06,-0.0134353
1.8106377e-06,-0.00419678
1.8106877e-06,0.00337713
1.8107377e-06,0.00137962
1.8107877e-06,-0.0067769
1.8108377e-06,-0.0116042
1.8108877e-06,-0.00957897
1.8109377e-06,-0.00583363
1.8109877e-06,-0.00605558
1.8110377e-06,-0.00921831
1.8110877e-06,-0.0104668
1.8111377e-06,-0.00877441
1.8111877e-06,-0.00785889
1.8112377e-06,-0.00974543
1.8112877e-06,-0.0116042
1.8113377e-06,-0.0104945
1.8113877e-06,-0.00713756
1.8114377e-06,-0.00314253
1.8114877e-06,0.00101895
1.8115377e-06,0.00307195
1.8115877e-06,-0.00103405
1.8116377e-06,-0.0103003
1.8116877e-06,-0.0169309
1.8117377e-06,-0.0160154
1.8117877e-06,-0.0117429
1.8118377e-06,-0.0104945
1.8118877e-06,-0.0120481
1.8119377e-06,-0.0122423
1.8119877e-06,-0.0111048
1.8120377e-06,-0.0131301
1.8120877e-06,-0.0198995
1.8121377e-06,-0.0269462
1.8121877e-06,-0.0282224
1.8122377e-06,-0.021675
1.8122877e-06,-0.0105222
1.8123377e-06,-0.0018386
1.8123877e-06,-0.00283736
1.8124377e-06,-0.013685
1.8124877e-06,-0.0245603
1.8125377e-06,-0.0241997
1.8125877e-06,-0.0128527
1.8126377e-06,-0.0026709
1.8126877e-06,-0.00447421
1.8127377e-06,-0.0167367
1.8127877e-06,-0.0273347
1.8128377e-06,-0.0251429
1.8128877e-06,-0.011521
1.8129377e-06,-0.000229492
1.8129877e-06,-0.00303156
1.8130377e-06,-0.015516
1.8130877e-06,-0.0228402
1.8131377e-06,-0.0190672
1.8131877e-06,-0.0130191
1.8132377e-06,-0.0134353
1.8132877e-06,-0.0174026
1.8133377e-06,-0.0172638
1.8133877e-06,-0.0125752
1.8134377e-06,-0.00944025
1.8134877e-06,-0.0119094
1.8135377e-06,-0.0178742
1.8135877e-06,-0.0212311
1.8136377e-06,-0.0170974
1.8136877e-06,-0.00738725
1.8137377e-06,-0.00117276
1.8137877e-06,-0.00530651
1.8138377e-06,-0.0145728
1.8138877e-06,-0.0174581
1.8139377e-06,-0.0112436
1.8139877e-06,-0.0051123
1.8140377e-06,-0.00652721
1.8140877e-06,-0.0115765
1.8141377e-06,-0.0119926
1.8141877e-06,-0.00641624
1.8142377e-06,-0.000395952
1.8142877e-06,0.00107444
1.8143377e-06,-0.00222701
1.8143877e-06,-0.00727628
1.8144377e-06,-0.010439
1.8144877e-06,-0.00968994
1.8145377e-06,-0.00644398
1.8145877e-06,-0.00494585
1.8146377e-06,-0.0078034
1.8146877e-06,-0.0127694
1.8147377e-06,-0.0162373
1.8147877e-06,-0.0184846
1.8148377e-06,-0.0215641
1.8148877e-06,-0.0235061
1.8149377e-06,-0.0193446
1.8149877e-06,-0.00905185
1.8150377e-06,-0.000257235
1.8150877e-06,7.56836e-05
1.8151377e-06,-0.00586137
1.8151877e-06,-0.00949574
1.8152377e-06,-0.00749822
1.8152877e-06,-0.00514005
1.8153377e-06,-0.00674916
1.8153877e-06,-0.00921831
1.8154377e-06,-0.00869118
1.8154877e-06,-0.00758145
1.8155377e-06,-0.00971768
1.8155877e-06,-0.0137127
1.8156377e-06,-0.0166258
1.8156877e-06,-0.018762
1.8157377e-06,-0.0196498
1.8157877e-06,-0.0154605
1.8158377e-06,-0.0059446
1.8158877e-06,0.000519576
1.8159377e-06,-0.00361417
1.8159877e-06,-0.0134353
1.8160377e-06,-0.0165703
1.8160877e-06,-0.00935702
1.8161377e-06,-0.00186634
1.8161877e-06,-0.00428001
1.8162377e-06,-0.012603
1.8162877e-06,-0.0139624
1.8163377e-06,-0.00430775
1.8163877e-06,0.005985
1.8164377e-06,0.00565208
1.8164877e-06,-0.00458518
1.8165377e-06,-0.0154605
1.8165877e-06,-0.0210369
1.8166377e-06,-0.0215086
1.8166877e-06,-0.0189562
1.8167377e-06,-0.0153496
1.8167877e-06,-0.0137127
1.8168377e-06,-0.015738
1.8168877e-06,-0.0187897
1.8169377e-06,-0.0181794
1.8169877e-06,-0.0132411
1.8170377e-06,-0.00805309
1.8170877e-06,-0.00674916
1.8171377e-06,-0.00980091
1.8171877e-06,-0.0143231
1.8172377e-06,-0.0162373
1.8172877e-06,-0.0137127
1.8173377e-06,-0.0100229
1.8173877e-06,-0.0109384
1.8174377e-06,-0.016598
1.8174877e-06,-0.0200937
1.8175377e-06,-0.016709
1.8175877e-06,-0.0109106
1.8176377e-06,-0.00935702
1.8176877e-06,-0.0116875
1.8177377e-06,-0.0130191
1.8177877e-06,-0.0124088
1.8178377e-06,-0.0135463
1.8178877e-06,-0.0184013
1.8179377e-06,-0.023728
1.8179877e-06,-0.0245326
1.8180377e-06,-0.0189839
1.8180877e-06,-0.0104945
1.8181377e-06,-0.00516779
1.8181877e-06,-0.00572266
1.8182377e-06,-0.00819181
1.8182877e-06,-0.00680464
1.8183377e-06,-0.00222701
1.8183877e-06,-0.00142245
1.8184377e-06,-0.00835827
1.8184877e-06,-0.0173748
1.8185377e-06,-0.0190672
1.8185877e-06,-0.0114655
1.8186377e-06,-0.00278187
1.8186877e-06,-0.00261541
1.8187377e-06,-0.0115765
1.8187877e-06,-0.0210924
1.8188377e-06,-0.0231732
1.8188877e-06,-0.0189007
1.8189377e-06,-0.0151831
1.8189877e-06,-0.0152941
1.8190377e-06,-0.0161541
1.8190877e-06,-0.0141843
1.8191377e-06,-0.0103558
1.8191877e-06,-0.00866344
1.8192377e-06,-0.0109661
1.8192877e-06,-0.0149334
1.8193377e-06,-0.0164593
1.8193877e-06,-0.0135185
1.8194377e-06,-0.00813632
1.8194877e-06,-0.00486262
1.8195377e-06,-0.00644398
1.8195877e-06,-0.00982866
1.8196377e-06,-0.00905185
1.8196877e-06,-0.00361417
1.8197377e-06,-0.00158891
1.8197877e-06,-0.00927379
1.8198377e-06,-0.0203711
1.8198877e-06,-0.0223686
1.8199377e-06,-0.0139347
1.8199877e-06,-0.0076092
1.8200377e-06,-0.0126585
1.8200877e-06,-0.0223409
1.8201377e-06,-0.0239222
1.8201877e-06,-0.0160986
1.8202377e-06,-0.00891313
1.8202877e-06,-0.00880216
1.8203377e-06,-0.0113823
1.8203877e-06,-0.0104113
1.8204377e-06,-0.0069711
1.8204877e-06,-0.00624978
1.8205377e-06,-0.00888539
1.8205877e-06,-0.0106055
1.8206377e-06,-0.00932928
1.8206877e-06,-0.0079976
1.8207377e-06,-0.00866344
1.8207877e-06,-0.00846924
1.8208377e-06,-0.0055562
1.8208877e-06,-0.0045297
1.8209377e-06,-0.0103003
1.8209877e-06,-0.0183458
1.8210377e-06,-0.0187342
1.8210877e-06,-0.01055
1.8211377e-06,-0.00508456
1.8211877e-06,-0.0105777
1.8212377e-06,-0.0198717
1.8212877e-06,-0.0197607
1.8213377e-06,-0.00819181
1.8213877e-06,0.00387651
1.8214377e-06,0.00629017
1.8214877e-06,-0.000590154
1.8215377e-06,-0.00869118
1.8215877e-06,-0.0104945
1.8216377e-06,-0.00486262
1.8216877e-06,0.001879
1.8217377e-06,0.0024616
1.8217877e-06,-0.00333674
1.8218377e-06,-0.00910733
1.8218877e-06,-0.0108552
1.8219377e-06,-0.0105777
1.8219877e-06,-0.0108829
1.8220377e-06,-0.01055
1.8220877e-06,-0.00838601
1.8221377e-06,-0.00686013
1.8221877e-06,-0.00885764
1.8222377e-06,-0.0133243
1.8222877e-06,-0.016598
1.8223377e-06,-0.0168477
1.8223877e-06,-0.0152386
1.8224377e-06,-0.0136017
1.8224877e-06,-0.012381
1.8225377e-06,-0.0108552
1.8225877e-06,-0.00924605
1.8226377e-06,-0.0096622
1.8226877e-06,-0.0133243
1.8227377e-06,-0.0171806
1.8227877e-06,-0.0152108
1.8228377e-06,-0.0067769
1.8228877e-06,-0.000229492
1.8229377e-06,-0.00330899
1.8229877e-06,-0.0111326
1.8230377e-06,-0.0111326
1.8230877e-06,-0.00128374
1.8231377e-06,0.00556885
1.8231877e-06,-0.000451438
1.8232377e-06,-0.0123533
1.8232877e-06,-0.0166258
1.8233377e-06,-0.010439
1.8233877e-06,-0.00225475
1.8234377e-06,0.000408603
1.8234877e-06,-0.00355868
1.8235377e-06,-0.0120759
1.8235877e-06,-0.0209814
1.8236377e-06,-0.0238667
1.8236877e-06,-0.0175968
1.8237377e-06,-0.00791437
1.8237877e-06,-0.00400257
1.8238377e-06,-0.00733176
1.8238877e-06,-0.0115765
1.8239377e-06,-0.0128249
1.8239877e-06,-0.0138514
1.8240377e-06,-0.0171251
1.8240877e-06,-0.0196498
1.8241377e-06,-0.0179019
1.8241877e-06,-0.0129359
1.8242377e-06,-0.00821955
1.8242877e-06,-0.00547297
1.8243377e-06,-0.00516779
1.8243877e-06,-0.00772017
1.8244377e-06,-0.0120759
1.8244877e-06,-0.0151554
1.8245377e-06,-0.0151276
1.8245877e-06,-0.0140456
1.8246377e-06,-0.0157102
1.8246877e-06,-0.020815
1.8247377e-06,-0.0251152
1.8247877e-06,-0.0235338
1.8248377e-06,-0.0167922
1.8248877e-06,-0.0122978
1.8249377e-06,-0.0150721
1.8249877e-06,-0.0199827
1.8250377e-06,-0.0175135
1.8250877e-06,-0.00733176
1.8251377e-06,-0.000340465
1.8251877e-06,-0.00527876
1.8252377e-06,-0.0172361
1.8252877e-06,-0.023839
1.8253377e-06,-0.0203156
1.8253877e-06,-0.0132133
1.8254377e-06,-0.00974543
1.8254877e-06,-0.010439
1.8255377e-06,-0.0134075
1.8255877e-06,-0.0182903
1.8256377e-06,-0.0225906
1.8256877e-06,-0.0207318
1.8257377e-06,-0.012714
1.8257877e-06,-0.00716531
1.8258377e-06,-0.00991189
1.8258877e-06,-0.0148224
1.8259377e-06,-0.0126585
1.8259877e-06,-0.00464067
1.8260377e-06,0.00029763
1.8260877e-06,-0.00200506
1.8261377e-06,-0.00769243
1.8261877e-06,-0.0122423
1.8262377e-06,-0.0148779
1.8262877e-06,-0.0164316
1.8263377e-06,-0.016709
1.8263877e-06,-0.0144895
1.8264377e-06,-0.00996737
1.8264877e-06,-0.0065827
1.8265377e-06,-0.00830278
1.8265877e-06,-0.0137405
1.8266377e-06,-0.0157102
1.8266877e-06,-0.0109106
1.8267377e-06,-0.00597235
1.8267877e-06,-0.00824729
1.8268377e-06,-0.0132133
1.8268877e-06,-0.0108274
1.8269377e-06,-0.00231024
1.8269877e-06,0.000436346
1.8270377e-06,-0.00694336
1.8270877e-06,-0.014545
1.8271377e-06,-0.013463
1.8271877e-06,-0.00849698
1.8272377e-06,-0.00932928
1.8272877e-06,-0.0155438
1.8273377e-06,-0.0181239
1.8273877e-06,-0.0132133
1.8274377e-06,-0.00722079
1.8274877e-06,-0.00755371
1.8275377e-06,-0.0135185
1.8275877e-06,-0.0184013
1.8276377e-06,-0.0175135
1.8276877e-06,-0.0117429
1.8277377e-06,-0.00536199
1.8277877e-06,-0.00253218
1.8278377e-06,-0.00469616
1.8278877e-06,-0.00919056
1.8279377e-06,-0.0112158
1.8279877e-06,-0.00821955
1.8280377e-06,-0.00339222
1.8280877e-06,-0.00269864
1.8281377e-06,-0.00810858
1.8281877e-06,-0.0143231
1.8282377e-06,-0.0145173
1.8282877e-06,-0.00858021
1.8283377e-06,-0.00425226
1.8283877e-06,-0.00869118
1.8284377e-06,-0.0198995
1.8284877e-06,-0.0274456
1.8285377e-06,-0.0227293
1.8285877e-06,-0.00830278
1.8286377e-06,0.00373779
1.8286877e-06,0.00398748
1.8287377e-06,-0.00516779
1.8287877e-06,-0.0142676
1.8288377e-06,-0.0170696
1.8288877e-06,-0.0139624
1.8289377e-06,-0.0088299
1.8289877e-06,-0.0065827
1.8290377e-06,-0.0103558
1.8290877e-06,-0.017569
1.8291377e-06,-0.0214531
1.8291877e-06,-0.0189007
1.8292377e-06,-0.0128527
1.8292877e-06,-0.00622203
1.8293377e-06,0.00112993
1.8293877e-06,0.0065676
1.8294377e-06,0.00357133
1.8294877e-06,-0.00916282
1.8295377e-06,-0.0222576
1.8295877e-06,-0.0248655
1.8296377e-06,-0.0163483
1.8296877e-06,-0.00608332
1.8297377e-06,-0.00319802
1.8297877e-06,-0.00805309
1.8298377e-06,-0.0131301
1.8298877e-06,-0.0112158
1.8299377e-06,-0.00344771
1.8299877e-06,0.00112993
1.8300377e-06,-0.00469616
1.8300877e-06,-0.0166258
1.8301377e-06,-0.0221744
1.8301877e-06,-0.0147392
1.8302377e-06,-0.00211603
1.8302877e-06,0.00223966
1.8303377e-06,-0.00497359
1.8303877e-06,-0.0145173
1.8304377e-06,-0.0172916
1.8304877e-06,-0.0139901
1.8305377e-06,-0.0104945
1.8305877e-06,-0.00921831
1.8306377e-06,-0.00833052
1.8306877e-06,-0.00669367
1.8307377e-06,-0.00602783
1.8307877e-06,-0.00802535
1.8308377e-06,-0.0113545
1.8308877e-06,-0.0117707
1.8309377e-06,-0.00608332
1.8309877e-06,0.00304421
1.8310377e-06,0.0070115
1.8310877e-06,-0.000562411
1.8311377e-06,-0.0146837
1.8311877e-06,-0.0223964
1.8312377e-06,-0.0180407
1.8312877e-06,-0.0107442
1.8313377e-06,-0.0110771
1.8313877e-06,-0.0154883
1.8314377e-06,-0.0121868
1.8314877e-06,-0.00103405
1.8315377e-06,0.0043204
1.8315877e-06,-0.00447421
1.8316377e-06,-0.01854
1.8316877e-06,-0.0232564
1.8317377e-06,-0.0161264
1.8317877e-06,-0.00763694
1.8318377e-06,-0.00794212
1.8318877e-06,-0.0168477
1.8319377e-06,-0.0256978
1.8319877e-06,-0.0263914
1.8320377e-06,-0.0188175
1.8320877e-06,-0.0107997
1.8321377e-06,-0.0102725
1.8321877e-06,-0.0165703
1.8322377e-06,-0.0208982
1.8322877e-06,-0.0166535
1.8323377e-06,-0.00713756
1.8323877e-06,-0.00161665
1.8324377e-06,-0.00436324
1.8324877e-06,-0.0101061
1.8325377e-06,-0.0103003
1.8325877e-06,-0.00341997
1.8326377e-06,0.00271129
1.8326877e-06,-0.000368208
1.8327377e-06,-0.0114655
1.8327877e-06,-0.0205376
1.8328377e-06,-0.0199827
1.8328877e-06,-0.0125752
1.8329377e-06,-0.00649947
1.8329877e-06,-0.00516779
1.8330377e-06,-0.00502907
1.8330877e-06,-0.00278187
1.8331377e-06,-0.000645641
1.8331877e-06,-0.00186634
1.8332377e-06,-0.00455744
1.8332877e-06,-0.00486262
1.8333377e-06,-0.0035032
1.8333877e-06,-0.00436324
1.8334377e-06,-0.00708208
1.8334877e-06,-0.00663818
1.8335377e-06,-0.00217152
1.8335877e-06,0.0002144
1.8336377e-06,-0.0047239
1.8336877e-06,-0.0132411
1.8337377e-06,-0.0164593
1.8337877e-06,-0.0110771
1.8338377e-06,-0.00344771
1.8338877e-06,-0.00219926
1.8339377e-06,-0.00777566
1.8339877e-06,-0.0119926
1.8340377e-06,-0.00891313
1.8340877e-06,-0.00344771
1.8341377e-06,-0.00422452
1.8341877e-06,-0.0105222
1.8342377e-06,-0.0135185
1.8342877e-06,-0.0103003
1.8343377e-06,-0.00727628
1.8343877e-06,-0.00783114
1.8344377e-06,-0.00741499
1.8344877e-06,-0.00447421
1.8345377e-06,-0.00538974
1.8345877e-06,-0.012492
1.8346377e-06,-0.0165703
1.8346877e-06,-0.0101061
1.8347377e-06,-0.000590154
1.8347877e-06,-0.000701127
1.8348377e-06,-0.00977317
1.8348877e-06,-0.0146005
1.8349377e-06,-0.00805309
1.8349877e-06,0.00171254
1.8350377e-06,0.00318293
1.8350877e-06,-0.0038916
1.8351377e-06,-0.0096622
1.8351877e-06,-0.00747048
1.8352377e-06,-0.00194957
1.8352877e-06,-0.00233798
1.8353377e-06,-0.00974543
1.8353877e-06,-0.0157935
1.8354377e-06,-0.0152386
1.8354877e-06,-0.0133521
1.8355377e-06,-0.0159322
1.8355877e-06,-0.0185678
1.8356377e-06,-0.0139624
1.8356877e-06,-0.00466841
1.8357377e-06,-0.0008121
1.8357877e-06,-0.00624978
1.8358377e-06,-0.0144063
1.8358877e-06,-0.0162096
1.8359377e-06,-0.00838601
1.8359877e-06,0.00481978
1.8360377e-06,0.0138641
1.8360877e-06,0.0106736
1.8361377e-06,-0.00325351
1.8361877e-06,-0.0159322
1.8362377e-06,-0.0161541
1.8362877e-06,-0.00633301
1.8363377e-06,4.79403e-05
1.8363877e-06,-0.0047239
1.8364377e-06,-0.012603
1.8364877e-06,-0.0109661
1.8365377e-06,0.0002144
1.8365877e-06,0.0084264
1.8366377e-06,0.00465332
1.8366877e-06,-0.00708208
1.8367377e-06,-0.0162928
1.8367877e-06,-0.0172916
1.8368377e-06,-0.0122423
1.8368877e-06,-0.00669367
1.8369377e-06,-0.00364191
1.8369877e-06,-0.00181086
1.8370377e-06,0.000852495
1.8370877e-06,0.0030997
1.8371377e-06,0.0012409
1.8371877e-06,-0.00483487
1.8372377e-06,-0.0101616
1.8372877e-06,-0.01055
1.8373377e-06,-0.00785889
1.8373877e-06,-0.0065827
1.8374377e-06,-0.00769243
1.8374877e-06,-0.00888539
1.8375377e-06,-0.00930154
1.8375877e-06,-0.0103003
1.8376377e-06,-0.0114655
1.8376877e-06,-0.0107442
1.8377377e-06,-0.00819181
1.8377877e-06,-0.00605558
1.8378377e-06,-0.00505682
1.8378877e-06,-0.0045297
1.8379377e-06,-0.00591686
1.8379877e-06,-0.0106887
1.8380377e-06,-0.0156825
1.8380877e-06,-0.0158212
1.8381377e-06,-0.0120481
1.8381877e-06,-0.00980091
1.8382377e-06,-0.00988414
1.8382877e-06,-0.00827504
1.8383377e-06,-0.00516779
1.8383877e-06,-0.00597235
1.8384377e-06,-0.0108552
1.8384877e-06,-0.0128249
1.8385377e-06,-0.00871893
1.8385877e-06,-0.00433549
1.8386377e-06,-0.00391934
1.8386877e-06,-0.00317028
1.8387377e-06,0.00237837
1.8387877e-06,0.00887029
1.8388377e-06,0.00967485
1.8388877e-06,0.00498624
1.8389377e-06,0.00013117
1.8389877e-06,-0.00219926
1.8390377e-06,-0.00403032
1.8390877e-06,-0.00727628
1.8391377e-06,-0.00977317
1.8391877e-06,-0.00791437
1.8392377e-06,-0.00303156
1.8392877e-06,-0.0018386
1.8393377e-06,-0.00772017
1.8393877e-06,-0.0150444
1.8394377e-06,-0.0160154
1.8394877e-06,-0.0114378
1.8395377e-06,-0.00924605
1.8395877e-06,-0.0136572
1.8396377e-06,-0.0200104
1.8396877e-06,-0.0213421
1.8397377e-06,-0.0167367
1.8397877e-06,-0.0113268
1.8398377e-06,-0.00874667
1.8398877e-06,-0.00769243
1.8399377e-06,-0.00561168
1.8399877e-06,-0.00358643
1.8400377e-06,-0.00444647
1.8400877e-06,-0.00841375
1.8401377e-06,-0.0122146
1.8401877e-06,-0.0129082
1.8402377e-06,-0.0110494
1.8402877e-06,-0.00968994
1.8403377e-06,-0.0104945
1.8403877e-06,-0.0120481
1.8404377e-06,-0.012603
1.8404877e-06,-0.0124643
1.8405377e-06,-0.0124088
1.8405877e-06,-0.0116597
1.8406377e-06,-0.00960671
1.8406877e-06,-0.00796986
1.8407377e-06,-0.00916282
1.8407877e-06,-0.0128804
1.8408377e-06,-0.015738
1.8408877e-06,-0.015516
1.8409377e-06,-0.0139347
1.8409877e-06,-0.0140456
1.8410377e-06,-0.0151554
1.8410877e-06,-0.0135185
1.8411377e-06,-0.00891313
1.8411877e-06,-0.00619429
1.8412377e-06,-0.00838601
1.8412877e-06,-0.0123256
1.8413377e-06,-0.0136572
1.8413877e-06,-0.0128249
1.8414377e-06,-0.0127972
1.8414877e-06,-0.0140456
1.8415377e-06,-0.0146005
1.8415877e-06,-0.0142676
1.8416377e-06,-0.0147115
1.8416877e-06,-0.015738
1.8417377e-06,-0.0142121
1.8417877e-06,-0.00924605
1.8418377e-06,-0.00566717
1.8418877e-06,-0.00880216
1.8419377e-06,-0.0157935
1.8419877e-06,-0.0168754
1.8420377e-06,-0.00774791
1.8420877e-06,0.00273904
1.8421377e-06,0.00198997
1.8421877e-06,-0.0100229
1.8422377e-06,-0.0197885
1.8422877e-06,-0.0177077
1.8423377e-06,-0.0112991
1.8423877e-06,-0.0143508
1.8424377e-06,-0.0255591
1.8424877e-06,-0.0291102
1.8425377e-06,-0.0180684
1.8425877e-06,-0.00611106
1.8426377e-06,-0.00877441
1.8426877e-06,-0.0217583
1.8427377e-06,-0.0279727
1.8427877e-06,-0.020593
1.8428377e-06,-0.00930154
1.8428877e-06,-0.00480713
1.8429377e-06,-0.00683239
1.8429877e-06,-0.00935702
1.8430377e-06,-0.010661
1.8430877e-06,-0.0140179
1.8431377e-06,-0.0206208
1.8431877e-06,-0.0256978
1.8432377e-06,-0.0231732
1.8432877e-06,-0.0127417
1.8433377e-06,-0.00097856
1.8433877e-06,0.00426491
1.8434377e-06,-0.000257235
1.8434877e-06,-0.0113268
1.8435377e-06,-0.0209814
1.8435877e-06,-0.0221189
1.8436377e-06,-0.0154883
1.8436877e-06,-0.00905185
1.8437377e-06,-0.00833052
1.8437877e-06,-0.00993963
1.8438377e-06,-0.00785889
1.8438877e-06,-0.00280961
1.8439377e-06,-0.00117276
1.8439877e-06,-0.00541748
1.8440377e-06,-0.0105222
1.8440877e-06,-0.0103558
1.8441377e-06,-0.0049181
1.8441877e-06,0.000158913
1.8442377e-06,-0.000312722
1.8442877e-06,-0.00633301
1.8443377e-06,-0.0131301
1.8443877e-06,-0.0155715
1.8444377e-06,-0.0122978
1.8444877e-06,-0.0057504
1.8445377e-06,0.00029763
1.8445877e-06,0.00337713
1.8446377e-06,0.00340487
1.8446877e-06,0.00212868
1.8447377e-06,0.000575062
1.8447877e-06,-0.00231024
1.8448377e-06,-0.00699885
1.8448877e-06,-0.0110494
1.8449377e-06,-0.0118817
1.8449877e-06,-0.010328
1.8450377e-06,-0.00852472
1.8450877e-06,-0.00680464
1.8451377e-06,-0.00547297
1.8451877e-06,-0.00638849
1.8452377e-06,-0.00860795
1.8452877e-06,-0.00749822
1.8453377e-06,-0.00225475
1.8453877e-06,0.000325373
1.8454377e-06,-0.00455744
1.8454877e-06,-0.0116042
1.8455377e-06,-0.0125752
1.8455877e-06,-0.00766468
1.8456377e-06,-0.00455744
1.8456877e-06,-0.00785889
1.8457377e-06,-0.0137959
1.8457877e-06,-0.0156547
1.8458377e-06,-0.0118817
1.8458877e-06,-0.00741499
1.8459377e-06,-0.00683239
1.8459877e-06,-0.00944025
1.8460377e-06,-0.0125475
1.8460877e-06,-0.0155438
1.8461377e-06,-0.0173193
1.8461877e-06,-0.0146005
1.8462377e-06,-0.00722079
1.8462877e-06,-0.00172763
1.8463377e-06,-0.00447421
1.8463877e-06,-0.0132411
1.8464377e-06,-0.0195388
1.8464877e-06,-0.0185678
1.8465377e-06,-0.0129082
1.8465877e-06,-0.00716531
1.8466377e-06,-0.00244895
1.8466877e-06,0.00179577
1.8467377e-06,0.00379328
1.8467877e-06,0.00149059
1.8468377e-06,-0.00297607
1.8468877e-06,-0.00477939
1.8469377e-06,-0.00228249
1.8469877e-06,0.00110218
1.8470377e-06,0.000658292
1.8470877e-06,-0.0057504
1.8471377e-06,-0.0161264
1.8471877e-06,-0.0234783
1.8472377e-06,-0.020704
1.8472877e-06,-0.0098564
1.8473377e-06,-0.0028651
1.8473877e-06,-0.00788663
1.8474377e-06,-0.0182349
1.8474877e-06,-0.0205098
1.8475377e-06,-0.0124365
1.8475877e-06,-0.00600009
1.8476377e-06,-0.011632
1.8476877e-06,-0.0242551
1.8477377e-06,-0.0290547
1.8477877e-06,-0.0198717
1.8478377e-06,-0.00694336
1.8478877e-06,-0.00403032
1.8479377e-06,-0.0122978
1.8479877e-06,-0.0203434
1.8480377e-06,-0.0185955
1.8480877e-06,-0.009468
1.8481377e-06,-0.00272638
1.8481877e-06,-0.00344771
1.8482377e-06,-0.00741499
1.8482877e-06,-0.00891313
1.8483377e-06,-0.00835827
1.8483877e-06,-0.00932928
1.8484377e-06,-0.0115765
1.8484877e-06,-0.0119094
1.8485377e-06,-0.0102725
1.8485877e-06,-0.00921831
1.8486377e-06,-0.0086357
1.8486877e-06,-0.00644398
1.8487377e-06,-0.0040858
1.8487877e-06,-0.0047239
1.8488377e-06,-0.00708208
1.8488877e-06,-0.00716531
1.8489377e-06,-0.00588912
1.8489877e-06,-0.00758145
1.8490377e-06,-0.0107442
1.8490877e-06,-0.00833052
1.8491377e-06,0.000325373
1.8491877e-06,0.00581854
1.8492377e-06,0.0010467
1.8492877e-06,-0.00905185
1.8493377e-06,-0.0139347
1.8493877e-06,-0.0101338
1.8494377e-06,-0.00364191
1.8494877e-06,-0.00222701
1.8495377e-06,-0.0079976
1.8495877e-06,-0.0162928
1.8496377e-06,-0.0196775
1.8496877e-06,-0.0145173
1.8497377e-06,-0.00514005
1.8497877e-06,-9.07759e-05
1.8498377e-06,-0.00264316
1.8498877e-06,-0.00666593
1.8499377e-06,-0.00477939
1.8499877e-06,0.000769265
1.8500377e-06,0.000769265
1.8500877e-06,-0.00716531
1.8501377e-06,-0.0143508
1.8501877e-06,-0.012714
1.8502377e-06,-0.00552845
1.8502877e-06,-0.00214378
1.8503377e-06,-0.00597235
1.8503877e-06,-0.0119371
1.8504377e-06,-0.0136572
1.8504877e-06,-0.00980091
1.8505377e-06,-0.00366966
1.8505877e-06,0.000852495
1.8506377e-06,0.00121316
1.8506877e-06,-0.00330899
1.8507377e-06,-0.0103003
1.8507877e-06,-0.0148224
1.8508377e-06,-0.0147115
1.8508877e-06,-0.0137127
1.8509377e-06,-0.0154605
1.8509877e-06,-0.0167922
1.8510377e-06,-0.0131856
1.8510877e-06,-0.00796986
1.8511377e-06,-0.00899636
1.8511877e-06,-0.0163206
1.8512377e-06,-0.0208427
1.8512877e-06,-0.0168477
1.8513377e-06,-0.00977317
1.8513877e-06,-0.00785889
1.8514377e-06,-0.0115765
1.8514877e-06,-0.0159599
1.8515377e-06,-0.0186233
1.8515877e-06,-0.0190949
1.8516377e-06,-0.0155438
1.8516877e-06,-0.0086357
1.8517377e-06,-0.00469616
1.8517877e-06,-0.0076092
1.8518377e-06,-0.0109661
1.8518877e-06,-0.00669367
1.8519377e-06,0.00110218
1.8519877e-06,0.0002144
1.8520377e-06,-0.0119371
1.8520877e-06,-0.0227015
1.8521377e-06,-0.0190672
1.8521877e-06,-0.00317028
1.8522377e-06,0.0107568
1.8522877e-06,0.012033
1.8523377e-06,0.00254483
1.8523877e-06,-0.00788663
1.8524377e-06,-0.0124088
1.8524877e-06,-0.0121036
1.8525377e-06,-0.0117984
1.8525877e-06,-0.0131578
1.8526377e-06,-0.0140734
1.8526877e-06,-0.0137959
1.8527377e-06,-0.0152108
1.8527877e-06,-0.019844
1.8528377e-06,-0.0238945
1.8528877e-06,-0.0226183
1.8529377e-06,-0.0173748
1.8529877e-06,-0.0134075
1.8530377e-06,-0.012381
1.8530877e-06,-0.0111603
1.8531377e-06,-0.00796986
1.8531877e-06,-0.00608332
1.8532377e-06,-0.0098564
1.8532877e-06,-0.0189839
1.8533377e-06,-0.0275289
1.8533877e-06,-0.0287496
1.8534377e-06,-0.0213421
1.8534877e-06,-0.0116875
1.8535377e-06,-0.00819181
1.8535877e-06,-0.0123533
1.8536377e-06,-0.0172916
1.8536877e-06,-0.0165148
1.8537377e-06,-0.0118539
1.8537877e-06,-0.0098564
1.8538377e-06,-0.0130469
1.8538877e-06,-0.0174858
1.8539377e-06,-0.0180407
1.8539877e-06,-0.0135185
1.8540377e-06,-0.00830278
1.8540877e-06,-0.00852472
1.8541377e-06,-0.0152386
1.8541877e-06,-0.021675
1.8542377e-06,-0.0209537
1.8542877e-06,-0.0149334
1.8543377e-06,-0.0111048
1.8543877e-06,-0.0120759
1.8544377e-06,-0.013463
1.8544877e-06,-0.0127694
1.8545377e-06,-0.0132966
1.8545877e-06,-0.0172916
1.8546377e-06,-0.0203434
1.8546877e-06,-0.0176523
1.8547377e-06,-0.0117707
1.8547877e-06,-0.00916282
1.8548377e-06,-0.0105777
1.8548877e-06,-0.0110494
1.8549377e-06,-0.00899636
1.8549877e-06,-0.00896862
1.8550377e-06,-0.0134353
1.8550877e-06,-0.0175413
1.8551377e-06,-0.0154883
1.8551877e-06,-0.00960671
1.8552377e-06,-0.00788663
1.8552877e-06,-0.0128249
1.8553377e-06,-0.0174581
1.8553877e-06,-0.0150721
1.8554377e-06,-0.00907959
1.8554877e-06,-0.00819181
1.8555377e-06,-0.0131301
1.8555877e-06,-0.014545
1.8556377e-06,-0.00616655
1.8556877e-06,0.00537464
1.8557377e-06,0.00789928
1.8557877e-06,-0.00136697
1.8558377e-06,-0.0127972
1.8558877e-06,-0.0153773
1.8559377e-06,-0.00758145
1.8559877e-06,0.00251709
1.8560377e-06,0.0051527
1.8560877e-06,-0.00322576
1.8561377e-06,-0.0160709
1.8561877e-06,-0.0209537
1.8562377e-06,-0.0116875
1.8562877e-06,0.00287775
1.8563377e-06,0.00698375
1.8563877e-06,-0.00330899
1.8564377e-06,-0.0151276
1.8564877e-06,-0.0159599
1.8565377e-06,-0.00930154
1.8565877e-06,-0.00713756
1.8566377e-06,-0.0114933
1.8566877e-06,-0.0129914
1.8567377e-06,-0.00755371
1.8567877e-06,-0.00466841
1.8568377e-06,-0.0133521
1.8568877e-06,-0.0261417
1.8569377e-06,-0.0264191
1.8569877e-06,-0.01141
1.8570377e-06,0.00251709
1.8570877e-06,0.00132413
1.8571377e-06,-0.00896862
1.8571877e-06,-0.0130469
1.8572377e-06,-0.00855247
1.8572877e-06,-0.00627752
1.8573377e-06,-0.0110771
1.8573877e-06,-0.0148779
1.8574377e-06,-0.0109106
1.8574877e-06,-0.00386386
1.8575377e-06,-0.000562411
1.8575877e-06,0.000741522
1.8576377e-06,0.00318293
1.8576877e-06,0.000880238
1.8577377e-06,-0.0118817
1.8577877e-06,-0.0252539
1.8578377e-06,-0.0222854
1.8578877e-06,-0.00458518
1.8579377e-06,0.00531916
1.8579877e-06,-0.00600009
1.8580377e-06,-0.0235616
1.8580877e-06,-0.0245881
1.8581377e-06,-0.00838601
1.8581877e-06,0.00595725
1.8582377e-06,0.00606823
1.8582877e-06,-0.00289284
1.8583377e-06,-0.0114655
1.8583877e-06,-0.0155993
1.8584377e-06,-0.012603
1.8584877e-06,-0.000784357
1.8585377e-06,0.0125047
1.8585877e-06,0.013226
1.8586377e-06,-0.0020328
1.8586877e-06,-0.0183458
1.8587377e-06,-0.0196498
1.8587877e-06,-0.00810858
1.8588377e-06,0.000103427
1.8588877e-06,-0.00505682
1.8589377e-06,-0.0169864
1.8589877e-06,-0.0220079
1.8590377e-06,-0.0150166
1.8590877e-06,-0.00416903
1.8591377e-06,-0.000312722
1.8591877e-06,-0.00458518
1.8592377e-06,-0.00968994
1.8592877e-06,-0.0115765
1.8593377e-06,-0.0131856
1.8593877e-06,-0.0155438
1.8594377e-06,-0.0133521
1.8594877e-06,-0.00450195
1.8595377e-06,0.00237837
1.8595877e-06,-0.00192183
1.8596377e-06,-0.0127972
1.8596877e-06,-0.0166535
1.8597377e-06,-0.0102725
1.8597877e-06,-0.00536199
1.8598377e-06,-0.0111326
1.8598877e-06,-0.0211202
1.8599377e-06,-0.0232286
1.8599877e-06,-0.0165425
1.8600377e-06,-0.0110216
1.8600877e-06,-0.0126585
1.8601377e-06,-0.0159599
1.8601877e-06,-0.0128249
1.8602377e-06,-0.00497359
1.8602877e-06,-0.00292059
1.8603377e-06,-0.0120204
1.8603877e-06,-0.024921
1.8604377e-06,-0.0303587
1.8604877e-06,-0.0253926
1.8605377e-06,-0.0154605
1.8605877e-06,-0.00652721
1.8606377e-06,-0.00231024
1.8606877e-06,-0.00477939
1.8607377e-06,-0.0118539
1.8607877e-06,-0.0170419
1.8608377e-06,-0.0153773
1.8608877e-06,-0.00835827
1.8609377e-06,-0.00228249
1.8609877e-06,-0.00253218
1.8610377e-06,-0.00927379
1.8610877e-06,-0.0172361
1.8611377e-06,-0.0205098
1.8611877e-06,-0.0183181
1.8612377e-06,-0.0152663
1.8612877e-06,-0.0148224
1.8613377e-06,-0.0149889
1.8613877e-06,-0.0119094
1.8614377e-06,-0.00730402
1.8614877e-06,-0.0078034
1.8615377e-06,-0.0160154
1.8615877e-06,-0.0254481
1.8616377e-06,-0.0276676
1.8616877e-06,-0.0227293
1.8617377e-06,-0.0180129
1.8617877e-06,-0.0175135
1.8618377e-06,-0.0179574
1.8618877e-06,-0.0158767
1.8619377e-06,-0.0133521
1.8619877e-06,-0.0132411
1.8620377e-06,-0.0136017
1.8620877e-06,-0.0112713
1.8621377e-06,-0.00835827
1.8621877e-06,-0.00991189
1.8622377e-06,-0.0158489
1.8622877e-06,-0.0205098
1.8623377e-06,-0.0208427
1.8623877e-06,-0.0202046
1.8624377e-06,-0.0220079
1.8624877e-06,-0.0237558
1.8625377e-06,-0.0209814
1.8625877e-06,-0.0150721
1.8626377e-06,-0.0126307
1.8626877e-06,-0.016487
1.8627377e-06,-0.0217305
1.8627877e-06,-0.0222299
1.8628377e-06,-0.0189839
1.8628877e-06,-0.0173193
1.8629377e-06,-0.017791
1.8629877e-06,-0.0147947
1.8630377e-06,-0.00674916
1.8630877e-06,-0.00131148
1.8631377e-06,-0.00633301
1.8631877e-06,-0.0181239
1.8632377e-06,-0.0246158
1.8632877e-06,-0.0200937
1.8633377e-06,-0.011632
1.8633877e-06,-0.00963445
1.8634377e-06,-0.0151276
1.8634877e-06,-0.0191781
1.8635377e-06,-0.0141289
1.8635877e-06,-0.0026709
1.8636377e-06,0.00445912
1.8636877e-06,-0.000756614
1.8637377e-06,-0.0151554
1.8637877e-06,-0.0264746
1.8638377e-06,-0.0249765
1.8638877e-06,-0.0137127
1.8639377e-06,-0.00558394
1.8639877e-06,-0.00919056
1.8640377e-06,-0.01854
1.8640877e-06,-0.0203156
1.8641377e-06,-0.0101893
1.8641877e-06,0.00221191
1.8642377e-06,0.00695601
1.8642877e-06,0.00567982
1.8643377e-06,0.00493075
1.8643877e-06,0.00404297
1.8644377e-06,-0.00225475
1.8644877e-06,-0.0119926
1.8645377e-06,-0.0167367
1.8645877e-06,-0.0141289
1.8646377e-06,-0.0110494
1.8646877e-06,-0.012381
1.8647377e-06,-0.0139624
1.8647877e-06,-0.0100783
1.8648377e-06,-0.00300382
1.8648877e-06,-0.000617898
1.8649377e-06,-0.00605558
1.8649877e-06,-0.0129082
1.8650377e-06,-0.0119926
1.8650877e-06,-0.00322576
1.8651377e-06,0.00260032
1.8651877e-06,-0.00336448
1.8652377e-06,-0.0163761
1.8652877e-06,-0.0233396
1.8653377e-06,-0.0181239
1.8653877e-06,-0.0069711
1.8654377e-06,0.000242143
1.8654877e-06,-0.000784357
1.8655377e-06,-0.00752597
1.8655877e-06,-0.0140179
1.8656377e-06,-0.0152941
1.8656877e-06,-0.011632
1.8657377e-06,-0.00785889
1.8657877e-06,-0.00674916
1.8658377e-06,-0.00580589
1.8658877e-06,-0.0030593
1.8659377e-06,-0.00236572
1.8659877e-06,-0.00769243
1.8660377e-06,-0.014656
1.8660877e-06,-0.0142121
1.8661377e-06,-0.00611106
1.8661877e-06,-0.00142245
1.8662377e-06,-0.00796986
1.8662877e-06,-0.0185955
1.8663377e-06,-0.0203434
1.8663877e-06,-0.0117152
1.8664377e-06,-0.0038916
1.8664877e-06,-0.00572266
1.8665377e-06,-0.0142953
1.8665877e-06,-0.019622
1.8666377e-06,-0.0148224
1.8666877e-06,-0.00158891
1.8667377e-06,0.0102575
1.8667877e-06,0.0102297
1.8668377e-06,-0.00225475
1.8668877e-06,-0.0159599
1.8669377e-06,-0.0195943
1.8669877e-06,-0.0133243
1.8670377e-06,-0.00641624
1.8670877e-06,-0.00563943
1.8671377e-06,-0.00960671
1.8671877e-06,-0.0132133
1.8672377e-06,-0.0136572
1.8672877e-06,-0.0120481
1.8673377e-06,-0.0112158
1.8673877e-06,-0.0128527
1.8674377e-06,-0.0161264
1.8674877e-06,-0.0189007
1.8675377e-06,-0.0200659
1.8675877e-06,-0.0196775
1.8676377e-06,-0.0172638
1.8676877e-06,-0.0120481
1.8677377e-06,-0.0055562
1.8677877e-06,-0.00169988
1.8678377e-06,-0.00317028
1.8678877e-06,-0.00919056
1.8679377e-06,-0.0162373
1.8679877e-06,-0.0200937
1.8680377e-06,-0.0179852
1.8680877e-06,-0.0124365
1.8681377e-06,-0.0103558
1.8681877e-06,-0.0149334
1.8682377e-06,-0.0202324
1.8682877e-06,-0.0181516
1.8683377e-06,-0.00980091
1.8683877e-06,-0.0040858
1.8684377e-06,-0.0059446
1.8684877e-06,-0.0110494
1.8685377e-06,-0.013574
1.8685877e-06,-0.0131578
1.8686377e-06,-0.0128527
1.8686877e-06,-0.0143786
1.8687377e-06,-0.0180407
1.8687877e-06,-0.0235893
1.8688377e-06,-0.0283334
1.8688877e-06,-0.0273901
1.8689377e-06,-0.0193723
1.8689877e-06,-0.0104113
1.8690377e-06,-0.00871893
1.8690877e-06,-0.0149889
1.8691377e-06,-0.0216473
1.8691877e-06,-0.0217305
1.8692377e-06,-0.0154883
1.8692877e-06,-0.00821955
1.8693377e-06,-0.00441872
1.8693877e-06,-0.00514005
1.8694377e-06,-0.00827504
1.8694877e-06,-0.0108274
1.8695377e-06,-0.0119094
1.8695877e-06,-0.0129914
1.8696377e-06,-0.0148502
1.8696877e-06,-0.0149889
1.8697377e-06,-0.0104668
1.8697877e-06,-0.00308705
1.8698377e-06,0.00121316
1.8698877e-06,-0.0008121
1.8699377e-06,-0.00558394
1.8699877e-06,-0.00708208
1.8700377e-06,-0.0045297
1.8700877e-06,-0.00303156
1.8701377e-06,-0.00622203
1.8701877e-06,-0.0104113
1.8702377e-06,-0.00907959
1.8702877e-06,-0.00228249
1.8703377e-06,0.00298873
1.8703877e-06,0.0020732
1.8704377e-06,-0.00225475
1.8704877e-06,-0.00525102
1.8705377e-06,-0.0055562
1.8705877e-06,-0.00303156
1.8706377e-06,0.00293324
1.8706877e-06,0.00948065
1.8707377e-06,0.0107013
1.8707877e-06,0.00529142
1.8708377e-06,-0.000451438
1.8708877e-06,-0.000923074
1.8709377e-06,0.00185125
1.8709877e-06,0.00273904
1.8710377e-06,0.000658292
1.8710877e-06,-0.00250444
1.8711377e-06,-0.00577814
1.8711877e-06,-0.00885764
1.8712377e-06,-0.0106332
1.8712877e-06,-0.0103003
1.8713377e-06,-0.00816406
1.8713877e-06,-0.00483487
1.8714377e-06,-0.00186634
1.8714877e-06,-0.00197732
1.8715377e-06,-0.00563943
1.8715877e-06,-0.00858021
1.8716377e-06,-0.00672141
1.8716877e-06,-0.00211603
1.8717377e-06,-0.000728871
1.8717877e-06,-0.00464067
1.8718377e-06,-0.00957897
1.8718877e-06,-0.0108829
1.8719377e-06,-0.00849698
1.8719877e-06,-0.00508456
1.8720377e-06,-0.00261541
1.8720877e-06,-0.00211603
1.8721377e-06,-0.00405806
1.8721877e-06,-0.00694336
1.8722377e-06,-0.00716531
1.8722877e-06,-0.00366966
1.8723377e-06,-0.0008121
1.8723877e-06,-0.00386386
1.8724377e-06,-0.0121868
1.8724877e-06,-0.0199272
1.8725377e-06,-0.0230344
1.8725877e-06,-0.0217305
1.8726377e-06,-0.0169309
1.8726877e-06,-0.00991189
1.8727377e-06,-0.00502907
1.8727877e-06,-0.00649947
1.8728377e-06,-0.0110494
1.8728877e-06,-0.010439
1.8729377e-06,-0.00314253
1.8729877e-06,0.00240612
1.8730377e-06,-0.000617898
1.8730877e-06,-0.00877441
1.8731377e-06,-0.0139069
1.8731877e-06,-0.0136295
1.8732377e-06,-0.0116597
1.8732877e-06,-0.0107442
1.8733377e-06,-0.00977317
1.8733877e-06,-0.00763694
1.8734377e-06,-0.00605558
1.8734877e-06,-0.00713756
1.8735377e-06,-0.0101893
1.8735877e-06,-0.012381
1.8736377e-06,-0.0117152
1.8736877e-06,-0.00891313
1.8737377e-06,-0.00663818
1.8737877e-06,-0.00691562
1.8738377e-06,-0.00846924
1.8738877e-06,-0.00802535
1.8739377e-06,-0.00464067
1.8739877e-06,-0.00139471
1.8740377e-06,-0.00108953
1.8740877e-06,-0.0024767
1.8741377e-06,-0.0024767
1.8741877e-06,-0.000923074
1.8742377e-06,-0.0010063
1.8742877e-06,-0.00538974
1.8743377e-06,-0.0128249
1.8743877e-06,-0.0180961
1.8744377e-06,-0.0156825
1.8744877e-06,-0.00597235
1.8745377e-06,0.00323841
1.8745877e-06,0.00395974
1.8746377e-06,-0.0026709
1.8746877e-06,-0.00769243
1.8747377e-06,-0.00522328
1.8747877e-06,0.000630549
1.8748377e-06,0.00160156
1.8748877e-06,-0.00336448
1.8749377e-06,-0.00627752
1.8749877e-06,-0.00122825
1.8750377e-06,0.00620694
1.8750877e-06,0.00484752
1.8751377e-06,-0.00710982
1.8751877e-06,-0.0189839
1.8752377e-06,-0.0207872
1.8752877e-06,-0.0146282
1.8753377e-06,-0.00916282
1.8753877e-06,-0.00724854
1.8754377e-06,-0.00561168
1.8754877e-06,-0.00400257
1.8755377e-06,-0.0065827
1.8755877e-06,-0.0126862
1.8756377e-06,-0.0144895
1.8756877e-06,-0.00763694
1.8757377e-06,0.00157382
1.8757877e-06,0.00445912
1.8758377e-06,0.00101895
1.8758877e-06,-0.00269864
1.8759377e-06,-0.00433549
1.8759877e-06,-0.00627752
1.8760377e-06,-0.00894087
1.8760877e-06,-0.00955123
1.8761377e-06,-0.00802535
1.8761877e-06,-0.00791437
1.8762377e-06,-0.0102725
1.8762877e-06,-0.0112991
1.8763377e-06,-0.00874667
1.8763877e-06,-0.00652721
1.8764377e-06,-0.00941251
1.8764877e-06,-0.0151831
1.8765377e-06,-0.0166812
1.8765877e-06,-0.0117707
1.8766377e-06,-0.00722079
1.8766877e-06,-0.0105777
1.8767377e-06,-0.019733
1.8767877e-06,-0.0245048
1.8768377e-06,-0.0193723
1.8768877e-06,-0.0106887
1.8769377e-06,-0.00869118
1.8769877e-06,-0.0144618
1.8770377e-06,-0.0193169
1.8770877e-06,-0.0167645
1.8771377e-06,-0.0110494
1.8771877e-06,-0.0109661
1.8772377e-06,-0.0173193
1.8772877e-06,-0.0212866
1.8773377e-06,-0.016487
1.8773877e-06,-0.00827504
1.8774377e-06,-0.00624978
1.8774877e-06,-0.0112158
1.8775377e-06,-0.015627
1.8775877e-06,-0.0161819
1.8776377e-06,-0.0178742
1.8776877e-06,-0.0235061
1.8777377e-06,-0.0268908
1.8777877e-06,-0.0220357
1.8778377e-06,-0.0127694
1.8778877e-06,-0.00835827
1.8779377e-06,-0.0120481
1.8779877e-06,-0.0189839
1.8780377e-06,-0.0224241
1.8780877e-06,-0.019844
1.8781377e-06,-0.0141566
1.8781877e-06,-0.0102171
1.8782377e-06,-0.00907959
1.8782877e-06,-0.00724854
1.8783377e-06,-0.00341997
1.8783877e-06,-0.00231024
1.8784377e-06,-0.00713756
1.8784877e-06,-0.012492
1.8785377e-06,-0.0109106
1.8785877e-06,-0.00439098
1.8786377e-06,-0.00214378
1.8786877e-06,-0.00738725
1.8787377e-06,-0.0139347
1.8787877e-06,-0.0158212
1.8788377e-06,-0.0143786
1.8788877e-06,-0.0138237
1.8789377e-06,-0.0137405
1.8789877e-06,-0.0101338
1.8790377e-06,-0.00283736
1.8790877e-06,0.00160156
1.8791377e-06,-0.00300382
1.8791877e-06,-0.0134075
1.8792377e-06,-0.0194001
1.8792877e-06,-0.015627
1.8793377e-06,-0.00766468
1.8793877e-06,-0.00461293
1.8794377e-06,-0.00921831
1.8794877e-06,-0.0164038
1.8795377e-06,-0.0200382
1.8795877e-06,-0.0197885
1.8796377e-06,-0.0199827
1.8796877e-06,-0.0225906
1.8797377e-06,-0.0238113
1.8797877e-06,-0.0192614
1.8798377e-06,-0.0112713
1.8798877e-06,-0.00752597
1.8799377e-06,-0.0121591
1.8799877e-06,-0.0206763
1.8800377e-06,-0.0242829
1.8800877e-06,-0.0190949
1.8801377e-06,-0.00977317
1.8801877e-06,-0.00383612
1.8802377e-06,-0.00366966
1.8802877e-06,-0.0055562
1.8803377e-06,-0.00627752
1.8803877e-06,-0.00708208
1.8804377e-06,-0.00996737
1.8804877e-06,-0.0132411
1.8805377e-06,-0.013685
1.8805877e-06,-0.0120481
1.8806377e-06,-0.0122701
1.8806877e-06,-0.0151276
1.8807377e-06,-0.0157935
1.8807877e-06,-0.0106332
1.8808377e-06,-0.00430775
1.8808877e-06,-0.00541748
1.8809377e-06,-0.0142121
1.8809877e-06,-0.0204821
1.8810377e-06,-0.0170974
1.8810877e-06,-0.0104113
1.8811377e-06,-0.0110771
1.8811877e-06,-0.0179297
1.8812377e-06,-0.0207595
1.8812877e-06,-0.01682
1.8813377e-06,-0.0138514
1.8813877e-06,-0.0150444
1.8814377e-06,-0.0132966
1.8814877e-06,-0.00458518
1.8815377e-06,0.0030997
1.8815877e-06,0.00182351
1.8816377e-06,-0.00378063
1.8816877e-06,-0.00436324
1.8817377e-06,-0.000229492
1.8817877e-06,0.000797008
1.8818377e-06,-0.00358643
1.8818877e-06,-0.00755371
1.8819377e-06,-0.00622203
1.8819877e-06,-0.00136697
1.8820377e-06,0.001879
1.8820877e-06,0.000242143
1.8821377e-06,-0.00572266
1.8821877e-06,-0.0122701
1.8822377e-06,-0.0153218
1.8822877e-06,-0.0133243
1.8823377e-06,-0.00758145
1.8823877e-06,-0.00128374
1.8824377e-06,0.00151833
1.8824877e-06,-0.00150568
1.8825377e-06,-0.00763694
1.8825877e-06,-0.0114655
1.8826377e-06,-0.01141
1.8826877e-06,-0.0107719
1.8827377e-06,-0.0119926
1.8827877e-06,-0.0128804
1.8828377e-06,-0.0103558
1.8828877e-06,-0.00561168
1.8829377e-06,-0.00303156
1.8829877e-06,-0.00428001
1.8830377e-06,-0.00569491
1.8830877e-06,-0.00330899
1.8831377e-06,0.000963468
1.8831877e-06,0.0010467
1.8832377e-06,-0.00566717
1.8832877e-06,-0.0150999
1.8833377e-06,-0.0202046
1.8833877e-06,-0.0161541
1.8834377e-06,-0.00422452
1.8834877e-06,0.00712247
1.8835377e-06,0.00853738
1.8835877e-06,0.000380859
1.8836377e-06,-0.00730402
1.8836877e-06,-0.0079976
1.8837377e-06,-0.00597235
1.8837877e-06,-0.00691562
1.8838377e-06,-0.00846924
1.8838877e-06,-0.00649947
1.8839377e-06,-0.00375289
1.8839877e-06,-0.00525102
1.8840377e-06,-0.00871893
1.8840877e-06,-0.00744274
1.8841377e-06,-0.000479181
1.8841877e-06,0.00506947
1.8842377e-06,0.00229514
1.8842877e-06,-0.00766468
1.8843377e-06,-0.0165425
1.8843877e-06,-0.0177077
1.8844377e-06,-0.0138514
1.8844877e-06,-0.0130191
1.8845377e-06,-0.0168477
1.8845877e-06,-0.017569
1.8846377e-06,-0.0104945
1.8846877e-06,-0.00289284
1.8847377e-06,-0.00425226
1.8847877e-06,-0.0127694
1.8848377e-06,-0.0184013
1.8848877e-06,-0.0169587
1.8849377e-06,-0.0132133
1.8849877e-06,-0.0121591
1.8850377e-06,-0.013574
1.8850877e-06,-0.0154605
1.8851377e-06,-0.017569
1.8851877e-06,-0.019733
1.8852377e-06,-0.0202046
1.8852877e-06,-0.0172361
1.8853377e-06,-0.0106887
1.8853877e-06,-0.00206055
1.8854377e-06,0.00481978
1.8854877e-06,0.00473655
1.8855377e-06,-0.00394709
1.8855877e-06,-0.0153773
1.8856377e-06,-0.0204543
1.8856877e-06,-0.0163206
1.8857377e-06,-0.00866344
1.8857877e-06,-0.00330899
1.8858377e-06,-0.000673384
1.8858877e-06,0.000491832
1.8859377e-06,-0.000923074
1.8859877e-06,-0.00541748
1.8860377e-06,-0.00988414
1.8860877e-06,-0.0116875
1.8861377e-06,-0.0128804
1.8861877e-06,-0.0151554
1.8862377e-06,-0.0143786
1.8862877e-06,-0.00619429
1.8863377e-06,0.00440363
1.8863877e-06,0.00645663
1.8864377e-06,-0.00269864
1.8864877e-06,-0.0141289
1.8865377e-06,-0.0192059
1.8865877e-06,-0.017791
1.8866377e-06,-0.0132133
1.8866877e-06,-0.00724854
1.8867377e-06,-0.00308705
1.8867877e-06,-0.00550071
1.8868377e-06,-0.0131578
1.8868877e-06,-0.0172361
1.8869377e-06,-0.012381
1.8869877e-06,-0.00494585
1.8870377e-06,-0.00439098
1.8870877e-06,-0.0104668
1.8871377e-06,-0.0145173
1.8871877e-06,-0.0119371
1.8872377e-06,-0.00708208
1.8872877e-06,-0.00591686
1.8873377e-06,-0.00852472
1.8873877e-06,-0.0112436
1.8874377e-06,-0.0120204
1.8874877e-06,-0.0114933
1.8875377e-06,-0.0107719
1.8875877e-06,-0.0105777
1.8876377e-06,-0.0119094
1.8876877e-06,-0.0149889
1.8877377e-06,-0.0170696
1.8877877e-06,-0.0142676
1.8878377e-06,-0.00735951
1.8878877e-06,-0.00353094
1.8879377e-06,-0.00855247
1.8879877e-06,-0.0180961
1.8880377e-06,-0.0217028
1.8880877e-06,-0.0160154
1.8881377e-06,-0.0088299
1.8881877e-06,-0.00835827
1.8882377e-06,-0.0134353
1.8882877e-06,-0.0168754
1.8883377e-06,-0.0148224
1.8883877e-06,-0.00855247
1.8884377e-06,-0.00125599
1.8884877e-06,0.00423717
1.8885377e-06,0.00620694
1.8885877e-06,0.00470881
1.8886377e-06,0.000464089
1.8886877e-06,-0.00652721
1.8887377e-06,-0.0139901
1.8887877e-06,-0.016487
1.8888377e-06,-0.0126862
1.8888877e-06,-0.00999512
1.8889377e-06,-0.0150166
1.8889877e-06,-0.0232286
1.8890377e-06,-0.0245603
1.8890877e-06,-0.0171251
1.8891377e-06,-0.0078034
1.8891877e-06,-0.00253218
1.8892377e-06,-0.00225475
1.8892877e-06,-0.00627752
1.8893377e-06,-0.0121868
1.8893877e-06,-0.0132411
1.8894377e-06,-0.00428001
1.8894877e-06,0.00834317
1.8895377e-06,0.0106736
1.8895877e-06,-0.00153343
1.8896377e-06,-0.0164316
1.8896877e-06,-0.0219802
1.8897377e-06,-0.0194001
1.8897877e-06,-0.0160154
1.8898377e-06,-0.0124643
1.8898877e-06,-0.00636075
1.8899377e-06,-0.00178311
1.8899877e-06,-0.00469616
1.8900377e-06,-0.0120759
1.8900877e-06,-0.0149889
1.8901377e-06,-0.0105777
1.8901877e-06,-0.00466841
1.8902377e-06,-0.00308705
1.8902877e-06,-0.00638849
1.8903377e-06,-0.0114378
1.8903877e-06,-0.0147947
1.8904377e-06,-0.0145728
1.8904877e-06,-0.0120481
1.8905377e-06,-0.0100506
1.8905877e-06,-0.0084415
1.8906377e-06,-0.00466841
1.8906877e-06,-0.000257235
1.8907377e-06,-0.00147794
1.8907877e-06,-0.00968994
1.8908377e-06,-0.0164593
1.8908877e-06,-0.0147392
1.8909377e-06,-0.00905185
1.8909877e-06,-0.0078034
1.8910377e-06,-0.00999512
1.8910877e-06,-0.00899636
1.8911377e-06,-0.00566717
1.8911877e-06,-0.00747048
1.8912377e-06,-0.0154883
1.8912877e-06,-0.0209537
1.8913377e-06,-0.01682
1.8913877e-06,-0.00652721
1.8914377e-06,0.000991211
1.8914877e-06,0.0010467
1.8915377e-06,-0.00439098
1.8915877e-06,-0.0111326
1.8916377e-06,-0.0157935
1.8916877e-06,-0.0162373
1.8917377e-06,-0.012603
1.8917877e-06,-0.00841375
1.8918377e-06,-0.00749822
1.8918877e-06,-0.00941251
1.8919377e-06,-0.00952348
1.8919877e-06,-0.00522328
1.8920377e-06,0.00013117
1.8920877e-06,4.79403e-05
1.8921377e-06,-0.00769243
1.8921877e-06,-0.0173748
1.8922377e-06,-0.0203156
1.8922877e-06,-0.0139347
1.8923377e-06,-0.0049181
1.8923877e-06,-0.00236572
1.8924377e-06,-0.00866344
1.8924877e-06,-0.0173471
1.8925377e-06,-0.0199827
1.8925877e-06,-0.014656
1.8926377e-06,-0.00747048
1.8926877e-06,-0.00552845
1.8927377e-06,-0.00977317
1.8927877e-06,-0.014767
1.8928377e-06,-0.0146005
1.8928877e-06,-0.00927379
1.8929377e-06,-0.00489036
1.8929877e-06,-0.00683239
1.8930377e-06,-0.012714
1.8930877e-06,-0.014656
1.8931377e-06,-0.00916282
1.8931877e-06,-0.00214378
1.8932377e-06,-0.0030593
1.8932877e-06,-0.0140456
1.8933377e-06,-0.0264746
1.8933877e-06,-0.0284999
1.8934377e-06,-0.0174303
1.8934877e-06,-0.00430775
1.8935377e-06,-0.00308705
1.8935877e-06,-0.0144063
1.8936377e-06,-0.0242551
1.8936877e-06,-0.0210647
1.8937377e-06,-0.00927379
1.8937877e-06,-0.00142245
1.8938377e-06,-0.00178311
1.8938877e-06,-0.00416903
1.8939377e-06,-0.00411355
1.8939877e-06,-0.00486262
1.8940377e-06,-0.00991189
1.8940877e-06,-0.0150444
1.8941377e-06,-0.0130746
1.8941877e-06,-0.00500133
1.8942377e-06,-0.000423695
1.8942877e-06,-0.00525102
1.8943377e-06,-0.0135463
1.8943877e-06,-0.0160709
1.8944377e-06,-0.0130469
1.8944877e-06,-0.0114933
1.8945377e-06,-0.012714
1.8945877e-06,-0.0112158
1.8946377e-06,-0.00605558
1.8946877e-06,-0.00439098
1.8947377e-06,-0.00993963
1.8947877e-06,-0.0157102
1.8948377e-06,-0.0139901
1.8948877e-06,-0.00749822
1.8949377e-06,-0.00433549
1.8949877e-06,-0.00591686
1.8950377e-06,-0.00708208
1.8950877e-06,-0.00605558
1.8951377e-06,-0.00661044
1.8951877e-06,-0.00955123
1.8952377e-06,-0.00916282
1.8952877e-06,-0.00228249
1.8953377e-06,0.00509721
1.8953877e-06,0.00506947
1.8954377e-06,-0.00186634
1.8954877e-06,-0.0090241
1.8955377e-06,-0.0124088
1.8955877e-06,-0.0127972
1.8956377e-06,-0.0112713
1.8956877e-06,-0.00866344
1.8957377e-06,-0.00758145
1.8957877e-06,-0.00930154
1.8958377e-06,-0.0104945
1.8958877e-06,-0.00830278
1.8959377e-06,-0.00633301
1.8959877e-06,-0.0102448
1.8960377e-06,-0.0182626
1.8960877e-06,-0.0231177
1.8961377e-06,-0.0225073
1.8961877e-06,-0.0208705
1.8962377e-06,-0.0203434
1.8962877e-06,-0.0172084
1.8963377e-06,-0.00977317
1.8963877e-06,-0.00380837
1.8964377e-06,-0.00536199
1.8964877e-06,-0.0125475
1.8965377e-06,-0.0177077
1.8965877e-06,-0.0162096
1.8966377e-06,-0.0106332
1.8966877e-06,-0.00774791
1.8967377e-06,-0.0113268
1.8967877e-06,-0.0172361
1.8968377e-06,-0.0181239
1.8968877e-06,-0.0134353
1.8969377e-06,-0.010439
1.8969877e-06,-0.0130191
1.8970377e-06,-0.0153218
1.8970877e-06,-0.0115487
1.8971377e-06,-0.00710982
1.8971877e-06,-0.0108274
1.8972377e-06,-0.0199549
1.8972877e-06,-0.0221744
1.8973377e-06,-0.013463
1.8973877e-06,-0.00436324
1.8974377e-06,-0.00558394
1.8974877e-06,-0.0150166
1.8975377e-06,-0.0232841
1.8975877e-06,-0.0257255
1.8976377e-06,-0.0235893
1.8976877e-06,-0.0185678
1.8977377e-06,-0.0118539
1.8977877e-06,-0.00622203
1.8978377e-06,-0.00375289
1.8978877e-06,-0.00314253
1.8979377e-06,-0.0024767
1.8979877e-06,-0.00325351
1.8980377e-06,-0.00788663
1.8980877e-06,-0.0139347
1.8981377e-06,-0.0159322
1.8981877e-06,-0.0130469
1.8982377e-06,-0.01055
1.8982877e-06,-0.0121313
1.8983377e-06,-0.0145173
1.8983877e-06,-0.0132411
1.8984377e-06,-0.00980091
1.8984877e-06,-0.00866344
1.8985377e-06,-0.00866344
1.8985877e-06,-0.0040858
1.8986377e-06,0.00490301
1.8986877e-06,0.00914773
1.8987377e-06,0.00196222
1.8987877e-06,-0.0106887
1.8988377e-06,-0.0169309
1.8988877e-06,-0.0136572
1.8989377e-06,-0.0088299
1.8989877e-06,-0.009468
1.8990377e-06,-0.0127972
1.8990877e-06,-0.0119094
1.8991377e-06,-0.00705433
1.8991877e-06,-0.00627752
1.8992377e-06,-0.0136017
1.8992877e-06,-0.021675
1.8993377e-06,-0.0199827
1.8993877e-06,-0.00810858
1.8994377e-06,0.00368231
1.8994877e-06,0.00601274
1.8995377e-06,-0.000950817
1.8995877e-06,-0.00913508
1.8996377e-06,-0.0108829
1.8996877e-06,-0.0047239
1.8997377e-06,0.00465332
1.8997877e-06,0.011173
1.8998377e-06,0.0117001
1.8998877e-06,0.00642889
1.8999377e-06,-0.00269864
1.8999877e-06,-0.0124643
1.9000377e-06,-0.0182071
1.9000877e-06,-0.0163761
1.9001377e-06,-0.00924605
1.9001877e-06,-0.00419678
1.9002377e-06,-0.00622203
1.9002877e-06,-0.0113545
1.9003377e-06,-0.0112991
1.9003877e-06,-0.00325351
1.9004377e-06,0.00684504
1.9004877e-06,0.0112007
1.9005377e-06,0.00762185
1.9005877e-06,-0.000312722
1.9006377e-06,-0.00783114
1.9006877e-06,-0.0122701
1.9007377e-06,-0.0131578
1.9007877e-06,-0.0114933
1.9008377e-06,-0.00944025
1.9008877e-06,-0.00874667
1.9009377e-06,-0.00949574
1.9009877e-06,-0.0109106
1.9010377e-06,-0.0133798
1.9010877e-06,-0.0172361
1.9011377e-06,-0.0200659
1.9011877e-06,-0.018651
1.9012377e-06,-0.0139069
1.9012877e-06,-0.0101893
1.9013377e-06,-0.00963445
1.9013877e-06,-0.00993963
1.9014377e-06,-0.00944025
1.9014877e-06,-0.00999512
1.9015377e-06,-0.0132688
1.9015877e-06,-0.0165425
1.9016377e-06,-0.0159877
1.9016877e-06,-0.0121868
1.9017377e-06,-0.0101616
1.9017877e-06,-0.0123533
1.9018377e-06,-0.0141011
1.9018877e-06,-0.00988414
1.9019377e-06,-0.00272638
1.9019877e-06,-0.0026709
1.9020377e-06,-0.0125198
1.9020877e-06,-0.0213976
1.9021377e-06,-0.0177632
1.9021877e-06,-0.00544522
1.9022377e-06,0.000991211
1.9022877e-06,-0.00552845
1.9023377e-06,-0.0165703
1.9023877e-06,-0.0199827
1.9024377e-06,-0.0137959
1.9024877e-06,-0.00641624
1.9025377e-06,-0.00586137
1.9025877e-06,-0.0113823
1.9026377e-06,-0.0163483
1.9026877e-06,-0.0162928
1.9027377e-06,-0.0127972
1.9027877e-06,-0.010439
1.9028377e-06,-0.0116597
1.9028877e-06,-0.014656
1.9029377e-06,-0.0147947
1.9029877e-06,-0.00941251
1.9030377e-06,-0.00325351
1.9030877e-06,-0.00566717
1.9031377e-06,-0.0181794
1.9031877e-06,-0.0281115
1.9032377e-06,-0.0219247
1.9032877e-06,-0.00328125
1.9033377e-06,0.00950839
1.9033877e-06,0.00520819
1.9034377e-06,-0.00813632
1.9034877e-06,-0.0149889
1.9035377e-06,-0.0104668
1.9035877e-06,-0.00236572
1.9036377e-06,0.00110218
1.9036877e-06,-0.00158891
1.9037377e-06,-0.00846924
1.9037877e-06,-0.0173748
1.9038377e-06,-0.0239777
1.9038877e-06,-0.022757
1.9039377e-06,-0.013685
1.9039877e-06,-0.00533425
1.9040377e-06,-0.00591686
1.9040877e-06,-0.0128804
1.9041377e-06,-0.0158212
1.9041877e-06,-0.00971768
1.9042377e-06,-0.00097856
1.9042877e-06,0.00129639
1.9043377e-06,-0.00411355
1.9043877e-06,-0.0115765
1.9044377e-06,-0.01768
1.9044877e-06,-0.0231454
1.9045377e-06,-0.0266133
1.9045877e-06,-0.0230622
1.9046377e-06,-0.0121313
1.9046877e-06,-0.00242121
1.9047377e-06,-0.00294833
1.9047877e-06,-0.0117984
1.9048377e-06,-0.0179852
1.9048877e-06,-0.014545
1.9049377e-06,-0.00600009
1.9049877e-06,-0.00150568
1.9050377e-06,-0.00378063
1.9050877e-06,-0.00722079
1.9051377e-06,-0.00572266
1.9051877e-06,-0.000534668
1.9052377e-06,0.00140736
1.9052877e-06,-0.00391934
1.9053377e-06,-0.0119371
1.9053877e-06,-0.0149889
1.9054377e-06,-0.0119926
1.9054877e-06,-0.00827504
1.9055377e-06,-0.00724854
1.9055877e-06,-0.00691562
1.9056377e-06,-0.00572266
1.9056877e-06,-0.00569491
1.9057377e-06,-0.00747048
1.9057877e-06,-0.00747048
1.9058377e-06,-0.00308705
1.9058877e-06,0.00146285
1.9059377e-06,-6.30327e-05
1.9059877e-06,-0.00702659
1.9060377e-06,-0.0121036
1.9060877e-06,-0.0112991
1.9061377e-06,-0.00944025
1.9061877e-06,-0.0124088
1.9062377e-06,-0.0180684
1.9062877e-06,-0.0188452
1.9063377e-06,-0.0125198
1.9063877e-06,-0.00533425
1.9064377e-06,-0.00394709
1.9064877e-06,-0.00769243
1.9065377e-06,-0.0113823
1.9065877e-06,-0.0124088
1.9066377e-06,-0.0123533
1.9066877e-06,-0.012381
1.9067377e-06,-0.0113268
1.9067877e-06,-0.00891313
1.9068377e-06,-0.0076092
1.9068877e-06,-0.00999512
1.9069377e-06,-0.0152663
1.9069877e-06,-0.019733
1.9070377e-06,-0.0198717
1.9070877e-06,-0.0152108
1.9071377e-06,-0.00974543
1.9071877e-06,-0.00896862
1.9072377e-06,-0.0135185
1.9072877e-06,-0.0165425
1.9073377e-06,-0.0110216
1.9073877e-06,0.00029763
1.9074377e-06,0.00662309
1.9074877e-06,0.00154608
1.9075377e-06,-0.00974543
1.9075877e-06,-0.0177632
1.9076377e-06,-0.0199549
1.9076877e-06,-0.0210369
1.9077377e-06,-0.023839
1.9077877e-06,-0.0252262
1.9078377e-06,-0.0215641
1.9078877e-06,-0.0150999
1.9079377e-06,-0.0118262
1.9079877e-06,-0.0146005
1.9080377e-06,-0.0194556
1.9080877e-06,-0.0200382
1.9081377e-06,-0.0147392
1.9081877e-06,-0.00830278
1.9082377e-06,-0.00547297
1.9082877e-06,-0.00583363
1.9083377e-06,-0.00652721
1.9083877e-06,-0.00755371
1.9084377e-06,-0.01055
1.9084877e-06,-0.0139069
1.9085377e-06,-0.0131578
1.9085877e-06,-0.00744274
1.9086377e-06,-0.00255993
1.9086877e-06,-0.00486262
1.9087377e-06,-0.0128804
1.9087877e-06,-0.0183458
1.9088377e-06,-0.0170142
1.9088877e-06,-0.0149612
1.9089377e-06,-0.0199827
1.9089877e-06,-0.0292212
1.9090377e-06,-0.0315794
1.9090877e-06,-0.022646
1.9091377e-06,-0.0110771
1.9091877e-06,-0.00777566
1.9092377e-06,-0.0122978
1.9092877e-06,-0.0150999
1.9093377e-06,-0.0110216
1.9093877e-06,-0.00544522
1.9094377e-06,-0.00569491
1.9094877e-06,-0.0109939
1.9095377e-06,-0.014767
1.9095877e-06,-0.0139624
1.9096377e-06,-0.0127417
1.9096877e-06,-0.0157935
1.9097377e-06,-0.0210924
1.9097877e-06,-0.0214531
1.9098377e-06,-0.0139901
1.9098877e-06,-0.00502907
1.9099377e-06,-0.00250444
1.9099877e-06,-0.00533425
1.9100377e-06,-0.00577814
1.9100877e-06,-0.00200506
1.9101377e-06,-0.00175537
1.9101877e-06,-0.0106332
1.9102377e-06,-0.0225628
1.9102877e-06,-0.0264191
1.9103377e-06,-0.0192336
1.9103877e-06,-0.00894087
1.9104377e-06,-0.00477939
1.9104877e-06,-0.00821955
1.9105377e-06,-0.0132411
1.9105877e-06,-0.0138514
1.9106377e-06,-0.0112436
1.9106877e-06,-0.0118817
1.9107377e-06,-0.0182626
1.9107877e-06,-0.0235616
1.9108377e-06,-0.0199549
1.9108877e-06,-0.0104945
1.9109377e-06,-0.00591686
1.9109877e-06,-0.00980091
1.9110377e-06,-0.0139624
1.9110877e-06,-0.01141
1.9111377e-06,-0.00619429
1.9111877e-06,-0.00522328
1.9112377e-06,-0.00774791
1.9112877e-06,-0.00910733
1.9113377e-06,-0.00949574
1.9113877e-06,-0.0110771
1.9114377e-06,-0.0110494
1.9114877e-06,-0.00561168
1.9115377e-06,0.00149059
1.9115877e-06,0.00210094
1.9116377e-06,-0.00536199
1.9116877e-06,-0.013463
1.9117377e-06,-0.0149334
1.9117877e-06,-0.0100783
1.9118377e-06,-0.00497359
1.9118877e-06,-0.00516779
1.9119377e-06,-0.0112436
1.9119877e-06,-0.0182349
1.9120377e-06,-0.0197607
1.9120877e-06,-0.0155993
1.9121377e-06,-0.0131301
1.9121877e-06,-0.017569
1.9122377e-06,-0.0230899
1.9122877e-06,-0.0197607
1.9123377e-06,-0.00905185
1.9123877e-06,-0.00450195
1.9124377e-06,-0.0133243
1.9124877e-06,-0.0246436
1.9125377e-06,-0.0228125
1.9125877e-06,-0.00852472
1.9126377e-06,0.00193448
1.9126877e-06,-0.00244895
1.9127377e-06,-0.0143508
1.9127877e-06,-0.0189007
1.9128377e-06,-0.0118539
1.9128877e-06,-0.00314253
1.9129377e-06,-0.00428001
1.9129877e-06,-0.0152386
1.9130377e-06,-0.0247823
1.9130877e-06,-0.0223131
1.9131377e-06,-0.00960671
1.9131877e-06,0.000630549
1.9132377e-06,-0.00122825
1.9132877e-06,-0.0115487
1.9133377e-06,-0.0198995
1.9133877e-06,-0.0229512
1.9134377e-06,-0.0245603
1.9134877e-06,-0.0242829
1.9135377e-06,-0.0171251
1.9135877e-06,-0.00655495
1.9136377e-06,-0.00455744
1.9136877e-06,-0.0134908
1.9137377e-06,-0.0191226
1.9137877e-06,-0.0111326
1.9138377e-06,0.000935724
1.9138877e-06,0.00196222
1.9139377e-06,-0.00716531
1.9139877e-06,-0.0133798
1.9140377e-06,-0.0115765
1.9140877e-06,-0.00852472
1.9141377e-06,-0.00891313
1.9141877e-06,-0.00916282
1.9142377e-06,-0.00705433
1.9142877e-06,-0.00691562
1.9143377e-06,-0.0102448
1.9143877e-06,-0.00999512
1.9144377e-06,-0.00161665
1.9144877e-06,0.00681729
1.9145377e-06,0.00401523
1.9145877e-06,-0.00785889
1.9146377e-06,-0.0154328
1.9146877e-06,-0.0121313
1.9147377e-06,-0.00550071
1.9147877e-06,-0.00522328
1.9148377e-06,-0.0104113
1.9148877e-06,-0.0127694
1.9149377e-06,-0.0086357
1.9149877e-06,-0.00292059
1.9150377e-06,-0.00150568
1.9150877e-06,-0.00464067
1.9151377e-06,-0.00874667
1.9151877e-06,-0.0112713
1.9152377e-06,-0.0110216
1.9152877e-06,-0.00769243
1.9153377e-06,-0.00336448
1.9153877e-06,-0.00197732
1.9154377e-06,-0.0055562
1.9154877e-06,-0.01141
1.9155377e-06,-0.0152941
1.9155877e-06,-0.0160986
1.9156377e-06,-0.0163483
1.9156877e-06,-0.0174581
1.9157377e-06,-0.0166535
1.9157877e-06,-0.0109939
1.9158377e-06,-0.00355868
1.9158877e-06,-0.0016444
1.9159377e-06,-0.00738725
1.9159877e-06,-0.0146005
1.9160377e-06,-0.0166535
1.9160877e-06,-0.0135463
1.9161377e-06,-0.00921831
1.9161877e-06,-0.00666593
1.9162377e-06,-0.00777566
1.9162877e-06,-0.0133243
1.9163377e-06,-0.0201491
1.9163877e-06,-0.0221189
1.9164377e-06,-0.0170974
1.9164877e-06,-0.00977317
1.9165377e-06,-0.00600009
1.9165877e-06,-0.00716531
1.9166377e-06,-0.0113545
1.9166877e-06,-0.0164593
1.9167377e-06,-0.0202324
1.9167877e-06,-0.0202879
1.9168377e-06,-0.0162096
1.9168877e-06,-0.0107164
1.9169377e-06,-0.00702659
1.9169877e-06,-0.00586137
1.9170377e-06,-0.00627752
1.9170877e-06,-0.0079976
1.9171377e-06,-0.0107164
1.9171877e-06,-0.0117707
1.9172377e-06,-0.00747048
1.9172877e-06,0.00165705
1.9173377e-06,0.00903675
1.9173877e-06,0.00798251
1.9174377e-06,-0.000395952
1.9174877e-06,-0.00871893
1.9175377e-06,-0.0117984
1.9175877e-06,-0.0110494
1.9176377e-06,-0.0100229
1.9176877e-06,-0.0098564
1.9177377e-06,-0.00996737
1.9177877e-06,-0.0100783
1.9178377e-06,-0.0102171
1.9178877e-06,-0.0101338
1.9179377e-06,-0.0104113
1.9179877e-06,-0.0124365
1.9180377e-06,-0.0163761
1.9180877e-06,-0.0203156
1.9181377e-06,-0.021897
1.9181877e-06,-0.0200104
1.9182377e-06,-0.0155715
1.9182877e-06,-0.0111881
1.9183377e-06,-0.00971768
1.9183877e-06,-0.0118817
1.9184377e-06,-0.0152941
1.9184877e-06,-0.0168477
1.9185377e-06,-0.014545
1.9185877e-06,-0.00888539
1.9186377e-06,-0.00405806
1.9186877e-06,-0.00577814
1.9187377e-06,-0.0132411
1.9187877e-06,-0.0170974
1.9188377e-06,-0.0111603
1.9188877e-06,-0.00211603
1.9189377e-06,-0.000867587
1.9189877e-06,-0.00716531
1.9190377e-06,-0.0116042
1.9190877e-06,-0.010661
1.9191377e-06,-0.0109661
1.9191877e-06,-0.016598
1.9192377e-06,-0.0210647
1.9192877e-06,-0.0178187
1.9193377e-06,-0.0113268
1.9193877e-06,-0.0100506
1.9194377e-06,-0.0142121
1.9194877e-06,-0.01854
1.9195377e-06,-0.0220912
1.9195877e-06,-0.0258088
1.9196377e-06,-0.0247823
1.9196877e-06,-0.0136295
1.9197377e-06,0.000769265
1.9197877e-06,0.00351585
1.9198377e-06,-0.00913508
1.9198877e-06,-0.0236448
1.9199377e-06,-0.0254759
1.9199877e-06,-0.0158212
1.9200377e-06,-0.00791437
1.9200877e-06,-0.0104668
1.9201377e-06,-0.0182071
1.9201877e-06,-0.0193169
1.9202377e-06,-0.0103835
1.9202877e-06,-0.00125599
1.9203377e-06,-0.00258767
1.9203877e-06,-0.0113823
1.9204377e-06,-0.0148224
1.9204877e-06,-0.00802535
1.9205377e-06,-0.000867587
1.9205877e-06,-0.00380837
1.9206377e-06,-0.0136017
1.9206877e-06,-0.0190949
1.9207377e-06,-0.0170974
1.9207877e-06,-0.0144063
1.9208377e-06,-0.0150444
1.9208877e-06,-0.0145728
1.9209377e-06,-0.00941251
1.9209877e-06,-0.00469616
1.9210377e-06,-0.00708208
1.9210877e-06,-0.0144063
1.9211377e-06,-0.0180407
1.9211877e-06,-0.0142398
1.9212377e-06,-0.00827504
1.9212877e-06,-0.00702659
1.9213377e-06,-0.0105222
1.9213877e-06,-0.0126307
1.9214377e-06,-0.00910733
1.9214877e-06,-0.00347545
1.9215377e-06,-0.00339222
1.9215877e-06,-0.010439
1.9216377e-06,-0.0165703
1.9216877e-06,-0.0134908
1.9217377e-06,-0.00444647
1.9217877e-06,-0.000701127
1.9218377e-06,-0.00624978
1.9218877e-06,-0.0127972
1.9219377e-06,-0.0122146
1.9219877e-06,-0.00766468
1.9220377e-06,-0.00805309
1.9220877e-06,-0.0145173
1.9221377e-06,-0.0191781
1.9221877e-06,-0.016487
1.9222377e-06,-0.0105777
1.9222877e-06,-0.00905185
1.9223377e-06,-0.0129082
1.9223877e-06,-0.0161541
1.9224377e-06,-0.0142398
1.9224877e-06,-0.0098564
1.9225377e-06,-0.00896862
1.9225877e-06,-0.0131301
1.9226377e-06,-0.0176245
1.9226877e-06,-0.0174303
1.9227377e-06,-0.0131578
1.9227877e-06,-0.00971768
1.9228377e-06,-0.0102171
1.9228877e-06,-0.0131024
1.9229377e-06,-0.0153218
1.9229877e-06,-0.0153218
1.9230377e-06,-0.012492
1.9230877e-06,-0.00694336
1.9231377e-06,-0.0018386
1.9231877e-06,-0.0018386
1.9232377e-06,-0.00722079
1.9232877e-06,-0.0129636
1.9233377e-06,-0.0143786
1.9233877e-06,-0.0113545
1.9234377e-06,-0.00680464
1.9234877e-06,-0.00447421
1.9235377e-06,-0.00766468
1.9235877e-06,-0.0160986
1.9236377e-06,-0.0235616
1.9236877e-06,-0.022979
1.9237377e-06,-0.0147392
1.9237877e-06,-0.00649947
1.9238377e-06,-0.00414129
1.9238877e-06,-0.0065827
1.9239377e-06,-0.00949574
1.9239877e-06,-0.0101616
1.9240377e-06,-0.00791437
1.9240877e-06,-0.00469616
1.9241377e-06,-0.00527876
1.9241877e-06,-0.0123256
1.9242377e-06,-0.0213699
1.9242877e-06,-0.0243661
1.9243377e-06,-0.0189562
1.9243877e-06,-0.0110771
1.9244377e-06,-0.00819181
1.9244877e-06,-0.0113268
1.9245377e-06,-0.0150166
1.9245877e-06,-0.0143231
1.9246377e-06,-0.0112436
1.9246877e-06,-0.01141
1.9247377e-06,-0.0149889
1.9247877e-06,-0.0159044
1.9248377e-06,-0.0119094
1.9248877e-06,-0.00930154
1.9249377e-06,-0.0131301
1.9249877e-06,-0.0182349
1.9250377e-06,-0.0162373
1.9250877e-06,-0.00841375
1.9251377e-06,-0.00403032
1.9251877e-06,-0.00686013
1.9252377e-06,-0.0102448
1.9252877e-06,-0.00816406
1.9253377e-06,-0.00450195
1.9253877e-06,-0.00683239
1.9254377e-06,-0.014434
1.9254877e-06,-0.0189839
1.9255377e-06,-0.0163206
1.9255877e-06,-0.0103558
1.9256377e-06,-0.00527876
1.9256877e-06,-0.000923074
1.9257377e-06,0.00201771
1.9257877e-06,-0.000645641
1.9258377e-06,-0.00960671
1.9258877e-06,-0.0172916
1.9259377e-06,-0.0162928
1.9259877e-06,-0.00957897
1.9260377e-06,-0.00630526
1.9260877e-06,-0.00860795
1.9261377e-06,-0.00852472
1.9261877e-06,-3.52894e-05
1.9262377e-06,0.010202
1.9262877e-06,0.00948065
1.9263377e-06,-0.00433549
1.9263877e-06,-0.0178742
1.9264377e-06,-0.0170974
1.9264877e-06,-0.00430775
1.9265377e-06,0.00473655
1.9265877e-06,0.000436346
1.9266377e-06,-0.00977317
1.9266877e-06,-0.0133798
1.9267377e-06,-0.00963445
1.9267877e-06,-0.00794212
1.9268377e-06,-0.0126585
1.9268877e-06,-0.0180684
1.9269377e-06,-0.0186788
1.9269877e-06,-0.0170419
1.9270377e-06,-0.0174858
1.9270877e-06,-0.0180684
1.9271377e-06,-0.0146282
1.9271877e-06,-0.0088299
1.9272377e-06,-0.00663818
1.9272877e-06,-0.00957897
1.9273377e-06,-0.0133521
1.9273877e-06,-0.0142121
1.9274377e-06,-0.012603
1.9274877e-06,-0.0103835
1.9275377e-06,-0.00783114
1.9275877e-06,-0.0049181
1.9276377e-06,-0.00375289
1.9276877e-06,-0.0069711
1.9277377e-06,-0.0130191
1.9277877e-06,-0.0152386
1.9278377e-06,-0.00944025
1.9278877e-06,-0.00108953
1.9279377e-06,-0.000201749
1.9279877e-06,-0.00758145
1.9280377e-06,-0.012714
1.9280877e-06,-0.0090241
1.9281377e-06,-0.00378063
1.9281877e-06,-0.00669367
1.9282377e-06,-0.0146005
1.9282877e-06,-0.0171529
1.9283377e-06,-0.0132411
1.9283877e-06,-0.011521
1.9284377e-06,-0.015516
1.9284877e-06,-0.0185955
1.9285377e-06,-0.0153496
1.9285877e-06,-0.0102171
1.9286377e-06,-0.0109384
1.9286877e-06,-0.0174026
1.9287377e-06,-0.021675
1.9287877e-06,-0.0187342
1.9288377e-06,-0.0129914
1.9288877e-06,-0.0119926
1.9289377e-06,-0.0163206
1.9289877e-06,-0.0205376
1.9290377e-06,-0.0223131
1.9290877e-06,-0.0238667
1.9291377e-06,-0.0241997
1.9291877e-06,-0.0174026
1.9292377e-06,-0.00383612
1.9292877e-06,0.00423717
1.9293377e-06,-0.00292059
1.9293877e-06,-0.016709
1.9294377e-06,-0.0193446
1.9294877e-06,-0.00808083
1.9295377e-06,0.000963468
1.9295877e-06,-0.00394709
1.9296377e-06,-0.0144618
1.9296877e-06,-0.016598
1.9297377e-06,-0.0112713
1.9297877e-06,-0.0102171
1.9298377e-06,-0.0154883
1.9298877e-06,-0.0154883
1.9299377e-06,-0.00436324
1.9299877e-06,0.00592951
1.9300377e-06,0.000353116
1.9300877e-06,-0.0175968
1.9301377e-06,-0.0280282
1.9301877e-06,-0.0182626
1.9302377e-06,0.00168479
1.9302877e-06,0.0105626
1.9303377e-06,-3.52894e-05
1.9303877e-06,-0.0165703
1.9304377e-06,-0.0200104
1.9304877e-06,-0.0088299
1.9305377e-06,-9.07759e-05
1.9305877e-06,-0.00686013
1.9306377e-06,-0.0218415
1.9306877e-06,-0.0278063
1.9307377e-06,-0.0202046
1.9307877e-06,-0.0112713
1.9308377e-06,-0.0120204
1.9308877e-06,-0.0184291
1.9309377e-06,-0.0197053
1.9309877e-06,-0.0136572
1.9310377e-06,-0.00783114
1.9310877e-06,-0.00830278
1.9311377e-06,-0.0136295
1.9311877e-06,-0.0187065
1.9312377e-06,-0.0203711
1.9312877e-06,-0.0187897
1.9313377e-06,-0.0164316
1.9313877e-06,-0.0154883
1.9314377e-06,-0.0163761
1.9314877e-06,-0.0180407
1.9315377e-06,-0.0196498
1.9315877e-06,-0.0207595
1.9316377e-06,-0.0207595
1.9316877e-06,-0.0193446
1.9317377e-06,-0.017569
1.9317877e-06,-0.0176523
1.9318377e-06,-0.0211479
1.9318877e-06,-0.0263636
1.9319377e-06,-0.0284721
1.9319877e-06,-0.0238113
1.9320377e-06,-0.0152663
1.9320877e-06,-0.0117152
1.9321377e-06,-0.018651
1.9321877e-06,-0.0294709
1.9322377e-06,-0.0308026
1.9322877e-06,-0.0189284
1.9323377e-06,-0.00611106
1.9323877e-06,-0.0057504
1.9324377e-06,-0.0154605
1.9324877e-06,-0.0215363
1.9325377e-06,-0.01682
1.9325877e-06,-0.00791437
1.9326377e-06,-0.00525102
1.9326877e-06,-0.0112713
1.9327377e-06,-0.0192614
1.9327877e-06,-0.021786
1.9328377e-06,-0.0177077
1.9328877e-06,-0.01141
1.9329377e-06,-0.00605558
1.9329877e-06,-0.00125599
1.9330377e-06,0.00201771
1.9330877e-06,-0.00128374
1.9331377e-06,-0.0124365
1.9331877e-06,-0.0221467
1.9332377e-06,-0.0191504
1.9332877e-06,-0.00636075
1.9333377e-06,0.000242143
1.9333877e-06,-0.00808083
1.9334377e-06,-0.0207872
1.9334877e-06,-0.0225628
1.9335377e-06,-0.0139624
1.9335877e-06,-0.00894087
1.9336377e-06,-0.0138792
1.9336877e-06,-0.0193446
1.9337377e-06,-0.0150999
1.9337877e-06,-0.00444647
1.9338377e-06,0.00118541
1.9338877e-06,-0.00289284
1.9339377e-06,-0.0110771
1.9339877e-06,-0.0163483
1.9340377e-06,-0.0174858
1.9340877e-06,-0.0167645
1.9341377e-06,-0.0150721
1.9341877e-06,-0.01141
1.9342377e-06,-0.00674916
1.9342877e-06,-0.00480713
1.9343377e-06,-0.00821955
1.9343877e-06,-0.0140734
1.9344377e-06,-0.0160709
1.9344877e-06,-0.0127972
1.9345377e-06,-0.0102725
1.9345877e-06,-0.0137682
1.9346377e-06,-0.0202879
1.9346877e-06,-0.0232564
1.9347377e-06,-0.021897
1.9347877e-06,-0.0198717
1.9348377e-06,-0.0174581
1.9348877e-06,-0.0116875
1.9349377e-06,-0.00483487
1.9349877e-06,-0.00439098
1.9350377e-06,-0.0116597
1.9350877e-06,-0.0169032
1.9351377e-06,-0.0118262
1.9351877e-06,-0.00258767
1.9352377e-06,-0.00222701
1.9352877e-06,-0.0130191
1.9353377e-06,-0.0229512
1.9353877e-06,-0.020704
1.9354377e-06,-0.00988414
1.9354877e-06,-0.00536199
1.9355377e-06,-0.0152941
1.9355877e-06,-0.0294986
1.9356377e-06,-0.0308303
1.9356877e-06,-0.0175135
1.9357377e-06,-0.00538974
1.9357877e-06,-0.00561168
1.9358377e-06,-0.01141
1.9358877e-06,-0.0121868
1.9359377e-06,-0.0101061
1.9359877e-06,-0.0127417
1.9360377e-06,-0.0179574
1.9360877e-06,-0.0174026
1.9361377e-06,-0.0106332
1.9361877e-06,-0.00541748
1.9362377e-06,-0.00538974
1.9362877e-06,-0.0057504
1.9363377e-06,-0.00178311
1.9363877e-06,0.00429266
1.9364377e-06,0.00606823
1.9364877e-06,2.01971e-05
1.9365377e-06,-0.0104113
1.9365877e-06,-0.0169309
1.9366377e-06,-0.0143508
1.9366877e-06,-0.00769243
1.9367377e-06,-0.00796986
1.9367877e-06,-0.0182349
1.9368377e-06,-0.0281669
1.9368877e-06,-0.0265301
1.9369377e-06,-0.0153218
1.9369877e-06,-0.00572266
1.9370377e-06,-0.0038916
1.9370877e-06,-0.00686013
1.9371377e-06,-0.0103835
1.9371877e-06,-0.0138237
1.9372377e-06,-0.0169864
1.9372877e-06,-0.018762
1.9373377e-06,-0.0189007
1.9373877e-06,-0.0177632
1.9374377e-06,-0.0145173
1.9374877e-06,-0.00938477
1.9375377e-06,-0.00674916
1.9375877e-06,-0.0111326
1.9376377e-06,-0.0192614
1.9376877e-06,-0.0214253
1.9377377e-06,-0.013574
1.9377877e-06,-0.00422452
1.9378377e-06,-0.00483487
1.9378877e-06,-0.0153773
1.9379377e-06,-0.0239222
1.9379877e-06,-0.0206763
1.9380377e-06,-0.00916282
1.9380877e-06,-0.00219926
1.9381377e-06,-0.0076092
1.9381877e-06,-0.0191781
1.9382377e-06,-0.0241442
1.9382877e-06,-0.0191781
1.9383377e-06,-0.014767
1.9383877e-06,-0.0211479
1.9384377e-06,-0.0333549
1.9384877e-06,-0.0371003
1.9385377e-06,-0.0270017
1.9385877e-06,-0.0125752
1.9386377e-06,-0.0051123
1.9386877e-06,-0.00572266
1.9387377e-06,-0.00849698
1.9387877e-06,-0.00921831
1.9388377e-06,-0.00755371
1.9388877e-06,-0.0051123
1.9389377e-06,-0.00502907
1.9389877e-06,-0.0100229
1.9390377e-06,-0.0179019
1.9390877e-06,-0.0227293
1.9391377e-06,-0.0213976
1.9391877e-06,-0.0166258
1.9392377e-06,-0.0123533
1.9392877e-06,-0.00957897
1.9393377e-06,-0.00816406
1.9393877e-06,-0.00858021
1.9394377e-06,-0.0106887
1.9394877e-06,-0.0134353
1.9395377e-06,-0.016487
1.9395877e-06,-0.0200659
1.9396377e-06,-0.0222299
1.9396877e-06,-0.0203711
1.9397377e-06,-0.0170142
1.9397877e-06,-0.0189562
1.9398377e-06,-0.0275566
1.9398877e-06,-0.0340208
1.9399377e-06,-0.0294986
1.9399877e-06,-0.0175135
1.9400377e-06,-0.0109661
1.9400877e-06,-0.0158489
1.9401377e-06,-0.0243106
1.9401877e-06,-0.0266411
1.9402377e-06,-0.0241442
1.9402877e-06,-0.0237003
1.9403377e-06,-0.0250042
1.9403877e-06,-0.021786
1.9404377e-06,-0.0139624
1.9404877e-06,-0.00993963
1.9405377e-06,-0.0149334
1.9405877e-06,-0.0231732
1.9406377e-06,-0.025892
1.9406877e-06,-0.022646
1.9407377e-06,-0.0202046
1.9407877e-06,-0.0215086
1.9408377e-06,-0.0211202
1.9408877e-06,-0.0141566
1.9409377e-06,-0.00538974
1.9409877e-06,-0.00425226
1.9410377e-06,-0.0125752
1.9410877e-06,-0.0217583
1.9411377e-06,-0.0230622
1.9411877e-06,-0.0176523
1.9412377e-06,-0.0139347
1.9412877e-06,-0.0170974
1.9413377e-06,-0.0232564
1.9413877e-06,-0.0249765
1.9414377e-06,-0.0194278
1.9414877e-06,-0.0107719
1.9415377e-06,-0.00552845
1.9415877e-06,-0.00663818
1.9416377e-06,-0.0121036
1.9416877e-06,-0.0182903
1.9417377e-06,-0.0225073
1.9417877e-06,-0.0222576
1.9418377e-06,-0.0166535
1.9418877e-06,-0.0108552
1.9419377e-06,-0.0138514
1.9419877e-06,-0.0266688
1.9420377e-06,-0.0368506
1.9420877e-06,-0.0318013
1.9421377e-06,-0.0152663
1.9421877e-06,-0.00347545
1.9422377e-06,-0.00508456
1.9422877e-06,-0.0129914
1.9423377e-06,-0.0171251
1.9423877e-06,-0.016598
1.9424377e-06,-0.0156825
1.9424877e-06,-0.0155993
1.9425377e-06,-0.0152386
1.9425877e-06,-0.0139624
1.9426377e-06,-0.0114378
1.9426877e-06,-0.00855247
1.9427377e-06,-0.00899636
1.9427877e-06,-0.0145728
1.9428377e-06,-0.0200659
1.9428877e-06,-0.0182349
1.9429377e-06,-0.0101338
1.9429877e-06,-0.00494585
1.9430377e-06,-0.00894087
1.9430877e-06,-0.0182071
1.9431377e-06,-0.0241997
1.9431877e-06,-0.023728
1.9432377e-06,-0.020926
1.9432877e-06,-0.0194833
1.9433377e-06,-0.016598
1.9433877e-06,-0.00852472
1.9434377e-06,-0.000284979
1.9434877e-06,-0.00225475
1.9435377e-06,-0.0147947
1.9435877e-06,-0.0243106
1.9436377e-06,-0.0203434
1.9436877e-06,-0.0100506
1.9437377e-06,-0.00774791
1.9437877e-06,-0.0150721
1.9438377e-06,-0.0203988
1.9438877e-06,-0.0169587
1.9439377e-06,-0.0110216
1.9439877e-06,-0.0109661
1.9440377e-06,-0.0155715
1.9440877e-06,-0.0172916
1.9441377e-06,-0.0133521
1.9441877e-06,-0.00855247
1.9442377e-06,-0.00835827
1.9442877e-06,-0.0121313
1.9443377e-06,-0.0142676
1.9443877e-06,-0.0105222
1.9444377e-06,-0.00261541
1.9444877e-06,0.00257258
1.9445377e-06,-0.00097856
1.9445877e-06,-0.0110771
1.9446377e-06,-0.0173748
1.9446877e-06,-0.0127694
1.9447377e-06,-0.00333674
1.9447877e-06,-0.00114502
1.9448377e-06,-0.00796986
1.9448877e-06,-0.0131301
1.9449377e-06,-0.00888539
1.9449877e-06,0.000186657
1.9450377e-06,0.00567982
1.9450877e-06,0.00526367
1.9451377e-06,0.0012409
1.9451877e-06,-0.0040858
1.9452377e-06,-0.00766468
1.9452877e-06,-0.00544522
1.9453377e-06,0.00243386
1.9453877e-06,0.00942516
1.9454377e-06,0.00889804
1.9454877e-06,0.00137962
1.9455377e-06,-0.00666593
1.9455877e-06,-0.00977317
1.9456377e-06,-0.00841375
1.9456877e-06,-0.00735951
1.9457377e-06,-0.00957897
1.9457877e-06,-0.0126585
1.9458377e-06,-0.0129082
1.9458877e-06,-0.0121313
1.9459377e-06,-0.0148224
1.9459877e-06,-0.0192336
1.9460377e-06,-0.0172638
1.9460877e-06,-0.00694336
1.9461377e-06,0.00146285
1.9461877e-06,-0.00172763
1.9462377e-06,-0.0112713
1.9462877e-06,-0.0141011
1.9463377e-06,-0.00816406
1.9463877e-06,-0.00469616
1.9464377e-06,-0.0109661
1.9464877e-06,-0.0199827
1.9465377e-06,-0.0216195
1.9465877e-06,-0.0168754
1.9466377e-06,-0.0139901
1.9466877e-06,-0.0141289
1.9467377e-06,-0.0101338
1.9467877e-06,-0.000201749
1.9468377e-06,0.005985
1.9468877e-06,-0.000423695
1.9469377e-06,-0.0149057
1.9469877e-06,-0.0244771
1.9470377e-06,-0.0230067
1.9470877e-06,-0.0161264
1.9471377e-06,-0.0123533
1.9471877e-06,-0.0132688
1.9472377e-06,-0.0141011
1.9472877e-06,-0.01055
1.9473377e-06,-0.00314253
1.9473877e-06,0.0032939
1.9474377e-06,0.00387651
1.9474877e-06,-0.00106179
1.9475377e-06,-0.00480713
1.9475877e-06,-0.00147794
1.9476377e-06,0.00626243
1.9476877e-06,0.00970259
1.9477377e-06,0.00487527
1.9477877e-06,-0.00358643
1.9478377e-06,-0.00935702
1.9478877e-06,-0.0118262
1.9479377e-06,-0.0140456
1.9479877e-06,-0.0161819
1.9480377e-06,-0.0149057
1.9480877e-06,-0.00927379
1.9481377e-06,-0.0035032
1.9481877e-06,-0.0028651
1.9482377e-06,-0.00785889
1.9482877e-06,-0.0137959
1.9483377e-06,-0.0154051
1.9483877e-06,-0.0116875
1.9484377e-06,-0.00647172
1.9484877e-06,-0.00458518
1.9485377e-06,-0.00699885
1.9485877e-06,-0.00999512
1.9486377e-06,-0.00852472
1.9486877e-06,-0.00181086
1.9487377e-06,0.00445912
1.9487877e-06,0.00221191
1.9488377e-06,-0.0101616
1.9488877e-06,-0.0240332
1.9489377e-06,-0.0281392
1.9489877e-06,-0.0201491
1.9490377e-06,-0.00907959
1.9490877e-06,-0.00494585
1.9491377e-06,-0.00827504
1.9491877e-06,-0.0121313
1.9492377e-06,-0.0124088
1.9492877e-06,-0.0119926
1.9493377e-06,-0.0133798
1.9493877e-06,-0.0131024
1.9494377e-06,-0.0078034
1.9494877e-06,-0.00236572
1.9495377e-06,-0.00461293
1.9495877e-06,-0.0122978
1.9496377e-06,-0.0146282
1.9496877e-06,-0.00763694
1.9497377e-06,-0.000451438
1.9497877e-06,-0.00194957
1.9498377e-06,-0.00869118
1.9498877e-06,-0.0115487
1.9499377e-06,-0.00910733
1.9499877e-06,-0.00813632
1.9500377e-06,-0.0129636
1.9500877e-06,-0.0199549
1.9501377e-06,-0.021786
1.9501877e-06,-0.0154051
1.9502377e-06,-0.00591686
1.9502877e-06,-0.00347545
1.9503377e-06,-0.0133243
1.9503877e-06,-0.0285276
1.9504377e-06,-0.0357963
1.9504877e-06,-0.0293877
1.9505377e-06,-0.0164316
1.9505877e-06,-0.00783114
1.9506377e-06,-0.00722079
1.9506877e-06,-0.0106055
1.9507377e-06,-0.013685
1.9507877e-06,-0.0161819
1.9508377e-06,-0.01854
1.9508877e-06,-0.0189839
1.9509377e-06,-0.0163761
1.9509877e-06,-0.0139347
1.9510377e-06,-0.0162096
1.9510877e-06,-0.0225628
1.9511377e-06,-0.0262249
1.9511877e-06,-0.0214531
1.9512377e-06,-0.0101893
1.9512877e-06,-0.00108953
1.9513377e-06,-0.00128374
1.9513877e-06,-0.009468
1.9514377e-06,-0.0175968
1.9514877e-06,-0.0190394
1.9515377e-06,-0.0148224
1.9515877e-06,-0.0107719
1.9516377e-06,-0.0109106
1.9516877e-06,-0.0141566
1.9517377e-06,-0.0162096
1.9517877e-06,-0.0137127
1.9518377e-06,-0.00766468
1.9518877e-06,-0.00322576
1.9519377e-06,-0.0036974
1.9519877e-06,-0.00619429
1.9520377e-06,-0.00622203
1.9520877e-06,-0.00486262
1.9521377e-06,-0.00652721
1.9521877e-06,-0.0100506
1.9522377e-06,-0.00971768
1.9522877e-06,-0.00497359
1.9523377e-06,-0.00250444
1.9523877e-06,-0.00661044
1.9524377e-06,-0.0132966
1.9524877e-06,-0.0169864
1.9525377e-06,-0.01854
1.9525877e-06,-0.0220357
1.9526377e-06,-0.0266688
1.9526877e-06,-0.0265856
1.9527377e-06,-0.0191781
1.9527877e-06,-0.00919056
1.9528377e-06,-0.0036974
1.9528877e-06,-0.0047239
1.9529377e-06,-0.00713756
1.9529877e-06,-0.00455744
1.9530377e-06,0.00229514
1.9530877e-06,0.00407071
1.9531377e-06,-0.00649947
1.9531877e-06,-0.0236171
1.9532377e-06,-0.032911
1.9532877e-06,-0.0281669
1.9533377e-06,-0.01768
1.9533877e-06,-0.0122423
1.9534377e-06,-0.0117984
1.9534877e-06,-0.0101061
1.9535377e-06,-0.00796986
1.9535877e-06,-0.0116042
1.9536377e-06,-0.0196498
1.9536877e-06,-0.0223686
1.9537377e-06,-0.0155715
1.9537877e-06,-0.0065827
1.9538377e-06,-0.00397483
1.9538877e-06,-0.00805309
1.9539377e-06,-0.0139624
1.9539877e-06,-0.0175413
1.9540377e-06,-0.0165148
1.9540877e-06,-0.0109106
1.9541377e-06,-0.00480713
1.9541877e-06,-0.00361417
1.9542377e-06,-0.00858021
1.9542877e-06,-0.0161541
1.9543377e-06,-0.0226183
1.9543877e-06,-0.0271404
1.9544377e-06,-0.0305529
1.9544877e-06,-0.0326336
1.9545377e-06,-0.0311632
1.9545877e-06,-0.0245881
1.9546377e-06,-0.0163206
1.9546877e-06,-0.0128249
1.9547377e-06,-0.0157102
1.9547877e-06,-0.0188175
1.9548377e-06,-0.0158212
1.9548877e-06,-0.00819181
1.9549377e-06,-0.00297607
1.9549877e-06,-0.00477939
1.9550377e-06,-0.0121036
1.9550877e-06,-0.0199549
1.9551377e-06,-0.0237558
1.9551877e-06,-0.0213144
1.9552377e-06,-0.0136017
1.9552877e-06,-0.0051123
1.9553377e-06,-0.00131148
1.9553877e-06,-0.00372514
1.9554377e-06,-0.00860795
1.9554877e-06,-0.0118262
1.9555377e-06,-0.0130746
1.9555877e-06,-0.0140179
1.9556377e-06,-0.0141843
1.9556877e-06,-0.0116597
1.9557377e-06,-0.00666593
1.9557877e-06,-0.00197732
1.9558377e-06,0.00013117
1.9558877e-06,-0.000784357
1.9559377e-06,-0.00333674
1.9559877e-06,-0.00550071
1.9560377e-06,-0.00688787
1.9560877e-06,-0.00980091
1.9561377e-06,-0.0154605
1.9561877e-06,-0.0201491
1.9562377e-06,-0.0194833
1.9562877e-06,-0.0149334
1.9563377e-06,-0.0112436
1.9563877e-06,-0.00930154
1.9564377e-06,-0.00652721
1.9564877e-06,-0.00236572
1.9565377e-06,0.00121316
1.9565877e-06,0.00279452
1.9566377e-06,0.00198997
1.9566877e-06,-0.00117276
1.9567377e-06,-0.0049181
1.9567877e-06,-0.00611106
1.9568377e-06,-0.00450195
1.9568877e-06,-0.0035032
1.9569377e-06,-0.00502907
1.9569877e-06,-0.00586137
1.9570377e-06,-0.00289284
1.9570877e-06,-3.52894e-05
1.9571377e-06,-0.00411355
1.9571877e-06,-0.0136572
1.9572377e-06,-0.0185678
1.9572877e-06,-0.0138514
1.9573377e-06,-0.00774791
1.9573877e-06,-0.00974543
1.9574377e-06,-0.0162651
1.9574877e-06,-0.0164593
1.9575377e-06,-0.00919056
1.9575877e-06,-0.00475164
1.9576377e-06,-0.00930154
1.9576877e-06,-0.0154605
1.9577377e-06,-0.0122423
1.9577877e-06,-0.000562411
1.9578377e-06,0.00678955
1.9578877e-06,0.000325373
1.9579377e-06,-0.0143231
1.9579877e-06,-0.0224796
1.9580377e-06,-0.0173471
1.9580877e-06,-0.00663818
1.9581377e-06,-0.00208829
1.9581877e-06,-0.00641624
1.9582377e-06,-0.0141289
1.9582877e-06,-0.0203156
1.9583377e-06,-0.022979
1.9583877e-06,-0.0202046
1.9584377e-06,-0.0121313
1.9584877e-06,-0.00500133
1.9585377e-06,-0.00605558
1.9585877e-06,-0.0135463
1.9586377e-06,-0.0179852
1.9586877e-06,-0.0152386
1.9587377e-06,-0.0120481
1.9587877e-06,-0.0154328
1.9588377e-06,-0.0221467
1.9588877e-06,-0.023728
1.9589377e-06,-0.0180961
1.9589877e-06,-0.0113545
1.9590377e-06,-0.00949574
1.9590877e-06,-0.0119371
1.9591377e-06,-0.0137127
1.9591877e-06,-0.0118539
1.9592377e-06,-0.0079976
1.9592877e-06,-0.00636075
1.9593377e-06,-0.00963445
1.9593877e-06,-0.0161264
1.9594377e-06,-0.0208427
1.9594877e-06,-0.0208982
1.9595377e-06,-0.0183181
1.9595877e-06,-0.0162373
1.9596377e-06,-0.0143231
1.9596877e-06,-0.0108829
1.9597377e-06,-0.00705433
1.9597877e-06,-0.00533425
1.9598377e-06,-0.00552845
1.9598877e-06,-0.00544522
1.9599377e-06,-0.0049181
1.9599877e-06,-0.00544522
1.9600377e-06,-0.00655495
1.9600877e-06,-0.00527876
1.9601377e-06,-0.000645641
1.9601877e-06,0.00321067
1.9602377e-06,0.000353116
1.9602877e-06,-0.00927379
1.9603377e-06,-0.0176245
1.9603877e-06,-0.0167645
1.9604377e-06,-0.0084415
1.9604877e-06,-0.00250444
1.9605377e-06,-0.00469616
1.9605877e-06,-0.00977317
1.9606377e-06,-0.00993963
1.9606877e-06,-0.00583363
1.9607377e-06,-0.00444647
1.9607877e-06,-0.00866344
1.9608377e-06,-0.014656
1.9608877e-06,-0.0178465
1.9609377e-06,-0.0159044
1.9609877e-06,-0.00869118
1.9610377e-06,-0.000479181
1.9610877e-06,0.00146285
1.9611377e-06,-0.00447421
1.9611877e-06,-0.0102725
1.9612377e-06,-0.00846924
1.9612877e-06,-0.00275413
1.9613377e-06,-0.00253218
1.9613877e-06,-0.009468
1.9614377e-06,-0.0157657
1.9614877e-06,-0.0151276
1.9615377e-06,-0.0102448
1.9615877e-06,-0.00783114
1.9616377e-06,-0.0105222
1.9616877e-06,-0.0154328
1.9617377e-06,-0.0176245
1.9617877e-06,-0.0142398
1.9618377e-06,-0.00705433
1.9618877e-06,-0.0020328
1.9619377e-06,-0.00425226
1.9619877e-06,-0.0121313
1.9620377e-06,-0.0190117
1.9620877e-06,-0.0203711
1.9621377e-06,-0.0184013
1.9621877e-06,-0.0174858
1.9622377e-06,-0.0177077
1.9622877e-06,-0.0152386
1.9623377e-06,-0.00866344
1.9623877e-06,-0.00172763
1.9624377e-06,0.00168479
1.9624877e-06,0.00235063
1.9625377e-06,0.00318293
1.9625877e-06,0.00301647
1.9626377e-06,-0.00236572
1.9626877e-06,-0.0129636
1.9627377e-06,-0.0215641
1.9627877e-06,-0.0216473
1.9628377e-06,-0.0158767
1.9628877e-06,-0.0121036
1.9629377e-06,-0.0118817
1.9629877e-06,-0.0103003
1.9630377e-06,-0.00719305
1.9630877e-06,-0.00949574
1.9631377e-06,-0.0190672
1.9631877e-06,-0.0266688
1.9632377e-06,-0.02395
1.9632877e-06,-0.0157102
1.9633377e-06,-0.0122978
1.9633877e-06,-0.0143508
1.9634377e-06,-0.0131856
1.9634877e-06,-0.00591686
1.9635377e-06,-0.00136697
1.9635877e-06,-0.00752597
1.9636377e-06,-0.0190672
1.9636877e-06,-0.0232009
1.9637377e-06,-0.015627
1.9637877e-06,-0.00436324
1.9638377e-06,0.00110218
1.9638877e-06,-0.00108953
1.9639377e-06,-0.00649947
1.9639877e-06,-0.009468
1.9640377e-06,-0.00622203
1.9640877e-06,0.00160156
1.9641377e-06,0.00581854
1.9641877e-06,-0.000562411
1.9642377e-06,-0.0126307
1.9642877e-06,-0.0165703
1.9643377e-06,-0.00688787
1.9643877e-06,0.00559659
1.9644377e-06,0.00756636
1.9644877e-06,-0.000617898
1.9645377e-06,-0.0088299
1.9645877e-06,-0.0118539
1.9646377e-06,-0.0126862
1.9646877e-06,-0.0134908
1.9647377e-06,-0.0120204
1.9647877e-06,-0.00774791
1.9648377e-06,-0.00530651
1.9648877e-06,-0.00735951
1.9649377e-06,-0.00924605
1.9649877e-06,-0.00580589
1.9650377e-06,-0.000174006
1.9650877e-06,0.000935724
1.9651377e-06,-0.00200506
1.9651877e-06,-0.0024767
1.9652377e-06,0.000658292
1.9652877e-06,0.000935724
1.9653377e-06,-0.0049181
1.9653877e-06,-0.0106055
1.9654377e-06,-0.00963445
1.9654877e-06,-0.00661044
1.9655377e-06,-0.0116042
1.9655877e-06,-0.0237558
1.9656377e-06,-0.0297483
1.9656877e-06,-0.0218692
1.9657377e-06,-0.00968994
1.9657877e-06,-0.00694336
1.9658377e-06,-0.0137682
1.9658877e-06,-0.0194001
1.9659377e-06,-0.0179574
1.9659877e-06,-0.0132688
1.9660377e-06,-0.0106055
1.9660877e-06,-0.0102448
1.9661377e-06,-0.0100229
1.9661877e-06,-0.00944025
1.9662377e-06,-0.0098564
1.9662877e-06,-0.0118817
1.9663377e-06,-0.013685
1.9663877e-06,-0.0123533
1.9664377e-06,-0.00749822
1.9664877e-06,-0.0028651
1.9665377e-06,-0.0028651
1.9665877e-06,-0.00741499
1.9666377e-06,-0.0121868
1.9666877e-06,-0.0138237
1.9667377e-06,-0.0134353
1.9667877e-06,-0.0138514
1.9668377e-06,-0.0156547
1.9668877e-06,-0.0164038
1.9669377e-06,-0.0133521
1.9669877e-06,-0.00647172
1.9670377e-06,0.00029763
1.9670877e-06,0.00201771
1.9671377e-06,-0.00206055
1.9671877e-06,-0.00716531
1.9672377e-06,-0.00785889
1.9672877e-06,-0.00364191
1.9673377e-06,0.0014351
1.9673877e-06,0.00340487
1.9674377e-06,0.00132413
1.9674877e-06,-0.00361417
1.9675377e-06,-0.00941251
1.9675877e-06,-0.0136017
1.9676377e-06,-0.0139901
1.9676877e-06,-0.0109106
1.9677377e-06,-0.00808083
1.9677877e-06,-0.00841375
1.9678377e-06,-0.0104113
1.9678877e-06,-0.0107719
1.9679377e-06,-0.00977317
1.9679877e-06,-0.0102171
1.9680377e-06,-0.0120759
1.9680877e-06,-0.0120759
1.9681377e-06,-0.0079976
1.9681877e-06,-0.00122825
1.9682377e-06,0.00373779
1.9682877e-06,0.00174028
1.9683377e-06,-0.00791437
1.9683877e-06,-0.018873
1.9684377e-06,-0.0236448
1.9684877e-06,-0.0219802
1.9685377e-06,-0.0192614
1.9685877e-06,-0.0179019
1.9686377e-06,-0.0154328
1.9686877e-06,-0.0112158
1.9687377e-06,-0.00885764
1.9687877e-06,-0.0100506
1.9688377e-06,-0.0108829
1.9688877e-06,-0.00827504
1.9689377e-06,-0.00552845
1.9689877e-06,-0.00661044
1.9690377e-06,-0.0084415
1.9690877e-06,-0.00530651
1.9691377e-06,0.000630549
1.9691877e-06,0.00110218
1.9692377e-06,-0.0059446
1.9692877e-06,-0.0131024
1.9693377e-06,-0.0138792
1.9693877e-06,-0.0108552
1.9694377e-06,-0.0104668
1.9694877e-06,-0.014656
1.9695377e-06,-0.0197053
1.9695877e-06,-0.0209814
1.9696377e-06,-0.0173193
1.9696877e-06,-0.0120481
1.9697377e-06,-0.00957897
1.9697877e-06,-0.0109939
1.9698377e-06,-0.0143231
1.9698877e-06,-0.0176523
1.9699377e-06,-0.0197607
1.9699877e-06,-0.0192059
1.9700377e-06,-0.0159322
1.9700877e-06,-0.0128249
1.9701377e-06,-0.011632
1.9701877e-06,-0.00999512
1.9702377e-06,-0.00619429
1.9702877e-06,-0.00300382
1.9703377e-06,-0.00280961
1.9703877e-06,-0.00341997
1.9704377e-06,-0.00336448
1.9704877e-06,-0.00536199
1.9705377e-06,-0.0090241
1.9705877e-06,-0.00763694
1.9706377e-06,0.000575062
1.9706877e-06,0.00531916
1.9707377e-06,-0.00292059
1.9707877e-06,-0.0182626
1.9708377e-06,-0.0262527
1.9708877e-06,-0.0220634
1.9709377e-06,-0.0132133
1.9709877e-06,-0.00722079
1.9710377e-06,-0.00450195
1.9710877e-06,-0.00375289
1.9711377e-06,-0.00613881
1.9711877e-06,-0.0119926
1.9712377e-06,-0.017569
1.9712877e-06,-0.0184846
1.9713377e-06,-0.0142398
1.9713877e-06,-0.00788663
1.9714377e-06,-0.00283736
1.9714877e-06,-0.00142245
1.9715377e-06,-0.00497359
1.9715877e-06,-0.0121313
1.9716377e-06,-0.0177632
1.9716877e-06,-0.0169587
1.9717377e-06,-0.0105222
1.9717877e-06,-0.00486262
1.9718377e-06,-0.00516779
1.9718877e-06,-0.0101061
1.9719377e-06,-0.0140734
1.9719877e-06,-0.0131024
1.9720377e-06,-0.0084415
1.9720877e-06,-0.00483487
1.9721377e-06,-0.00580589
1.9721877e-06,-0.00996737
1.9722377e-06,-0.0119926
1.9722877e-06,-0.00846924
1.9723377e-06,-0.00297607
1.9723877e-06,-0.00314253
1.9724377e-06,-0.0112713
1.9724877e-06,-0.0196775
1.9725377e-06,-0.0184291
1.9725877e-06,-0.00821955
1.9726377e-06,-0.000479181
1.9726877e-06,-0.00341997
1.9727377e-06,-0.0124643
1.9727877e-06,-0.01768
1.9728377e-06,-0.0157935
1.9728877e-06,-0.0107164
1.9729377e-06,-0.00641624
1.9729877e-06,-0.00394709
1.9730377e-06,-0.00319802
1.9730877e-06,-0.00347545
1.9731377e-06,-0.00333674
1.9731877e-06,-0.00233798
1.9732377e-06,-0.00239347
1.9732877e-06,-0.00497359
1.9733377e-06,-0.00744274
1.9733877e-06,-0.00613881
1.9734377e-06,-0.00278187
1.9734877e-06,-0.00428001
1.9735377e-06,-0.013463
1.9735877e-06,-0.0240887
1.9736377e-06,-0.0274179
1.9736877e-06,-0.0217028
1.9737377e-06,-0.0117429
1.9737877e-06,-0.00208829
1.9738377e-06,0.00476429
1.9738877e-06,0.00562433
1.9739377e-06,-0.000701127
1.9739877e-06,-0.0084415
1.9740377e-06,-0.00960671
1.9740877e-06,-0.00480713
1.9741377e-06,-0.0026709
1.9741877e-06,-0.00816406
1.9742377e-06,-0.0164038
1.9742877e-06,-0.0186788
1.9743377e-06,-0.0111048
1.9743877e-06,0.00129639
1.9744377e-06,0.00706698
1.9744877e-06,-0.0008121
1.9745377e-06,-0.0148779
1.9745877e-06,-0.0195111
1.9746377e-06,-0.0102448
1.9746877e-06,-0.000118519
1.9747377e-06,-0.0016444
1.9747877e-06,-0.0100783
1.9748377e-06,-0.0113823
1.9748877e-06,-0.00178311
1.9749377e-06,0.00862061
1.9749877e-06,0.0102297
1.9750377e-06,0.00468106
1.9750877e-06,-0.000701127
1.9751377e-06,-0.00303156
1.9751877e-06,-0.00486262
1.9752377e-06,-0.00666593
1.9752877e-06,-0.00552845
1.9753377e-06,-0.00136697
1.9753877e-06,0.00101895
1.9754377e-06,-0.00108953
1.9754877e-06,-0.00461293
1.9755377e-06,-0.00580589
1.9755877e-06,-0.00550071
1.9756377e-06,-0.00655495
1.9756877e-06,-0.00916282
1.9757377e-06,-0.011521
1.9757877e-06,-0.012603
1.9758377e-06,-0.0120759
1.9758877e-06,-0.00888539
1.9759377e-06,-0.0028651
1.9759877e-06,0.00304421
1.9760377e-06,0.00468106
1.9760877e-06,0.000408603
1.9761377e-06,-0.00719305
1.9761877e-06,-0.0129914
1.9762377e-06,-0.0130191
1.9762877e-06,-0.00735951
1.9763377e-06,-0.000756614
1.9763877e-06,0.00107444
1.9764377e-06,-0.00261541
1.9764877e-06,-0.00600009
1.9765377e-06,-0.00283736
1.9765877e-06,0.0061792
1.9766377e-06,0.0136144
1.9766877e-06,0.0123937
1.9767377e-06,0.00185125
1.9767877e-06,-0.011521
1.9768377e-06,-0.0184013
1.9768877e-06,-0.0141566
1.9769377e-06,-0.00433549
1.9769877e-06,-0.000118519
1.9770377e-06,-0.00605558
1.9770877e-06,-0.0142398
1.9771377e-06,-0.013685
1.9771877e-06,-0.00347545
1.9772377e-06,0.00640115
1.9772877e-06,0.00606823
1.9773377e-06,-0.00450195
1.9773877e-06,-0.0162096
1.9774377e-06,-0.0190117
1.9774877e-06,-0.0111326
1.9775377e-06,-0.000701127
1.9775877e-06,0.00268355
1.9776377e-06,-0.00197732
1.9776877e-06,-0.00766468
1.9777377e-06,-0.00930154
1.9777877e-06,-0.00866344
1.9778377e-06,-0.0090241
1.9778877e-06,-0.0101061
1.9779377e-06,-0.0106055
1.9779877e-06,-0.0113545
1.9780377e-06,-0.0122701
1.9780877e-06,-0.0104668
1.9781377e-06,-0.00533425
1.9781877e-06,-0.00133922
1.9782377e-06,-0.00181086
1.9782877e-06,-0.00347545
1.9783377e-06,-0.00206055
1.9783877e-06,0.000630549
1.9784377e-06,-0.000451438
1.9784877e-06,-0.00605558
1.9785377e-06,-0.0122146
1.9785877e-06,-0.0152108
1.9786377e-06,-0.014434
1.9786877e-06,-0.0115487
1.9787377e-06,-0.00877441
1.9787877e-06,-0.00733176
1.9788377e-06,-0.00627752
1.9788877e-06,-0.00475164
1.9789377e-06,-0.00361417
1.9789877e-06,-0.0036974
1.9790377e-06,-0.0035032
1.9790877e-06,-0.00211603
1.9791377e-06,-0.0024767
1.9791877e-06,-0.00738725
1.9792377e-06,-0.013685
1.9792877e-06,-0.0151554
1.9793377e-06,-0.01055
1.9793877e-06,-0.00505682
1.9794377e-06,-0.00439098
1.9794877e-06,-0.00968994
1.9795377e-06,-0.0169309
1.9795877e-06,-0.0201491
1.9796377e-06,-0.0174581
1.9796877e-06,-0.0140734
1.9797377e-06,-0.0153218
1.9797877e-06,-0.0172084
1.9798377e-06,-0.0113268
1.9798877e-06,0.000797008
1.9799377e-06,0.00753862
1.9799877e-06,0.00334939
1.9800377e-06,-0.00436324
1.9800877e-06,-0.00783114
1.9801377e-06,-0.00871893
1.9801877e-06,-0.0104668
1.9802377e-06,-0.0100229
1.9802877e-06,-0.00486262
1.9803377e-06,-0.00106179
1.9803877e-06,-0.00525102
1.9804377e-06,-0.0132966
1.9804877e-06,-0.0153218
1.9805377e-06,-0.0100783
1.9805877e-06,-0.00641624
1.9806377e-06,-0.0103003
1.9806877e-06,-0.0169309
1.9807377e-06,-0.0180129
1.9807877e-06,-0.0125475
1.9808377e-06,-0.00722079
1.9808877e-06,-0.00758145
1.9809377e-06,-0.0119094
1.9809877e-06,-0.0141566
1.9810377e-06,-0.0114378
1.9810877e-06,-0.00686013
1.9811377e-06,-0.00477939
1.9811877e-06,-0.00530651
1.9812377e-06,-0.00455744
1.9812877e-06,-0.0010063
1.9813377e-06,0.00154608
1.9813877e-06,-0.000839844
1.9814377e-06,-0.00519553
1.9814877e-06,-0.00425226
1.9815377e-06,0.00315518
1.9815877e-06,0.00909224
1.9816377e-06,0.0063734
1.9816877e-06,-0.00186634
1.9817377e-06,-0.00641624
1.9817877e-06,-0.00364191
1.9818377e-06,0.000935724
1.9818877e-06,-0.000423695
1.9819377e-06,-0.00974543
1.9819877e-06,-0.0213976
1.9820377e-06,-0.0266133
1.9820877e-06,-0.0213699
1.9821377e-06,-0.0105222
1.9821877e-06,-0.00339222
1.9822377e-06,-0.00502907
1.9822877e-06,-0.012381
1.9823377e-06,-0.0174026
1.9823877e-06,-0.0137959
1.9824377e-06,-0.00280961
1.9824877e-06,0.00662309
1.9825377e-06,0.00592951
1.9825877e-06,-0.00300382
1.9826377e-06,-0.00938477
1.9826877e-06,-0.00680464
1.9827377e-06,-0.00120051
1.9827877e-06,-0.00280961
1.9828377e-06,-0.0121313
1.9828877e-06,-0.0190394
1.9829377e-06,-0.0152941
1.9829877e-06,-0.00353094
1.9830377e-06,0.00665083
1.9830877e-06,0.00825994
1.9831377e-06,0.00215643
1.9831877e-06,-0.00527876
1.9832377e-06,-0.0086357
1.9832877e-06,-0.00802535
1.9833377e-06,-0.00772017
1.9833877e-06,-0.0106055
1.9834377e-06,-0.0150999
1.9834877e-06,-0.0170419
1.9835377e-06,-0.0141566
1.9835877e-06,-0.00891313
1.9836377e-06,-0.00591686
1.9836877e-06,-0.00616655
1.9837377e-06,-0.00597235
1.9837877e-06,-0.00269864
1.9838377e-06,0.000658292
1.9838877e-06,-0.000506925
1.9839377e-06,-0.00536199
1.9839877e-06,-0.00733176
1.9840377e-06,-0.00250444
1.9840877e-06,0.00401523
1.9841377e-06,0.00368231
1.9841877e-06,-0.00375289
1.9842377e-06,-0.00919056
1.9842877e-06,-0.00680464
1.9843377e-06,-0.00214378
1.9843877e-06,-0.00283736
1.9844377e-06,-0.00663818
1.9844877e-06,-0.0051123
1.9845377e-06,0.00218417
1.9845877e-06,0.00518044
1.9846377e-06,-0.00314253
1.9846877e-06,-0.0160154
1.9847377e-06,-0.0203988
1.9847877e-06,-0.0128527
1.9848377e-06,-0.00311479
1.9848877e-06,-0.0014502
1.9849377e-06,-0.00669367
1.9849877e-06,-0.00963445
1.9850377e-06,-0.00663818
1.9850877e-06,-0.00394709
1.9851377e-06,-0.00710982
1.9851877e-06,-0.0122701
1.9852377e-06,-0.0122701
1.9852877e-06,-0.00691562
1.9853377e-06,-0.0014502
1.9853877e-06,0.000769265
1.9854377e-06,-0.00114502
1.9854877e-06,-0.00708208
1.9855377e-06,-0.0131024
1.9855877e-06,-0.0117984
1.9856377e-06,-0.00181086
1.9856877e-06,0.00806574
1.9857377e-06,0.00875932
1.9857877e-06,0.00193448
1.9858377e-06,-0.0036974
1.9858877e-06,-0.0045297
1.9859377e-06,-0.00586137
1.9859877e-06,-0.0129359
1.9860377e-06,-0.0221189
1.9860877e-06,-0.0238945
1.9861377e-06,-0.015516
1.9861877e-06,-0.00633301
1.9862377e-06,-0.00708208
1.9862877e-06,-0.0156547
1.9863377e-06,-0.0194556
1.9863877e-06,-0.0119926
1.9864377e-06,-0.0020328
1.9864877e-06,-0.00228249
1.9865377e-06,-0.0125752
1.9865877e-06,-0.0198162
1.9866377e-06,-0.0154605
1.9866877e-06,-0.00597235
1.9867377e-06,-0.00269864
1.9867877e-06,-0.00641624
1.9868377e-06,-0.00921831
1.9868877e-06,-0.00747048
1.9869377e-06,-0.0059446
1.9869877e-06,-0.00894087
1.9870377e-06,-0.0139069
1.9870877e-06,-0.0155993
1.9871377e-06,-0.012492
1.9871877e-06,-0.00713756
1.9872377e-06,-0.00242121
1.9872877e-06,0.000269886
1.9873377e-06,0.000519576
1.9873877e-06,-0.0018386
1.9874377e-06,-0.00597235
1.9874877e-06,-0.00957897
1.9875377e-06,-0.0107164
1.9875877e-06,-0.0107442
1.9876377e-06,-0.0132411
1.9876877e-06,-0.0183458
1.9877377e-06,-0.0200382
1.9877877e-06,-0.012603
1.9878377e-06,0.000408603
1.9878877e-06,0.00715021
1.9879377e-06,-0.000118519
1.9879877e-06,-0.015516
1.9880377e-06,-0.0253094
1.9880877e-06,-0.0233674
1.9881377e-06,-0.0170974
1.9881877e-06,-0.0154605
1.9882377e-06,-0.01682
1.9882877e-06,-0.0144063
1.9883377e-06,-0.00924605
1.9883877e-06,-0.00841375
1.9884377e-06,-0.0126307
1.9884877e-06,-0.0150999
1.9885377e-06,-0.012714
1.9885877e-06,-0.00991189
1.9886377e-06,-0.00988414
1.9886877e-06,-0.00957897
1.9887377e-06,-0.00569491
1.9887877e-06,-0.000784357
1.9888377e-06,0.00013117
1.9888877e-06,-0.00355868
1.9889377e-06,-0.00730402
1.9889877e-06,-0.00772017
1.9890377e-06,-0.00713756
1.9890877e-06,-0.00980091
1.9891377e-06,-0.0145728
1.9891877e-06,-0.0155438
1.9892377e-06,-0.0113545
1.9892877e-06,-0.00855247
1.9893377e-06,-0.0117707
1.9893877e-06,-0.0154051
1.9894377e-06,-0.0104668
1.9894877e-06,0.00221191
1.9895377e-06,0.0110065
1.9895877e-06,0.00615146
1.9896377e-06,-0.00899636
1.9896877e-06,-0.021786
1.9897377e-06,-0.0233951
1.9897877e-06,-0.0165703
1.9898377e-06,-0.00952348
1.9898877e-06,-0.00647172
1.9899377e-06,-0.00577814
1.9899877e-06,-0.00508456
1.9900377e-06,-0.00466841
1.9900877e-06,-0.00541748
1.9901377e-06,-0.00699885
1.9901877e-06,-0.00805309
1.9902377e-06,-0.00702659
1.9902877e-06,-0.00294833
1.9903377e-06,0.00254483
1.9903877e-06,0.00493075
1.9904377e-06,0.00110218
1.9904877e-06,-0.00566717
1.9905377e-06,-0.00830278
1.9905877e-06,-0.00428001
1.9906377e-06,0.000519576
1.9906877e-06,-0.00108953
1.9907377e-06,-0.0079976
1.9907877e-06,-0.0120759
1.9908377e-06,-0.00858021
1.9908877e-06,-0.00239347
1.9909377e-06,-0.00147794
1.9909877e-06,-0.00708208
1.9910377e-06,-0.013574
1.9910877e-06,-0.0160431
1.9911377e-06,-0.0142121
1.9911877e-06,-0.0103835
1.9912377e-06,-0.00716531
1.9912877e-06,-0.00669367
1.9913377e-06,-0.00827504
1.9913877e-06,-0.00810858
1.9914377e-06,-0.00394709
1.9914877e-06,0.000519576
1.9915377e-06,-0.000201749
1.9915877e-06,-0.00538974
1.9916377e-06,-0.00855247
1.9916877e-06,-0.00624978
1.9917377e-06,-0.00258767
1.9917877e-06,-0.00300382
1.9918377e-06,-0.0069711
1.9918877e-06,-0.00988414
1.9919377e-06,-0.0096622
1.9919877e-06,-0.00849698
1.9920377e-06,-0.00896862
1.9920877e-06,-0.0110771
1.9921377e-06,-0.0129914
1.9921877e-06,-0.0131856
1.9922377e-06,-0.0121313
1.9922877e-06,-0.0116875
1.9923377e-06,-0.0124643
1.9923877e-06,-0.0128804
1.9924377e-06,-0.0122978
1.9924877e-06,-0.0136572
1.9925377e-06,-0.0193446
1.9925877e-06,-0.0254481
1.9926377e-06,-0.0245881
1.9926877e-06,-0.015738
1.9927377e-06,-0.00666593
1.9927877e-06,-0.00394709
1.9928377e-06,-0.00505682
1.9928877e-06,-0.0040858
1.9929377e-06,-0.00172763
1.9929877e-06,-0.00364191
1.9930377e-06,-0.01055
1.9930877e-06,-0.0154328
1.9931377e-06,-0.0130191
1.9931877e-06,-0.00741499
1.9932377e-06,-0.00724854
1.9932877e-06,-0.0141289
1.9933377e-06,-0.019844
1.9933877e-06,-0.0161264
1.9934377e-06,-0.00550071
1.9934877e-06,0.000852495
1.9935377e-06,-0.00353094
1.9935877e-06,-0.0132966
1.9936377e-06,-0.0183458
1.9936877e-06,-0.0150444
1.9937377e-06,-0.0079976
1.9937877e-06,-0.00336448
1.9938377e-06,-0.00361417
1.9938877e-06,-0.00708208
1.9939377e-06,-0.0100506
1.9939877e-06,-0.00957897
1.9940377e-06,-0.00577814
1.9940877e-06,-0.00167214
1.9941377e-06,0.0002144
1.9941877e-06,4.79403e-05
1.9942377e-06,-0.000839844
1.9942877e-06,-0.00225475
1.9943377e-06,-0.00461293
1.9943877e-06,-0.00691562
1.9944377e-06,-0.00796986
1.9944877e-06,-0.00805309
1.9945377e-06,-0.00763694
1.9945877e-06,-0.00624978
1.9946377e-06,-0.00525102
1.9946877e-06,-0.00846924
1.9947377e-06,-0.0156547
1.9947877e-06,-0.018651
1.9948377e-06,-0.0119926
1.9948877e-06,-0.00336448
1.9949377e-06,-0.00483487
1.9949877e-06,-0.0147392
1.9950377e-06,-0.0203711
1.9950877e-06,-0.0175135
1.9951377e-06,-0.0152663
1.9951877e-06,-0.0184291
1.9952377e-06,-0.0187065
1.9952877e-06,-0.00960671
1.9953377e-06,0.000713778
1.9953877e-06,0.00110218
1.9954377e-06,-0.00533425
1.9954877e-06,-0.00649947
1.9955377e-06,-0.000756614
1.9955877e-06,0.000575062
1.9956377e-06,-0.00855247
1.9956877e-06,-0.0190117
1.9957377e-06,-0.0193723
1.9957877e-06,-0.0111048
1.9958377e-06,-0.00433549
1.9958877e-06,-0.00325351
1.9959377e-06,-0.00269864
1.9959877e-06,0.00149059
1.9960377e-06,0.00512496
1.9960877e-06,0.00157382
1.9961377e-06,-0.00849698
1.9961877e-06,-0.0173748
1.9962377e-06,-0.0195943
1.9962877e-06,-0.0169864
1.9963377e-06,-0.0136017
1.9963877e-06,-0.0102725
1.9964377e-06,-0.00636075
1.9964877e-06,-0.00355868
1.9965377e-06,-0.00414129
1.9965877e-06,-0.00744274
1.9966377e-06,-0.0118262
1.9966877e-06,-0.0172361
1.9967377e-06,-0.0236448
1.9967877e-06,-0.0279727
1.9968377e-06,-0.0257255
1.9968877e-06,-0.0164316
1.9969377e-06,-0.00649947
1.9969877e-06,-0.00416903
1.9970377e-06,-0.0108552
1.9970877e-06,-0.0187342
1.9971377e-06,-0.0184846
1.9971877e-06,-0.0084415
1.9972377e-06,0.00371005
1.9972877e-06,0.00834317
1.9973377e-06,0.00262806
1.9973877e-06,-0.00652721
1.9974377e-06,-0.0101616
1.9974877e-06,-0.00752597
1.9975377e-06,-0.00619429
1.9975877e-06,-0.01055
1.9976377e-06,-0.0153496
1.9976877e-06,-0.0144063
1.9977377e-06,-0.010439
1.9977877e-06,-0.00988414
1.9978377e-06,-0.0129636
1.9978877e-06,-0.0151276
1.9979377e-06,-0.0146005
1.9979877e-06,-0.0123256
1.9980377e-06,-0.00838601
1.9980877e-06,-0.00416903
1.9981377e-06,-0.00430775
1.9981877e-06,-0.0107442
1.9982377e-06,-0.0174026
1.9982877e-06,-0.0172916
1.9983377e-06,-0.0117707
1.9983877e-06,-0.00805309
1.9984377e-06,-0.00957897
1.9984877e-06,-0.0137127
1.9985377e-06,-0.016709
1.9985877e-06,-0.0169587
1.9986377e-06,-0.014767
1.9986877e-06,-0.0124643
1.9987377e-06,-0.012381
1.9987877e-06,-0.0131024
1.9988377e-06,-0.0100783
1.9988877e-06,-0.00330899
1.9989377e-06,-0.000340465
1.9989877e-06,-0.00672141
1.9990377e-06,-0.0169864
1.9990877e-06,-0.0207872
1.9991377e-06,-0.0162096
1.9991877e-06,-0.0105777
1.9992377e-06,-0.00913508
1.9992877e-06,-0.00988414
1.9993377e-06,-0.00991189
1.9993877e-06,-0.0105777
1.9994377e-06,-0.0137405
1.9994877e-06,-0.0175968
1.9995377e-06,-0.0196498
1.9995877e-06,-0.0203711
1.9996377e-06,-0.0202046
1.9996877e-06,-0.0166812
1.9997377e-06,-0.00885764
1.9997877e-06,-0.00239347
1.9998377e-06,-0.0040858
1.9998877e-06,-0.0124365
1.9999377e-06,-0.0189562
1.9999877e-06,-0.0186233
2.0000377e-06,-0.014434
2.0000877e-06,-0.0120481
2.0001377e-06,-0.012714
2.0001877e-06,-0.0125475
2.0002377e-06,-0.00796986
2.0002877e-06,-0.000590154
2.0003377e-06,0.00382102
2.0003877e-06,0.00182351
2.0004377e-06,-0.00380837
2.0004877e-06,-0.00808083
2.0005377e-06,-0.0100783
2.0005877e-06,-0.0122701
2.0006377e-06,-0.0144063
2.0006877e-06,-0.0129914
2.0007377e-06,-0.00766468
2.0007877e-06,-0.00319802
2.0008377e-06,-0.00261541
2.0008877e-06,-0.00344771
2.0009377e-06,-0.00289284
2.0009877e-06,-0.00253218
2.0010377e-06,-0.00466841
2.0010877e-06,-0.00819181
2.0011377e-06,-0.0102171
2.0011877e-06,-0.00949574
2.0012377e-06,-0.00641624
2.0012877e-06,-0.00244895
2.0013377e-06,-0.000617898
2.0013877e-06,-0.00422452
2.0014377e-06,-0.0127694
2.0014877e-06,-0.020926
2.0015377e-06,-0.0230622
2.0015877e-06,-0.0192614
2.0016377e-06,-0.0162651
2.0016877e-06,-0.0205098
2.0017377e-06,-0.0294154
2.0017877e-06,-0.0319678
2.0018377e-06,-0.0220634
2.0018877e-06,-0.0088299
2.0019377e-06,-0.00649947
2.0019877e-06,-0.0149057
2.0020377e-06,-0.0191504
2.0020877e-06,-0.0111326
2.0021377e-06,-0.000645641
2.0021877e-06,-3.52894e-05
2.0022377e-06,-0.00722079
2.0022877e-06,-0.0116597
2.0023377e-06,-0.0103835
2.0023877e-06,-0.00871893
2.0024377e-06,-0.00932928
2.0024877e-06,-0.0096622
2.0025377e-06,-0.00888539
2.0025877e-06,-0.00935702
2.0026377e-06,-0.0113823
2.0026877e-06,-0.0128249
2.0027377e-06,-0.0143786
2.0027877e-06,-0.0187342
2.0028377e-06,-0.0247268
2.0028877e-06,-0.0275011
2.0029377e-06,-0.0255591
2.0029877e-06,-0.021897
2.0030377e-06,-0.0180684
2.0030877e-06,-0.0129914
2.0031377e-06,-0.00808083
2.0031877e-06,-0.00758145
2.0032377e-06,-0.0118817
2.0032877e-06,-0.0155715
2.0033377e-06,-0.0142676
2.0033877e-06,-0.01055
2.0034377e-06,-0.0101338
2.0034877e-06,-0.0133521
2.0035377e-06,-0.014767
2.0035877e-06,-0.0110494
2.0036377e-06,-0.00572266
2.0036877e-06,-0.00341997
2.0037377e-06,-0.00325351
2.0037877e-06,-0.00186634
2.0038377e-06,-0.000479181
2.0038877e-06,-0.00364191
2.0039377e-06,-0.0113823
2.0039877e-06,-0.0172916
2.0040377e-06,-0.0162651
2.0040877e-06,-0.0103835
2.0041377e-06,-0.00561168
2.0041877e-06,-0.00544522
2.0042377e-06,-0.00907959
2.0042877e-06,-0.0135185
2.0043377e-06,-0.0144618
2.0043877e-06,-0.00796986
2.0044377e-06,0.00481978
2.0044877e-06,0.0153345
2.0045377e-06,0.0146409
2.0045877e-06,0.0032939
2.0046377e-06,-0.00830278
2.0046877e-06,-0.0111881
2.0047377e-06,-0.00694336
2.0047877e-06,-0.00391934
2.0048377e-06,-0.00686013
2.0048877e-06,-0.0124088
2.0049377e-06,-0.0149057
2.0049877e-06,-0.0131856
2.0050377e-06,-0.0114933
2.0050877e-06,-0.0149612
2.0051377e-06,-0.0231177
2.0051877e-06,-0.0279173
2.0052377e-06,-0.0212589
2.0052877e-06,-0.00647172
2.0053377e-06,0.00215643
2.0053877e-06,-0.00366966
2.0054377e-06,-0.0147115
2.0054877e-06,-0.0160431
2.0055377e-06,-0.00674916
2.0055877e-06,0.000491832
2.0056377e-06,-0.0016444
2.0056877e-06,-0.00663818
2.0057377e-06,-0.00636075
2.0057877e-06,-0.0024767
2.0058377e-06,-0.00139471
2.0058877e-06,-0.00380837
2.0059377e-06,-0.00561168
2.0059877e-06,-0.00533425
2.0060377e-06,-0.0055562
2.0060877e-06,-0.00772017
2.0061377e-06,-0.00935702
2.0061877e-06,-0.00755371
2.0062377e-06,-0.00366966
2.0062877e-06,-0.0030593
2.0063377e-06,-0.00941251
2.0063877e-06,-0.0184291
2.0064377e-06,-0.0198995
2.0064877e-06,-0.00941251
2.0065377e-06,0.00334939
2.0065877e-06,0.00318293
2.0066377e-06,-0.0123256
2.0066877e-06,-0.0282779
2.0067377e-06,-0.0280837
2.0067877e-06,-0.0109384
2.0068377e-06,0.00809348
2.0068877e-06,0.0131982
2.0069377e-06,0.00198997
2.0069877e-06,-0.0133798
2.0070377e-06,-0.0181794
2.0070877e-06,-0.00999512
2.0071377e-06,-0.00136697
2.0071877e-06,-0.00469616
2.0072377e-06,-0.0169587
2.0072877e-06,-0.0238113
2.0073377e-06,-0.0179852
2.0073877e-06,-0.00686013
2.0074377e-06,-0.000950817
2.0074877e-06,-0.00206055
2.0075377e-06,-0.00502907
2.0075877e-06,-0.00588912
2.0076377e-06,-0.00466841
2.0076877e-06,-0.00339222
2.0077377e-06,-0.00425226
2.0077877e-06,-0.00755371
2.0078377e-06,-0.0102448
2.0078877e-06,-0.00855247
2.0079377e-06,-0.00278187
2.0079877e-06,0.00201771
2.0080377e-06,0.00132413
2.0080877e-06,-0.00430775
2.0081377e-06,-0.0096622
2.0081877e-06,-0.00916282
2.0082377e-06,-0.00189409
2.0082877e-06,0.00631792
2.0083377e-06,0.00801025
2.0083877e-06,0.00248935
2.0084377e-06,-0.00416903
2.0084877e-06,-0.00830278
2.0085377e-06,-0.0117984
2.0085877e-06,-0.0148224
2.0086377e-06,-0.0129914
2.0086877e-06,-0.00580589
2.0087377e-06,-0.000950817
2.0087877e-06,-0.00447421
2.0088377e-06,-0.0116597
2.0088877e-06,-0.013685
2.0089377e-06,-0.00894087
2.0089877e-06,-0.00250444
2.0090377e-06,0.00201771
2.0090877e-06,0.00470881
2.0091377e-06,0.005985
2.0091877e-06,0.00462558
2.0092377e-06,-0.000174006
2.0092877e-06,-0.00663818
2.0093377e-06,-0.0102448
2.0093877e-06,-0.00702659
2.0094377e-06,0.000408603
2.0094877e-06,0.00243386
2.0095377e-06,-0.00785889
2.0095877e-06,-0.0244771
2.0096377e-06,-0.0329388
2.0096877e-06,-0.0266966
2.0097377e-06,-0.0150166
2.0097877e-06,-0.0108274
2.0098377e-06,-0.014545
2.0098877e-06,-0.0161819
2.0099377e-06,-0.0109106
2.0099877e-06,-0.00530651
2.0100377e-06,-0.00624978
2.0100877e-06,-0.0100229
2.0101377e-06,-0.00741499
2.0101877e-06,0.00279452
2.0102377e-06,0.0108401
2.0102877e-06,0.00773282
2.0103377e-06,-0.00355868
2.0103877e-06,-0.0116875
2.0104377e-06,-0.0113545
2.0104877e-06,-0.00957897
2.0105377e-06,-0.0151276
2.0105877e-06,-0.024921
2.0106377e-06,-0.0273901
2.0106877e-06,-0.0183736
2.0107377e-06,-0.00741499
2.0107877e-06,-0.00525102
2.0108377e-06,-0.0108274
2.0108877e-06,-0.0144895
2.0109377e-06,-0.0108552
2.0109877e-06,-0.00355868
2.0110377e-06,0.000686035
2.0110877e-06,-0.00186634
2.0111377e-06,-0.0102448
2.0111877e-06,-0.018873
2.0112377e-06,-0.0209537
2.0112877e-06,-0.0154328
2.0113377e-06,-0.00982866
2.0113877e-06,-0.0106055
2.0114377e-06,-0.0140456
2.0114877e-06,-0.0120481
2.0115377e-06,-0.00469616
2.0115877e-06,0.00137962
2.0116377e-06,0.00440363
2.0116877e-06,0.00825994
2.0117377e-06,0.0118111
2.0117877e-06,0.00789928
2.0118377e-06,-0.00477939
2.0118877e-06,-0.0164316
2.0119377e-06,-0.01768
2.0119877e-06,-0.0118539
2.0120377e-06,-0.0101061
2.0120877e-06,-0.0169309
2.0121377e-06,-0.0261694
2.0121877e-06,-0.030109
2.0122377e-06,-0.0276398
2.0122877e-06,-0.0223964
2.0123377e-06,-0.0182071
2.0123877e-06,-0.0164038
2.0124377e-06,-0.0153773
2.0124877e-06,-0.012381
2.0125377e-06,-0.00808083
2.0125877e-06,-0.0069711
2.0126377e-06,-0.0110216
2.0126877e-06,-0.0153496
2.0127377e-06,-0.0142398
2.0127877e-06,-0.00919056
2.0128377e-06,-0.00688787
2.0128877e-06,-0.00955123
2.0129377e-06,-0.0117429
2.0129877e-06,-0.00777566
2.0130377e-06,-9.07759e-05
2.0130877e-06,0.0029055
2.0131377e-06,-0.0035032
2.0131877e-06,-0.014434
2.0132377e-06,-0.0201214
2.0132877e-06,-0.0159599
2.0133377e-06,-0.00785889
2.0133877e-06,-0.00602783
2.0134377e-06,-0.0127417
2.0134877e-06,-0.0189839
2.0135377e-06,-0.0157657
2.0135877e-06,-0.00619429
2.0136377e-06,-0.000950817
2.0136877e-06,-0.0035032
2.0137377e-06,-0.00708208
2.0137877e-06,-0.00680464
2.0138377e-06,-0.00688787
2.0138877e-06,-0.0130469
2.0139377e-06,-0.022646
2.0139877e-06,-0.0265578
2.0140377e-06,-0.0194833
2.0140877e-06,-0.00633301
2.0141377e-06,0.00179577
2.0141877e-06,-0.00147794
2.0142377e-06,-0.0109106
2.0142877e-06,-0.0154051
2.0143377e-06,-0.0106332
2.0143877e-06,-0.00336448
2.0144377e-06,-0.00258767
2.0144877e-06,-0.00894087
2.0145377e-06,-0.0152663
2.0145877e-06,-0.0149057
2.0146377e-06,-0.00846924
2.0146877e-06,-0.00272638
2.0147377e-06,-0.00414129
2.0147877e-06,-0.0119926
2.0148377e-06,-0.0179297
2.0148877e-06,-0.0147392
2.0149377e-06,-0.00624978
2.0149877e-06,-0.00430775
2.0150377e-06,-0.0128249
2.0150877e-06,-0.0200937
2.0151377e-06,-0.0127972
2.0151877e-06,0.00476429
2.0152377e-06,0.0131428
2.0152877e-06,0.00160156
2.0153377e-06,-0.0170696
2.0153877e-06,-0.0212866
2.0154377e-06,-0.00708208
2.0154877e-06,0.00756636
2.0155377e-06,0.00587402
2.0155877e-06,-0.00835827
2.0156377e-06,-0.0187065
2.0156877e-06,-0.0180684
2.0157377e-06,-0.0139624
2.0157877e-06,-0.0140456
2.0158377e-06,-0.0152941
2.0158877e-06,-0.0114933
2.0159377e-06,-0.00414129
2.0159877e-06,-0.000534668
2.0160377e-06,-0.00328125
2.0160877e-06,-0.00733176
2.0161377e-06,-0.00713756
2.0161877e-06,-0.00341997
2.0162377e-06,-0.00097856
2.0162877e-06,-0.00194957
2.0163377e-06,-0.00416903
2.0163877e-06,-0.00600009
2.0164377e-06,-0.00924605
2.0164877e-06,-0.0148502
2.0165377e-06,-0.0184568
2.0165877e-06,-0.0144895
2.0166377e-06,-0.00444647
2.0166877e-06,0.00262806
2.0167377e-06,0.000325373
2.0167877e-06,-0.00749822
2.0168377e-06,-0.0119094
2.0168877e-06,-0.0103835
2.0169377e-06,-0.00791437
2.0169877e-06,-0.00777566
2.0170377e-06,-0.00758145
2.0170877e-06,-0.00627752
2.0171377e-06,-0.00769243
2.0171877e-06,-0.0125475
2.0172377e-06,-0.013685
2.0172877e-06,-0.00652721
2.0173377e-06,0.000935724
2.0173877e-06,-0.00219926
2.0174377e-06,-0.0126862
2.0174877e-06,-0.0166812
2.0175377e-06,-0.0106887
2.0175877e-06,-0.00636075
2.0176377e-06,-0.0101338
2.0176877e-06,-0.0104668
2.0177377e-06,0.00445912
2.0177877e-06,0.0243788
2.0178377e-06,0.0268202
2.0178877e-06,0.00776056
2.0179377e-06,-0.0113268
2.0179877e-06,-0.0111048
2.0180377e-06,0.00193448
2.0180877e-06,0.00681729
2.0181377e-06,-0.00347545
2.0181877e-06,-0.0147947
2.0182377e-06,-0.0121591
2.0182877e-06,0.000769265
2.0183377e-06,0.0070115
2.0183877e-06,-0.00192183
2.0184377e-06,-0.0155715
2.0184877e-06,-0.0181794
2.0185377e-06,-0.00838601
2.0185877e-06,0.000547319
2.0186377e-06,-0.00181086
2.0186877e-06,-0.011521
2.0187377e-06,-0.0190394
2.0187877e-06,-0.021897
2.0188377e-06,-0.0233396
2.0188877e-06,-0.0227848
2.0189377e-06,-0.0168477
2.0189877e-06,-0.0096622
2.0190377e-06,-0.0114655
2.0190877e-06,-0.0235338
2.0191377e-06,-0.0329388
2.0191877e-06,-0.0282224
2.0192377e-06,-0.0139069
2.0192877e-06,-0.00339222
2.0193377e-06,-0.00222701
2.0193877e-06,-0.00536199
2.0194377e-06,-0.00769243
2.0194877e-06,-0.00916282
2.0195377e-06,-0.0102725
2.0195877e-06,-0.00894087
2.0196377e-06,-0.00447421
2.0196877e-06,-0.0008121
2.0197377e-06,-0.00253218
2.0197877e-06,-0.00880216
2.0198377e-06,-0.0141011
2.0198877e-06,-0.0150999
2.0199377e-06,-0.0137682
2.0199877e-06,-0.0128249
2.0200377e-06,-0.0111881
2.0200877e-06,-0.00616655
2.0201377e-06,0.00132413
2.0201877e-06,0.00609597
2.0202377e-06,0.00323841
2.0202877e-06,-0.00702659
2.0203377e-06,-0.0183181
2.0203877e-06,-0.0220912
2.0204377e-06,-0.015627
2.0204877e-06,-0.00608332
2.0205377e-06,-0.00325351
2.0205877e-06,-0.00805309
2.0206377e-06,-0.0123533
2.0206877e-06,-0.0107997
2.0207377e-06,-0.00733176
2.0207877e-06,-0.00755371
2.0208377e-06,-0.0098564
2.0208877e-06,-0.00871893
2.0209377e-06,-0.0035032
2.0209877e-06,0.000103427
2.0210377e-06,-0.00330899
2.0210877e-06,-0.0125752
2.0211377e-06,-0.0205653
2.0211877e-06,-0.0212311
2.0212377e-06,-0.0161541
2.0212877e-06,-0.0132411
2.0213377e-06,-0.0170974
2.0213877e-06,-0.0227293
2.0214377e-06,-0.0211756
2.0214877e-06,-0.0119649
2.0215377e-06,-0.00552845
2.0215877e-06,-0.0104113
2.0216377e-06,-0.0204821
2.0216877e-06,-0.0209814
2.0217377e-06,-0.00763694
2.0217877e-06,0.00640115
2.0218377e-06,0.0070115
2.0218877e-06,-0.00314253
2.0219377e-06,-0.0101338
2.0219877e-06,-0.0079976
2.0220377e-06,-0.00436324
2.0220877e-06,-0.00727628
2.0221377e-06,-0.0143231
2.0221877e-06,-0.0175413
2.0222377e-06,-0.0144063
2.0222877e-06,-0.0103835
2.0223377e-06,-0.0116597
2.0223877e-06,-0.0172638
2.0224377e-06,-0.0196775
2.0224877e-06,-0.0142121
2.0225377e-06,-0.0059446
2.0225877e-06,-0.00394709
2.0226377e-06,-0.00968994
2.0226877e-06,-0.0155715
2.0227377e-06,-0.0153496
2.0227877e-06,-0.0118817
2.0228377e-06,-0.0119371
2.0228877e-06,-0.0165425
2.0229377e-06,-0.0198162
2.0229877e-06,-0.0166812
2.0230377e-06,-0.00949574
2.0230877e-06,-0.00538974
2.0231377e-06,-0.00766468
2.0231877e-06,-0.0117429
2.0232377e-06,-0.0115487
2.0232877e-06,-0.00727628
2.0233377e-06,-0.00397483
2.0233877e-06,-0.00444647
2.0234377e-06,-0.00738725
2.0234877e-06,-0.0119926
2.0235377e-06,-0.0181516
2.0235877e-06,-0.0222854
2.0236377e-06,-0.0191504
2.0236877e-06,-0.00993963
2.0237377e-06,-0.00250444
2.0237877e-06,-0.00150568
2.0238377e-06,-0.00314253
2.0238877e-06,-0.00264316
2.0239377e-06,-0.0018386
2.0239877e-06,-0.0051123
2.0240377e-06,-0.0119926
2.0240877e-06,-0.0176523
2.0241377e-06,-0.0188452
2.0241877e-06,-0.0158212
2.0242377e-06,-0.0102171
2.0242877e-06,-0.00425226
2.0243377e-06,-0.00122825
2.0243877e-06,-0.00339222
2.0244377e-06,-0.00766468
2.0244877e-06,-0.00805309
2.0245377e-06,-0.00391934
2.0245877e-06,-0.00225475
2.0246377e-06,-0.00741499
2.0246877e-06,-0.0134353
2.0247377e-06,-0.0118817
2.0247877e-06,-0.0038916
2.0248377e-06,0.00168479
2.0248877e-06,0.000408603
2.0249377e-06,-0.00378063
2.0249877e-06,-0.00580589
2.0250377e-06,-0.00458518
2.0250877e-06,-0.00217152
2.0251377e-06,-0.00142245
2.0251877e-06,-0.00414129
2.0252377e-06,-0.00919056
2.0252877e-06,-0.0128527
2.0253377e-06,-0.0131856
2.0253877e-06,-0.0113545
2.0254377e-06,-0.0086357
2.0254877e-06,-0.0051123
2.0255377e-06,-0.00264316
2.0255877e-06,-0.00530651
2.0256377e-06,-0.0140456
2.0256877e-06,-0.0227293
2.0257377e-06,-0.0228125
2.0257877e-06,-0.0125198
2.0258377e-06,-7.54616e-06
2.0258877e-06,0.00401523
2.0259377e-06,-0.00341997
2.0259877e-06,-0.0146837
2.0260377e-06,-0.0190117
2.0260877e-06,-0.0127417
2.0261377e-06,-0.00283736
2.0261877e-06,2.01971e-05
2.0262377e-06,-0.00688787
2.0262877e-06,-0.014545
2.0263377e-06,-0.0134353
2.0263877e-06,-0.00663818
2.0264377e-06,-0.00569491
2.0264877e-06,-0.0127417
2.0265377e-06,-0.0164316
2.0265877e-06,-0.00938477
2.0266377e-06,-0.000423695
2.0266877e-06,-0.00161665
2.0267377e-06,-0.00996737
2.0267877e-06,-0.0123256
2.0268377e-06,-0.00516779
2.0268877e-06,0.000408603
2.0269377e-06,-0.00466841
2.0269877e-06,-0.0149334
2.0270377e-06,-0.0187342
2.0270877e-06,-0.0138514
2.0271377e-06,-0.00849698
2.0271877e-06,-0.00888539
2.0272377e-06,-0.0121313
2.0272877e-06,-0.0124088
2.0273377e-06,-0.00944025
2.0273877e-06,-0.00744274
2.0274377e-06,-0.00810858
2.0274877e-06,-0.00866344
2.0275377e-06,-0.00686013
2.0275877e-06,-0.00444647
2.0276377e-06,-0.00466841
2.0276877e-06,-0.00788663
2.0277377e-06,-0.0108829
2.0277877e-06,-0.0106055
2.0278377e-06,-0.00713756
2.0278877e-06,-0.00289284
2.0279377e-06,-0.000340465
2.0279877e-06,-0.00120051
2.0280377e-06,-0.00505682
2.0280877e-06,-0.00785889
2.0281377e-06,-0.00527876
2.0281877e-06,0.00013117
2.0282377e-06,-0.00142245
2.0282877e-06,-0.0139069
2.0283377e-06,-0.0258643
2.0283877e-06,-0.0217305
2.0284377e-06,-0.0035032
2.0284877e-06,0.00953613
2.0285377e-06,0.0051527
2.0285877e-06,-0.00730402
2.0286377e-06,-0.0125198
2.0286877e-06,-0.00924605
2.0287377e-06,-0.00644398
2.0287877e-06,-0.00680464
2.0288377e-06,-0.0049181
2.0288877e-06,-0.000118519
2.0289377e-06,-3.52894e-05
2.0289877e-06,-0.00788663
2.0290377e-06,-0.0146837
2.0290877e-06,-0.0117707
2.0291377e-06,-0.00530651
2.0291877e-06,-0.0079976
2.0292377e-06,-0.0187897
2.0292877e-06,-0.0223964
2.0293377e-06,-0.0119371
2.0293877e-06,0.000186657
2.0294377e-06,0.00029763
2.0294877e-06,-0.00747048
2.0295377e-06,-0.0101893
2.0295877e-06,-0.00605558
2.0296377e-06,-0.00344771
2.0296877e-06,-0.00475164
2.0297377e-06,-0.00455744
2.0297877e-06,-0.00178311
2.0298377e-06,-0.00128374
2.0298877e-06,-0.00372514
2.0299377e-06,-0.00366966
2.0299877e-06,0.000242143
2.0300377e-06,0.00190674
2.0300877e-06,-0.00341997
2.0301377e-06,-0.0128527
2.0301877e-06,-0.0199827
2.0302377e-06,-0.0214531
2.0302877e-06,-0.0188175
2.0303377e-06,-0.0157657
2.0303877e-06,-0.0139624
2.0304377e-06,-0.0115765
2.0304877e-06,-0.00730402
2.0305377e-06,-0.00414129
2.0305877e-06,-0.00516779
2.0306377e-06,-0.00744274
2.0306877e-06,-0.00494585
2.0307377e-06,0.00232289
2.0307877e-06,0.00642889
2.0308377e-06,0.000963468
2.0308877e-06,-0.0104113
2.0309377e-06,-0.0172361
2.0309877e-06,-0.0143786
2.0310377e-06,-0.00866344
2.0310877e-06,-0.0101338
2.0311377e-06,-0.0183736
2.0311877e-06,-0.0223964
2.0312377e-06,-0.0151554
2.0312877e-06,-0.00294833
2.0313377e-06,0.00418169
2.0313877e-06,0.00567982
2.0314377e-06,0.00698375
2.0314877e-06,0.00690052
2.0315377e-06,-0.000701127
2.0315877e-06,-0.0138792
2.0316377e-06,-0.0214808
2.0316877e-06,-0.0180407
2.0317377e-06,-0.0106887
2.0317877e-06,-0.00777566
2.0318377e-06,-0.00919056
2.0318877e-06,-0.0118262
2.0319377e-06,-0.0165703
2.0319877e-06,-0.0235338
2.0320377e-06,-0.0267243
2.0320877e-06,-0.0202046
2.0321377e-06,-0.00730402
2.0321877e-06,0.00168479
2.0322377e-06,0.000797008
2.0322877e-06,-0.00572266
2.0323377e-06,-0.00935702
2.0323877e-06,-0.00722079
2.0324377e-06,-0.00353094
2.0324877e-06,-0.00261541
2.0325377e-06,-0.00397483
2.0325877e-06,-0.00525102
2.0326377e-06,-0.00627752
2.0326877e-06,-0.00813632
2.0327377e-06,-0.00980091
2.0327877e-06,-0.00952348
2.0328377e-06,-0.00841375
2.0328877e-06,-0.00896862
2.0329377e-06,-0.00955123
2.0329877e-06,-0.00580589
2.0330377e-06,0.000630549
2.0330877e-06,0.000741522
2.0331377e-06,-0.00932928
2.0331877e-06,-0.019733
2.0332377e-06,-0.0180129
2.0332877e-06,-0.00655495
2.0333377e-06,0.000269886
2.0333877e-06,-0.00439098
2.0334377e-06,-0.0119371
2.0334877e-06,-0.0128804
2.0335377e-06,-0.0098564
2.0335877e-06,-0.010328
2.0336377e-06,-0.0128249
2.0336877e-06,-0.0102448
2.0337377e-06,-0.00358643
2.0337877e-06,-0.00253218
2.0338377e-06,-0.0103003
2.0338877e-06,-0.0173471
2.0339377e-06,-0.014767
2.0339877e-06,-0.00647172
2.0340377e-06,-0.0026709
2.0340877e-06,-0.00608332
2.0341377e-06,-0.0105222
2.0341877e-06,-0.0102448
2.0342377e-06,-0.00583363
2.0342877e-06,-0.00219926
2.0343377e-06,-0.00383612
2.0343877e-06,-0.00993963
2.0344377e-06,-0.0145173
2.0344877e-06,-0.0133521
2.0345377e-06,-0.00968994
2.0345877e-06,-0.00921831
2.0346377e-06,-0.011632
2.0346877e-06,-0.0122701
2.0347377e-06,-0.0102725
2.0347877e-06,-0.00921831
2.0348377e-06,-0.0107164
2.0348877e-06,-0.0129082
2.0349377e-06,-0.0146005
2.0349877e-06,-0.0159044
2.0350377e-06,-0.0160154
2.0350877e-06,-0.0142121
2.0351377e-06,-0.0123256
2.0351877e-06,-0.0134908
2.0352377e-06,-0.0176245
2.0352877e-06,-0.0201491
2.0353377e-06,-0.0162651
2.0353877e-06,-0.00741499
2.0354377e-06,-0.0016444
2.0354877e-06,-0.00519553
2.0355377e-06,-0.014434
2.0355877e-06,-0.0191504
2.0356377e-06,-0.0138237
2.0356877e-06,-0.00364191
2.0357377e-06,0.00160156
2.0357877e-06,-0.0016444
2.0358377e-06,-0.00752597
2.0358877e-06,-0.00927379
2.0359377e-06,-0.00841375
2.0359877e-06,-0.0115765
2.0360377e-06,-0.0190672
2.0360877e-06,-0.0230622
2.0361377e-06,-0.0189562
2.0361877e-06,-0.0120481
2.0362377e-06,-0.00952348
2.0362877e-06,-0.0109384
2.0363377e-06,-0.0114655
2.0363877e-06,-0.0104113
2.0364377e-06,-0.0111048
2.0364877e-06,-0.0138792
2.0365377e-06,-0.0146282
2.0365877e-06,-0.0112158
2.0366377e-06,-0.00763694
2.0366877e-06,-0.00927379
2.0367377e-06,-0.0149057
2.0367877e-06,-0.0170419
2.0368377e-06,-0.0112158
2.0368877e-06,-0.00333674
2.0369377e-06,-0.00372514
2.0369877e-06,-0.0129636
2.0370377e-06,-0.0196498
2.0370877e-06,-0.0148502
2.0371377e-06,-0.00425226
2.0371877e-06,-6.30327e-05
2.0372377e-06,-0.00466841
2.0372877e-06,-0.0100229
2.0373377e-06,-0.0116042
2.0373877e-06,-0.0134908
2.0374377e-06,-0.0181239
2.0374877e-06,-0.0202879
2.0375377e-06,-0.0159599
2.0375877e-06,-0.00957897
2.0376377e-06,-0.00741499
2.0376877e-06,-0.00916282
2.0377377e-06,-0.0107442
2.0377877e-06,-0.0108552
2.0378377e-06,-0.0110771
2.0378877e-06,-0.012603
2.0379377e-06,-0.0152941
2.0379877e-06,-0.0172361
2.0380377e-06,-0.0154051
2.0380877e-06,-0.00921831
2.0381377e-06,-0.00341997
2.0381877e-06,-0.00333674
2.0382377e-06,-0.00838601
2.0382877e-06,-0.0133521
2.0383377e-06,-0.0152386
2.0383877e-06,-0.0150166
2.0384377e-06,-0.0138237
2.0384877e-06,-0.0110216
2.0385377e-06,-0.00705433
2.0385877e-06,-0.00455744
2.0386377e-06,-0.00522328
2.0386877e-06,-0.00724854
2.0387377e-06,-0.00794212
2.0387877e-06,-0.00747048
2.0388377e-06,-0.00722079
2.0388877e-06,-0.00661044
2.0389377e-06,-0.00394709
2.0389877e-06,-0.000368208
2.0390377e-06,0.000491832
2.0390877e-06,-0.00297607
2.0391377e-06,-0.0086357
2.0391877e-06,-0.0128527
2.0392377e-06,-0.0132688
2.0392877e-06,-0.0101338
2.0393377e-06,-0.00638849
2.0393877e-06,-0.00550071
2.0394377e-06,-0.00849698
2.0394877e-06,-0.0129914
2.0395377e-06,-0.0151554
2.0395877e-06,-0.0127694
2.0396377e-06,-0.00802535
2.0396877e-06,-0.00674916
2.0397377e-06,-0.0120481
2.0397877e-06,-0.0187065
2.0398377e-06,-0.0184291
2.0398877e-06,-0.0114933
2.0399377e-06,-0.00702659
2.0399877e-06,-0.00982866
2.0400377e-06,-0.0130746
2.0400877e-06,-0.00896862
2.0401377e-06,-0.00108953
2.0401877e-06,0.000325373
2.0402377e-06,-0.00763694
2.0402877e-06,-0.0167367
2.0403377e-06,-0.0185678
2.0403877e-06,-0.0144618
2.0404377e-06,-0.0116875
2.0404877e-06,-0.0130191
2.0405377e-06,-0.0140456
2.0405877e-06,-0.010661
2.0406377e-06,-0.00522328
2.0406877e-06,-0.00397483
2.0407377e-06,-0.00938477
2.0407877e-06,-0.0168754
2.0408377e-06,-0.0192336
2.0408877e-06,-0.014656
2.0409377e-06,-0.00871893
2.0409877e-06,-0.00730402
2.0410377e-06,-0.00968994
2.0410877e-06,-0.0111603
2.0411377e-06,-0.0109939
2.0411877e-06,-0.013574
2.0412377e-06,-0.0202879
2.0412877e-06,-0.024699
2.0413377e-06,-0.0196775
2.0413877e-06,-0.00733176
2.0414377e-06,0.00179577
2.0414877e-06,0.000880238
2.0415377e-06,-0.00533425
2.0415877e-06,-0.00730402
2.0416377e-06,-0.0030593
2.0416877e-06,-9.07759e-05
2.0417377e-06,-0.00450195
2.0417877e-06,-0.0121036
2.0418377e-06,-0.0141566
2.0418877e-06,-0.00982866
2.0419377e-06,-0.00727628
2.0419877e-06,-0.0109384
2.0420377e-06,-0.0146282
2.0420877e-06,-0.0116042
2.0421377e-06,-0.00547297
2.0421877e-06,-0.00425226
2.0422377e-06,-0.0078034
2.0422877e-06,-0.00930154
2.0423377e-06,-0.00674916
2.0423877e-06,-0.00552845
2.0424377e-06,-0.00858021
2.0424877e-06,-0.0119926
2.0425377e-06,-0.0121868
2.0425877e-06,-0.01141
2.0426377e-06,-0.0126307
2.0426877e-06,-0.0134353
2.0427377e-06,-0.0102725
2.0427877e-06,-0.00544522
2.0428377e-06,-0.00416903
2.0428877e-06,-0.00727628
2.0429377e-06,-0.0112991
2.0429877e-06,-0.0146282
2.0430377e-06,-0.0183181
2.0430877e-06,-0.0217305
2.0431377e-06,-0.0213144
2.0431877e-06,-0.0150444
2.0432377e-06,-0.00655495
2.0432877e-06,-0.00242121
2.0433377e-06,-0.00483487
2.0433877e-06,-0.00805309
2.0434377e-06,-0.00480713
2.0434877e-06,0.0029055
2.0435377e-06,0.00376554
2.0435877e-06,-0.00785889
2.0436377e-06,-0.021675
2.0436877e-06,-0.0231732
2.0437377e-06,-0.0127417
2.0437877e-06,-0.00486262
2.0438377e-06,-0.00858021
2.0438877e-06,-0.016487
2.0439377e-06,-0.0164593
2.0439877e-06,-0.00785889
2.0440377e-06,-0.00111728
2.0440877e-06,-0.00364191
2.0441377e-06,-0.0116597
2.0441877e-06,-0.0163761
2.0442377e-06,-0.0139901
2.0442877e-06,-0.00866344
2.0443377e-06,-0.00747048
2.0443877e-06,-0.0133243
2.0444377e-06,-0.020926
2.0444877e-06,-0.0205098
2.0445377e-06,-0.00846924
2.0445877e-06,0.00615146
2.0446377e-06,0.00992454
2.0446877e-06,0.000491832
2.0447377e-06,-0.00963445
2.0447877e-06,-0.00727628
2.0448377e-06,0.00581854
2.0448877e-06,0.0146131
2.0449377e-06,0.00820446
2.0449877e-06,-0.00699885
2.0450377e-06,-0.0146837
2.0450877e-06,-0.00802535
2.0451377e-06,0.0024616
2.0451877e-06,0.00276678
2.0452377e-06,-0.0069711
2.0452877e-06,-0.0138792
2.0453377e-06,-0.00949574
2.0453877e-06,0.00112993
2.0454377e-06,0.00773282
2.0454877e-06,0.0065676
2.0455377e-06,0.000852495
2.0455877e-06,-0.00552845
2.0456377e-06,-0.0103835
2.0456877e-06,-0.0115765
2.0457377e-06,-0.00827504
2.0457877e-06,-0.00339222
2.0458377e-06,-0.0018386
2.0458877e-06,-0.00527876
2.0459377e-06,-0.0106055
2.0459877e-06,-0.0135185
2.0460377e-06,-0.0119649
2.0460877e-06,-0.00722079
2.0461377e-06,-0.0036974
2.0461877e-06,-0.00591686
2.0462377e-06,-0.0130746
2.0462877e-06,-0.0182071
2.0463377e-06,-0.0151554
2.0463877e-06,-0.00591686
2.0464377e-06,0.00157382
2.0464877e-06,0.00182351
2.0465377e-06,-0.00303156
2.0465877e-06,-0.00569491
2.0466377e-06,-0.00150568
2.0466877e-06,0.00576305
2.0467377e-06,0.00690052
2.0467877e-06,-0.00178311
2.0468377e-06,-0.0124365
2.0468877e-06,-0.0138514
2.0469377e-06,-0.0049181
2.0469877e-06,0.00418169
2.0470377e-06,0.00376554
2.0470877e-06,-0.00505682
2.0471377e-06,-0.0135185
2.0471877e-06,-0.0149612
2.0472377e-06,-0.00988414
2.0472877e-06,-0.0040858
2.0473377e-06,-0.00355868
2.0473877e-06,-0.00910733
2.0474377e-06,-0.0151831
2.0474877e-06,-0.0157657
2.0475377e-06,-0.0116875
2.0475877e-06,-0.00849698
2.0476377e-06,-0.00838601
2.0476877e-06,-0.00796986
2.0477377e-06,-0.00502907
2.0477877e-06,-0.00231024
2.0478377e-06,-0.00272638
2.0478877e-06,-0.00522328
2.0479377e-06,-0.00755371
2.0479877e-06,-0.00977317
2.0480377e-06,-0.012714
2.0480877e-06,-0.015516
2.0481377e-06,-0.0158489
2.0481877e-06,-0.0121036
2.0482377e-06,-0.0065827
2.0482877e-06,-0.00577814
2.0483377e-06,-0.0134075
2.0483877e-06,-0.0226738
2.0484377e-06,-0.0218137
2.0484877e-06,-0.00971768
2.0485377e-06,-0.000312722
2.0485877e-06,-0.0057504
2.0486377e-06,-0.0202324
2.0486877e-06,-0.0266133
2.0487377e-06,-0.0172638
2.0487877e-06,-0.00219926
2.0488377e-06,0.00387651
2.0488877e-06,-0.00325351
2.0489377e-06,-0.0156547
2.0489877e-06,-0.0224241
2.0490377e-06,-0.0191504
2.0490877e-06,-0.0107164
2.0491377e-06,-0.0057504
2.0491877e-06,-0.00733176
2.0492377e-06,-0.0107997
2.0492877e-06,-0.0112713
2.0493377e-06,-0.00988414
2.0493877e-06,-0.010439
2.0494377e-06,-0.0129636
2.0494877e-06,-0.0148224
2.0495377e-06,-0.015738
2.0495877e-06,-0.0182903
2.0496377e-06,-0.0225906
2.0496877e-06,-0.0241442
2.0497377e-06,-0.0185123
2.0497877e-06,-0.00769243
2.0498377e-06,4.79403e-05
2.0498877e-06,-0.00175537
2.0499377e-06,-0.010328
2.0499877e-06,-0.0155993
2.0500377e-06,-0.0115765
2.0500877e-06,-0.00372514
2.0501377e-06,-0.00136697
2.0501877e-06,-0.00461293
2.0502377e-06,-0.00597235
2.0502877e-06,-0.00439098
2.0503377e-06,-0.0078034
2.0503877e-06,-0.0180961
2.0504377e-06,-0.0234229
2.0504877e-06,-0.0137959
2.0505377e-06,0.00254483
2.0505877e-06,0.0072057
2.0506377e-06,-0.00489036
2.0506877e-06,-0.0184291
2.0507377e-06,-0.0166812
2.0507877e-06,-0.00122825
2.0508377e-06,0.011284
2.0508877e-06,0.00903675
2.0509377e-06,-0.00361417
2.0509877e-06,-0.0137959
2.0510377e-06,-0.0147947
2.0510877e-06,-0.0118539
2.0511377e-06,-0.0143231
2.0511877e-06,-0.0237003
2.0512377e-06,-0.0303587
2.0512877e-06,-0.0245881
2.0513377e-06,-0.00916282
2.0513877e-06,0.00251709
2.0514377e-06,0.00182351
2.0514877e-06,-0.00688787
2.0515377e-06,-0.014434
2.0515877e-06,-0.0175135
2.0516377e-06,-0.0173471
2.0516877e-06,-0.0140734
2.0517377e-06,-0.00849698
2.0517877e-06,-0.00566717
2.0518377e-06,-0.00930154
2.0518877e-06,-0.0149612
2.0519377e-06,-0.0148502
2.0519877e-06,-0.00838601
2.0520377e-06,-0.00211603
2.0520877e-06,-0.000756614
2.0521377e-06,-0.00261541
2.0521877e-06,-0.00444647
2.0522377e-06,-0.0055562
2.0522877e-06,-0.00644398
2.0523377e-06,-0.00708208
2.0523877e-06,-0.00810858
2.0524377e-06,-0.0105777
2.0524877e-06,-0.0136572
2.0525377e-06,-0.0149057
2.0525877e-06,-0.0131024
2.0526377e-06,-0.00907959
2.0526877e-06,-0.00514005
2.0527377e-06,-0.0045297
2.0527877e-06,-0.00935702
2.0528377e-06,-0.0166535
2.0528877e-06,-0.0191504
2.0529377e-06,-0.0128527
2.0529877e-06,-0.00236572
2.0530377e-06,0.00332164
2.0530877e-06,-0.000562411
2.0531377e-06,-0.0101338
2.0531877e-06,-0.0164593
2.0532377e-06,-0.0139069
2.0532877e-06,-0.00527876
2.0533377e-06,0.000880238
2.0533877e-06,-0.0014502
2.0534377e-06,-0.0102725
2.0534877e-06,-0.0173471
2.0535377e-06,-0.0157935
2.0535877e-06,-0.00758145
2.0536377e-06,-0.0026709
2.0536877e-06,-0.00819181
2.0537377e-06,-0.0185678
2.0537877e-06,-0.0213699
2.0538377e-06,-0.013574
2.0538877e-06,-0.00569491
2.0539377e-06,-0.00669367
2.0539877e-06,-0.0122423
2.0540377e-06,-0.0132966
2.0540877e-06,-0.0098564
2.0541377e-06,-0.00874667
2.0541877e-06,-0.0118262
2.0542377e-06,-0.0140734
2.0542877e-06,-0.0121868
2.0543377e-06,-0.00835827
2.0543877e-06,-0.00572266
2.0544377e-06,-0.00494585
2.0544877e-06,-0.00622203
2.0545377e-06,-0.0102448
2.0545877e-06,-0.015516
2.0546377e-06,-0.0182626
2.0546877e-06,-0.0170142
2.0547377e-06,-0.0138792
2.0547877e-06,-0.0102448
2.0548377e-06,-0.00508456
2.0548877e-06,0.000491832
2.0549377e-06,0.00110218
2.0549877e-06,-0.00641624
2.0550377e-06,-0.0162651
2.0550877e-06,-0.0184846
2.0551377e-06,-0.0107164
2.0551877e-06,-0.00147794
2.0552377e-06,-0.000118519
2.0552877e-06,-0.00627752
2.0553377e-06,-0.01141
2.0553877e-06,-0.00930154
2.0554377e-06,-0.00294833
2.0554877e-06,-0.000451438
2.0555377e-06,-0.00514005
2.0555877e-06,-0.011521
2.0556377e-06,-0.0132688
2.0556877e-06,-0.0118262
2.0557377e-06,-0.0124643
2.0557877e-06,-0.0139901
2.0558377e-06,-0.010439
2.0558877e-06,-0.00353094
2.0559377e-06,-0.00322576
2.0559877e-06,-0.0121313
2.0560377e-06,-0.0187065
2.0560877e-06,-0.0126585
2.0561377e-06,0.000158913
2.0561877e-06,0.00581854
2.0562377e-06,-0.000284979
2.0562877e-06,-0.0101061
2.0563377e-06,-0.0147115
2.0563877e-06,-0.0129914
2.0564377e-06,-0.0101338
2.0564877e-06,-0.0107719
2.0565377e-06,-0.0132688
2.0565877e-06,-0.0116875
2.0566377e-06,-0.00486262
2.0566877e-06,-0.000479181
2.0567377e-06,-0.00569491
2.0567877e-06,-0.016487
2.0568377e-06,-0.0223964
2.0568877e-06,-0.0198162
2.0569377e-06,-0.0144895
2.0569877e-06,-0.0117152
2.0570377e-06,-0.010661
2.0570877e-06,-0.00910733
2.0571377e-06,-0.00794212
2.0571877e-06,-0.00849698
2.0572377e-06,-0.0101893
2.0572877e-06,-0.0117707
2.0573377e-06,-0.0124365
2.0573877e-06,-0.0113545
2.0574377e-06,-0.00894087
2.0574877e-06,-0.00724854
2.0575377e-06,-0.00699885
2.0575877e-06,-0.00633301
2.0576377e-06,-0.00597235
2.0576877e-06,-0.0103558
2.0577377e-06,-0.0193169
2.0577877e-06,-0.02395
2.0578377e-06,-0.0182071
2.0578877e-06,-0.00952348
2.0579377e-06,-0.00841375
2.0579877e-06,-0.0122701
2.0580377e-06,-0.0104668
2.0580877e-06,-0.00311479
2.0581377e-06,-0.000923074
2.0581877e-06,-0.00627752
2.0582377e-06,-0.00805309
2.0582877e-06,-0.000312722
2.0583377e-06,0.00548562
2.0583877e-06,-0.00347545
2.0584377e-06,-0.0202324
2.0584877e-06,-0.0250042
2.0585377e-06,-0.0124365
2.0585877e-06,0.000353116
2.0586377e-06,-0.00289284
2.0586877e-06,-0.0169309
2.0587377e-06,-0.0243384
2.0587877e-06,-0.0180129
2.0588377e-06,-0.00591686
2.0588877e-06,0.00204545
2.0589377e-06,0.00321067
2.0589877e-06,0.000630549
2.0590377e-06,-0.00219926
2.0590877e-06,-0.00425226
2.0591377e-06,-0.00619429
2.0591877e-06,-0.00763694
2.0592377e-06,-0.00652721
2.0592877e-06,-0.00314253
2.0593377e-06,-0.00153343
2.0593877e-06,-0.00397483
2.0594377e-06,-0.00652721
2.0594877e-06,-0.00375289
2.0595377e-06,0.00304421
2.0595877e-06,0.00665083
2.0596377e-06,0.00395974
2.0596877e-06,0.000907981
2.0597377e-06,0.00418169
2.0597877e-06,0.0107568
2.0598377e-06,0.0105071
2.0598877e-06,-0.00089533
2.0599377e-06,-0.015738
2.0599877e-06,-0.0225351
2.0600377e-06,-0.0184291
2.0600877e-06,-0.0107719
2.0601377e-06,-0.0078034
2.0601877e-06,-0.0108274
2.0602377e-06,-0.0151554
2.0602877e-06,-0.0164038
2.0603377e-06,-0.0140179
2.0603877e-06,-0.00977317
2.0604377e-06,-0.00444647
2.0604877e-06,0.00162931
2.0605377e-06,0.00537464
2.0605877e-06,0.00168479
2.0606377e-06,-0.00955123
2.0606877e-06,-0.0194833
2.0607377e-06,-0.0183458
2.0607877e-06,-0.00816406
2.0608377e-06,-0.00156117
2.0608877e-06,-0.00583363
2.0609377e-06,-0.0137405
2.0609877e-06,-0.0144618
2.0610377e-06,-0.00866344
2.0610877e-06,-0.00619429
2.0611377e-06,-0.0111326
2.0611877e-06,-0.0167367
2.0612377e-06,-0.0161819
2.0612877e-06,-0.0124365
2.0613377e-06,-0.0129082
2.0613877e-06,-0.0175413
2.0614377e-06,-0.0178187
2.0614877e-06,-0.00835827
2.0615377e-06,0.00390425
2.0615877e-06,0.00629017
2.0616377e-06,-0.00366966
2.0616877e-06,-0.0141289
2.0617377e-06,-0.0141843
2.0617877e-06,-0.00772017
2.0618377e-06,-0.00627752
2.0618877e-06,-0.0119649
2.0619377e-06,-0.01682
2.0619877e-06,-0.0169032
2.0620377e-06,-0.0162651
2.0620877e-06,-0.0165425
2.0621377e-06,-0.0128527
2.0621877e-06,-0.00447421
2.0622377e-06,-0.0008121
2.0622877e-06,-0.00941251
2.0623377e-06,-0.0224796
2.0623877e-06,-0.0251152
2.0624377e-06,-0.0158767
2.0624877e-06,-0.00927379
2.0625377e-06,-0.0147392
2.0625877e-06,-0.0237558
2.0626377e-06,-0.0240332
2.0626877e-06,-0.0179019
2.0627377e-06,-0.0165703
2.0627877e-06,-0.0208705
2.0628377e-06,-0.0202879
2.0628877e-06,-0.0110771
2.0629377e-06,-0.0030593
2.0629877e-06,-0.00455744
2.0630377e-06,-0.0110216
2.0630877e-06,-0.0140734
2.0631377e-06,-0.0128804
2.0631877e-06,-0.0111603
2.0632377e-06,-0.00963445
2.0632877e-06,-0.00769243
2.0633377e-06,-0.00733176
2.0633877e-06,-0.00935702
2.0634377e-06,-0.00982866
2.0634877e-06,-0.0057504
2.0635377e-06,-0.00225475
2.0635877e-06,-0.00655495
2.0636377e-06,-0.0155993
2.0636877e-06,-0.0175135
2.0637377e-06,-0.00777566
2.0637877e-06,0.0030997
2.0638377e-06,0.00235063
2.0638877e-06,-0.00885764
2.0639377e-06,-0.0177077
2.0639877e-06,-0.0159044
2.0640377e-06,-0.00788663
2.0640877e-06,-0.0024767
2.0641377e-06,-0.00208829
2.0641877e-06,-0.00341997
2.0642377e-06,-0.00450195
2.0642877e-06,-0.00616655
2.0643377e-06,-0.00777566
2.0643877e-06,-0.00769243
2.0644377e-06,-0.00680464
2.0644877e-06,-0.00616655
2.0645377e-06,-0.00275413
2.0645877e-06,0.00518044
2.0646377e-06,0.0101742
2.0646877e-06,0.00260032
2.0647377e-06,-0.013685
2.0647877e-06,-0.0224796
2.0648377e-06,-0.0150444
2.0648877e-06,-0.00128374
2.0649377e-06,0.00382102
2.0649877e-06,-0.00186634
2.0650377e-06,-0.00894087
2.0650877e-06,-0.0112436
2.0651377e-06,-0.0115487
2.0651877e-06,-0.0137405
2.0652377e-06,-0.0160709
2.0652877e-06,-0.0146837
2.0653377e-06,-0.0101893
2.0653877e-06,-0.00752597
2.0654377e-06,-0.00916282
2.0654877e-06,-0.0119094
2.0655377e-06,-0.011632
2.0655877e-06,-0.00877441
2.0656377e-06,-0.00716531
2.0656877e-06,-0.00858021
2.0657377e-06,-0.0109106
2.0657877e-06,-0.0113545
2.0658377e-06,-0.0100783
2.0658877e-06,-0.00944025
2.0659377e-06,-0.0101338
2.0659877e-06,-0.00968994
2.0660377e-06,-0.00622203
2.0660877e-06,-0.00214378
2.0661377e-06,-0.00178311
2.0661877e-06,-0.00558394
2.0662377e-06,-0.0103003
2.0662877e-06,-0.0141289
2.0663377e-06,-0.0174026
2.0663877e-06,-0.0180129
2.0664377e-06,-0.0127694
2.0664877e-06,-0.00425226
2.0665377e-06,-0.000395952
2.0665877e-06,-0.0045297
2.0666377e-06,-0.0105222
2.0666877e-06,-0.0109384
2.0667377e-06,-0.00641624
2.0667877e-06,-0.00336448
2.0668377e-06,-0.0040858
2.0668877e-06,-0.00355868
2.0669377e-06,0.00285001
2.0669877e-06,0.0108678
2.0670377e-06,0.0114227
2.0670877e-06,0.00271129
2.0671377e-06,-0.0065827
2.0671877e-06,-0.00824729
2.0672377e-06,-0.00444647
2.0672877e-06,-0.00228249
2.0673377e-06,-0.00292059
2.0673877e-06,-0.00269864
2.0674377e-06,-0.00125599
2.0674877e-06,-0.00233798
2.0675377e-06,-0.00597235
2.0675877e-06,-0.00766468
2.0676377e-06,-0.00611106
2.0676877e-06,-0.00630526
2.0677377e-06,-0.0110494
2.0677877e-06,-0.0151276
2.0678377e-06,-0.0131301
2.0678877e-06,-0.00930154
2.0679377e-06,-0.0122701
2.0679877e-06,-0.0207872
2.0680377e-06,-0.0230344
2.0680877e-06,-0.0127694
2.0681377e-06,0.00135187
2.0681877e-06,0.00670632
2.0682377e-06,0.00176802
2.0682877e-06,-0.00480713
2.0683377e-06,-0.00669367
2.0683877e-06,-0.0055562
2.0684377e-06,-0.00566717
2.0684877e-06,-0.00705433
2.0685377e-06,-0.00613881
2.0685877e-06,-0.00139471
2.0686377e-06,0.00415394
2.0686877e-06,0.00579079
2.0687377e-06,0.00135187
2.0687877e-06,-0.00752597
2.0688377e-06,-0.0156547
2.0688877e-06,-0.0170696
2.0689377e-06,-0.0104945
2.0689877e-06,-0.00244895
2.0690377e-06,-0.00117276
2.0690877e-06,-0.00727628
2.0691377e-06,-0.0132966
2.0691877e-06,-0.0130469
2.0692377e-06,-0.00830278
2.0692877e-06,-0.00502907
2.0693377e-06,-0.00514005
2.0693877e-06,-0.0049181
2.0694377e-06,-0.00200506
2.0694877e-06,-0.000784357
2.0695377e-06,-0.00686013
2.0695877e-06,-0.01768
2.0696377e-06,-0.0248932
2.0696877e-06,-0.0258088
2.0697377e-06,-0.0251707
2.0697877e-06,-0.0251707
2.0698377e-06,-0.0219802
2.0698877e-06,-0.0148779
2.0699377e-06,-0.0107719
2.0699877e-06,-0.0139347
2.0700377e-06,-0.0179297
2.0700877e-06,-0.014434
2.0701377e-06,-0.0057504
2.0701877e-06,-0.0014502
2.0702377e-06,-0.00533425
2.0702877e-06,-0.0115487
2.0703377e-06,-0.0130469
2.0703877e-06,-0.00974543
2.0704377e-06,-0.00680464
2.0704877e-06,-0.00755371
2.0705377e-06,-0.00977317
2.0705877e-06,-0.00991189
2.0706377e-06,-0.00874667
2.0706877e-06,-0.00968994
2.0707377e-06,-0.0121868
2.0707877e-06,-0.0113268
2.0708377e-06,-0.00613881
2.0708877e-06,-0.00278187
2.0709377e-06,-0.00644398
2.0709877e-06,-0.0125475
2.0710377e-06,-0.0117152
2.0710877e-06,-0.00278187
2.0711377e-06,0.00401523
2.0711877e-06,-0.000479181
2.0712377e-06,-0.0122978
2.0712877e-06,-0.0192059
2.0713377e-06,-0.0151276
2.0713877e-06,-0.00602783
2.0714377e-06,-0.00181086
2.0714877e-06,-0.0057504
2.0715377e-06,-0.0137959
2.0715877e-06,-0.0202879
2.0716377e-06,-0.0217583
2.0716877e-06,-0.0174303
2.0717377e-06,-0.00974543
2.0717877e-06,-0.00386386
2.0718377e-06,-0.00358643
2.0718877e-06,-0.00766468
2.0719377e-06,-0.0114655
2.0719877e-06,-0.0119926
2.0720377e-06,-0.0101893
2.0720877e-06,-0.0090241
2.0721377e-06,-0.0102448
2.0721877e-06,-0.0130469
2.0722377e-06,-0.0160709
2.0722877e-06,-0.0191781
2.0723377e-06,-0.0220912
2.0723877e-06,-0.021897
2.0724377e-06,-0.0157657
2.0724877e-06,-0.00602783
2.0725377e-06,0.000575062
2.0725877e-06,0.000325373
2.0726377e-06,-0.00372514
2.0726877e-06,-0.00661044
2.0727377e-06,-0.00735951
2.0727877e-06,-0.00802535
2.0728377e-06,-0.00952348
2.0728877e-06,-0.0109106
2.0729377e-06,-0.0108829
2.0729877e-06,-0.00877441
2.0730377e-06,-0.00591686
2.0730877e-06,-0.00580589
2.0731377e-06,-0.00960671
2.0731877e-06,-0.0124643
2.0732377e-06,-0.0086357
2.0732877e-06,-0.000673384
2.0733377e-06,0.00196222
2.0733877e-06,-0.00530651
2.0734377e-06,-0.0154328
2.0734877e-06,-0.0179574
2.0735377e-06,-0.0115487
2.0735877e-06,-0.00561168
2.0736377e-06,-0.00880216
2.0736877e-06,-0.0179852
2.0737377e-06,-0.0215363
2.0737877e-06,-0.0128249
2.0738377e-06,0.00171254
2.0738877e-06,0.00970259
2.0739377e-06,0.00601274
2.0739877e-06,-0.00269864
2.0740377e-06,-0.00655495
2.0740877e-06,-0.0030593
2.0741377e-06,0.00126864
2.0741877e-06,-0.000284979
2.0742377e-06,-0.00605558
2.0742877e-06,-0.0084415
2.0743377e-06,-0.00475164
2.0743877e-06,-0.00106179
2.0744377e-06,-0.00319802
2.0744877e-06,-0.0076092
2.0745377e-06,-0.00649947
2.0745877e-06,2.01971e-05
2.0746377e-06,0.00354359
2.0746877e-06,-0.00133922
2.0747377e-06,-0.0103835
2.0747877e-06,-0.0159322
2.0748377e-06,-0.0156547
2.0748877e-06,-0.012603
2.0749377e-06,-0.00991189
2.0749877e-06,-0.00841375
2.0750377e-06,-0.00894087
2.0750877e-06,-0.0121313
2.0751377e-06,-0.0149889
2.0751877e-06,-0.0127694
2.0752377e-06,-0.00686013
2.0752877e-06,-0.00563943
2.0753377e-06,-0.0124088
2.0753877e-06,-0.0184846
2.0754377e-06,-0.0147947
2.0754877e-06,-0.00550071
2.0755377e-06,-0.00222701
2.0755877e-06,-0.00788663
2.0756377e-06,-0.0144063
2.0756877e-06,-0.0159322
2.0757377e-06,-0.0156825
2.0757877e-06,-0.0178187
2.0758377e-06,-0.0198995
2.0758877e-06,-0.0171251
2.0759377e-06,-0.00977317
2.0759877e-06,-0.00317028
2.0760377e-06,-0.00150568
2.0760877e-06,-0.00430775
2.0761377e-06,-0.00752597
2.0761877e-06,-0.00794212
2.0762377e-06,-0.0076092
2.0762877e-06,-0.0119649
2.0763377e-06,-0.0209537
2.0763877e-06,-0.0256423
2.0764377e-06,-0.0185678
2.0764877e-06,-0.0057504
2.0765377e-06,-0.000673384
2.0765877e-06,-0.00641624
2.0766377e-06,-0.0127694
2.0766877e-06,-0.0124088
2.0767377e-06,-0.0101061
2.0767877e-06,-0.01141
2.0768377e-06,-0.0122423
2.0768877e-06,-0.00788663
2.0769377e-06,-0.00333674
2.0769877e-06,-0.00497359
2.0770377e-06,-0.00888539
2.0770877e-06,-0.00719305
2.0771377e-06,-0.00194957
2.0771877e-06,-0.00181086
2.0772377e-06,-0.00833052
2.0772877e-06,-0.0142398
2.0773377e-06,-0.0143231
2.0773877e-06,-0.010661
2.0774377e-06,-0.00699885
2.0774877e-06,-0.0051123
2.0775377e-06,-0.00702659
2.0775877e-06,-0.0132133
2.0776377e-06,-0.0178187
2.0776877e-06,-0.0139901
2.0777377e-06,-0.00475164
2.0777877e-06,-0.000506925
2.0778377e-06,-0.0036974
2.0778877e-06,-0.00608332
2.0779377e-06,-0.00322576
2.0779877e-06,-0.00136697
2.0780377e-06,-0.00644398
2.0780877e-06,-0.0148779
2.0781377e-06,-0.0189007
2.0781877e-06,-0.0149889
2.0782377e-06,-0.00469616
2.0782877e-06,0.00551336
2.0783377e-06,0.00623469
2.0783877e-06,-0.00547297
2.0784377e-06,-0.0184846
2.0784877e-06,-0.0177632
2.0785377e-06,-0.00436324
2.0785877e-06,0.00462558
2.0786377e-06,-0.000534668
2.0786877e-06,-0.00846924
2.0787377e-06,-0.00450195
2.0787877e-06,0.00573531
2.0788377e-06,0.00332164
2.0788877e-06,-0.0149334
2.0789377e-06,-0.0291102
2.0789877e-06,-0.0221467
2.0790377e-06,-0.00197732
2.0790877e-06,0.00992454
2.0791377e-06,0.003932
2.0791877e-06,-0.0102171
2.0792377e-06,-0.0178742
2.0792877e-06,-0.0144618
2.0793377e-06,-0.00641624
2.0793877e-06,-0.00181086
2.0794377e-06,-0.00225475
2.0794877e-06,-0.00430775
2.0795377e-06,-0.00580589
2.0795877e-06,-0.00827504
2.0796377e-06,-0.0130469
2.0796877e-06,-0.0181794
2.0797377e-06,-0.0193723
2.0797877e-06,-0.0140179
2.0798377e-06,-0.00441872
2.0798877e-06,0.00176802
2.0799377e-06,-0.00317028
2.0799877e-06,-0.0177077
2.0800377e-06,-0.0282224
2.0800877e-06,-0.0216195
2.0801377e-06,-0.00150568
2.0801877e-06,0.0130595
2.0802377e-06,0.00900901
2.0802877e-06,-0.00608332
2.0803377e-06,-0.0148224
2.0803877e-06,-0.0112991
2.0804377e-06,-0.00450195
2.0804877e-06,-0.00289284
2.0805377e-06,-0.00411355
2.0805877e-06,-0.0018386
2.0806377e-06,0.00318293
2.0806877e-06,0.0041262
2.0807377e-06,-0.0016444
2.0807877e-06,-0.0076092
2.0808377e-06,-0.00669367
2.0808877e-06,-0.00250444
2.0809377e-06,-0.00455744
2.0809877e-06,-0.012381
2.0810377e-06,-0.0136572
2.0810877e-06,-0.00283736
2.0811377e-06,0.00778831
2.0811877e-06,0.0043204
2.0812377e-06,-0.00835827
2.0812877e-06,-0.0139069
2.0813377e-06,-0.00855247
2.0813877e-06,-0.00561168
2.0814377e-06,-0.0138237
2.0814877e-06,-0.0232286
2.0815377e-06,-0.0193169
2.0815877e-06,-0.00475164
2.0816377e-06,0.00368231
2.0816877e-06,-0.00194957
2.0817377e-06,-0.0106332
2.0817877e-06,-0.00869118
2.0818377e-06,0.0012409
2.0818877e-06,0.00437589
2.0819377e-06,-0.00602783
2.0819877e-06,-0.0204821
2.0820377e-06,-0.0261139
2.0820877e-06,-0.0216195
2.0821377e-06,-0.0154883
2.0821877e-06,-0.0133243
2.0822377e-06,-0.0124643
2.0822877e-06,-0.00941251
2.0823377e-06,-0.00649947
2.0823877e-06,-0.00741499
2.0824377e-06,-0.010439
2.0824877e-06,-0.0113545
2.0825377e-06,-0.0107164
2.0825877e-06,-0.0122423
2.0826377e-06,-0.0152108
2.0826877e-06,-0.0144618
2.0827377e-06,-0.0088299
2.0827877e-06,-0.00400257
2.0828377e-06,-0.00544522
2.0828877e-06,-0.0113268
2.0829377e-06,-0.0142953
2.0829877e-06,-0.00974543
2.0830377e-06,-0.0020328
2.0830877e-06,-0.000728871
2.0831377e-06,-0.0090241
2.0831877e-06,-0.0180684
2.0832377e-06,-0.0169309
2.0832877e-06,-0.00583363
2.0833377e-06,0.00448686
2.0833877e-06,0.00551336
2.0834377e-06,-0.0016444
2.0834877e-06,-0.0102725
2.0835377e-06,-0.0153773
2.0835877e-06,-0.0168477
2.0836377e-06,-0.0177077
2.0836877e-06,-0.0197885
2.0837377e-06,-0.0210647
2.0837877e-06,-0.0182349
2.0838377e-06,-0.0117707
2.0838877e-06,-0.00641624
2.0839377e-06,-0.00641624
2.0839877e-06,-0.0117429
2.0840377e-06,-0.0185678
2.0840877e-06,-0.0215086
2.0841377e-06,-0.0169587
2.0841877e-06,-0.00724854
2.0842377e-06,0.00013117
2.0842877e-06,0.000547319
2.0843377e-06,-0.00308705
2.0843877e-06,-0.00522328
2.0844377e-06,-0.00477939
2.0844877e-06,-0.00400257
2.0845377e-06,-0.00358643
2.0845877e-06,-0.0030593
2.0846377e-06,-0.00364191
2.0846877e-06,-0.00716531
2.0847377e-06,-0.0116042
2.0847877e-06,-0.0123256
2.0848377e-06,-0.00866344
2.0848877e-06,-0.00649947
2.0849377e-06,-0.010328
2.0849877e-06,-0.0148502
2.0850377e-06,-0.00988414
2.0850877e-06,0.00401523
2.0851377e-06,0.012144
2.0851877e-06,0.003932
2.0852377e-06,-0.0108274
2.0852877e-06,-0.0124088
2.0853377e-06,0.00334939
2.0853877e-06,0.0188856
2.0854377e-06,0.0163055
2.0854877e-06,-0.00169988
2.0855377e-06,-0.016487
2.0855877e-06,-0.0153773
2.0856377e-06,-0.00386386
2.0856877e-06,0.00359908
2.0857377e-06,-0.000395952
2.0857877e-06,-0.010439
2.0858377e-06,-0.0165703
2.0858877e-06,-0.0155715
2.0859377e-06,-0.012603
2.0859877e-06,-0.012714
2.0860377e-06,-0.0139069
2.0860877e-06,-0.0119371
2.0861377e-06,-0.0079976
2.0861877e-06,-0.00644398
2.0862377e-06,-0.00669367
2.0862877e-06,-0.00444647
2.0863377e-06,-0.000451438
2.0863877e-06,-0.00147794
2.0864377e-06,-0.00957897
2.0864877e-06,-0.0163761
2.0865377e-06,-0.0131301
2.0865877e-06,-0.00328125
2.0866377e-06,0.00118541
2.0866877e-06,-0.00514005
2.0867377e-06,-0.0154328
2.0867877e-06,-0.0198995
2.0868377e-06,-0.0166258
2.0868877e-06,-0.0110771
2.0869377e-06,-0.00891313
2.0869877e-06,-0.010439
2.0870377e-06,-0.0112158
2.0870877e-06,-0.00824729
2.0871377e-06,-0.00383612
2.0871877e-06,-0.00233798
2.0872377e-06,-0.0038916
2.0872877e-06,-0.00483487
2.0873377e-06,-0.00397483
2.0873877e-06,-0.00405806
2.0874377e-06,-0.00669367
2.0874877e-06,-0.00971768
2.0875377e-06,-0.0107719
2.0875877e-06,-0.00977317
2.0876377e-06,-0.00713756
2.0876877e-06,-0.00253218
2.0877377e-06,0.00326616
2.0877877e-06,0.00787154
2.0878377e-06,0.00895352
2.0878877e-06,0.00573531
2.0879377e-06,-0.000562411
2.0879877e-06,-0.00586137
2.0880377e-06,-0.0057504
2.0880877e-06,-0.00169988
2.0881377e-06,-0.00089533
2.0881877e-06,-0.00600009
2.0882377e-06,-0.00932928
2.0882877e-06,-0.00400257
2.0883377e-06,0.00384877
2.0883877e-06,0.00201771
2.0884377e-06,-0.0101061
2.0884877e-06,-0.0201769
2.0885377e-06,-0.0194001
2.0885877e-06,-0.0118817
2.0886377e-06,-0.00669367
2.0886877e-06,-0.00741499
2.0887377e-06,-0.0116875
2.0887877e-06,-0.0155993
2.0888377e-06,-0.0157935
2.0888877e-06,-0.0112991
2.0889377e-06,-0.00611106
2.0889877e-06,-0.00630526
2.0890377e-06,-0.0120204
2.0890877e-06,-0.0153496
2.0891377e-06,-0.00910733
2.0891877e-06,0.00343262
2.0892377e-06,0.0113394
2.0892877e-06,0.00845415
2.0893377e-06,0.000158913
2.0893877e-06,-0.0036974
2.0894377e-06,-0.000617898
2.0894877e-06,0.00315518
2.0895377e-06,0.00196222
2.0895877e-06,-0.00214378
2.0896377e-06,-0.00347545
2.0896877e-06,-0.000701127
2.0897377e-06,0.0020732
2.0897877e-06,0.000575062
2.0898377e-06,-0.00483487
2.0898877e-06,-0.00927379
2.0899377e-06,-0.00741499
2.0899877e-06,0.000797008
2.0900377e-06,0.00792702
2.0900877e-06,0.00612371
2.0901377e-06,-0.00308705
2.0901877e-06,-0.00927379
2.0902377e-06,-0.00500133
2.0902877e-06,0.00498624
2.0903377e-06,0.00873158
2.0903877e-06,0.000907981
2.0904377e-06,-0.0100229
2.0904877e-06,-0.0113268
2.0905377e-06,-0.00197732
2.0905877e-06,0.0049585
2.0906377e-06,-0.00128374
2.0906877e-06,-0.0143231
2.0907377e-06,-0.0176523
2.0907877e-06,-0.00591686
2.0908377e-06,0.00731667
2.0908877e-06,0.00606823
2.0909377e-06,-0.0088299
2.0909877e-06,-0.0215363
2.0910377e-06,-0.0204821
2.0910877e-06,-0.0108829
2.0911377e-06,-0.00611106
2.0911877e-06,-0.0102725
2.0912377e-06,-0.0142953
2.0912877e-06,-0.0098564
2.0913377e-06,-0.00139471
2.0913877e-06,0.000658292
2.0914377e-06,-0.00530651
2.0914877e-06,-0.0106055
2.0915377e-06,-0.00899636
2.0915877e-06,-0.00455744
2.0916377e-06,-0.00480713
2.0916877e-06,-0.0104668
2.0917377e-06,-0.0148502
2.0917877e-06,-0.0133243
2.0918377e-06,-0.00916282
2.0918877e-06,-0.00752597
2.0919377e-06,-0.00722079
2.0919877e-06,-0.00328125
2.0920377e-06,0.00279452
2.0920877e-06,0.00271129
2.0921377e-06,-0.00680464
2.0921877e-06,-0.0176523
2.0922377e-06,-0.0194278
2.0922877e-06,-0.0114378
2.0923377e-06,-0.00225475
2.0923877e-06,0.000519576
2.0924377e-06,-0.0028651
2.0924877e-06,-0.00699885
2.0925377e-06,-0.00860795
2.0925877e-06,-0.00913508
2.0926377e-06,-0.0108274
2.0926877e-06,-0.0129914
2.0927377e-06,-0.013463
2.0927877e-06,-0.0124643
2.0928377e-06,-0.0124088
2.0928877e-06,-0.013685
2.0929377e-06,-0.0132966
2.0929877e-06,-0.00905185
2.0930377e-06,-0.00275413
2.0930877e-06,0.00235063
2.0931377e-06,0.00531916
2.0931877e-06,0.00579079
2.0932377e-06,0.00146285
2.0932877e-06,-0.00835827
2.0933377e-06,-0.0181239
2.0933877e-06,-0.0199827
2.0934377e-06,-0.0129359
2.0934877e-06,-0.00411355
2.0935377e-06,-0.000368208
2.0935877e-06,-0.00297607
2.0936377e-06,-0.00980091
2.0936877e-06,-0.0170142
2.0937377e-06,-0.018651
2.0937877e-06,-0.0109384
2.0938377e-06,0.000713778
2.0938877e-06,0.00487527
2.0939377e-06,-0.00314253
2.0939877e-06,-0.0159599
2.0940377e-06,-0.0223131
2.0940877e-06,-0.01768
2.0941377e-06,-0.00624978
2.0941877e-06,0.00254483
2.0942377e-06,0.000935724
2.0942877e-06,-0.0104113
2.0943377e-06,-0.0213976
2.0943877e-06,-0.0219525
2.0944377e-06,-0.0126862
2.0944877e-06,-0.0036974
2.0945377e-06,-0.00200506
2.0945877e-06,-0.00480713
2.0946377e-06,-0.00666593
2.0946877e-06,-0.00769243
2.0947377e-06,-0.00938477
2.0947877e-06,-0.00907959
2.0948377e-06,-0.00558394
2.0948877e-06,-0.00508456
2.0949377e-06,-0.0124088
2.0949877e-06,-0.0206208
2.0950377e-06,-0.0193446
2.0950877e-06,-0.0116597
2.0951377e-06,-0.0107719
2.0951877e-06,-0.0198995
2.0952377e-06,-0.0264746
2.0952877e-06,-0.0203156
2.0953377e-06,-0.00788663
2.0953877e-06,-0.00189409
2.0954377e-06,-0.0045297
2.0954877e-06,-0.00838601
2.0955377e-06,-0.00921831
2.0955877e-06,-0.00930154
2.0956377e-06,-0.0100506
2.0956877e-06,-0.00944025
2.0957377e-06,-0.00738725
2.0957877e-06,-0.00724854
2.0958377e-06,-0.0101338
2.0958877e-06,-0.0125752
2.0959377e-06,-0.0119649
2.0959877e-06,-0.0100506
2.0960377e-06,-0.0090241
2.0960877e-06,-0.00783114
2.0961377e-06,-0.00516779
2.0961877e-06,-0.00189409
2.0962377e-06,0.000464089
2.0962877e-06,0.000741522
2.0963377e-06,-0.00242121
2.0963877e-06,-0.00866344
2.0964377e-06,-0.013574
2.0964877e-06,-0.012714
2.0965377e-06,-0.0076092
2.0965877e-06,-0.00414129
2.0966377e-06,-0.00536199
2.0966877e-06,-0.00932928
2.0967377e-06,-0.0121868
2.0967877e-06,-0.0106887
2.0968377e-06,-0.00391934
2.0968877e-06,0.00384877
2.0969377e-06,0.00462558
2.0969877e-06,-0.00383612
2.0970377e-06,-0.0130191
2.0970877e-06,-0.0141843
2.0971377e-06,-0.0102171
2.0971877e-06,-0.00993963
2.0972377e-06,-0.0134075
2.0972877e-06,-0.0122701
2.0973377e-06,-0.0038916
2.0973877e-06,0.00373779
2.0974377e-06,0.00321067
2.0974877e-06,-0.0035032
2.0975377e-06,-0.0101338
2.0975877e-06,-0.0139901
2.0976377e-06,-0.0149612
2.0976877e-06,-0.0116875
2.0977377e-06,-0.00433549
2.0977877e-06,0.00204545
2.0978377e-06,0.00221191
2.0978877e-06,-0.00275413
2.0979377e-06,-0.00702659
2.0979877e-06,-0.00741499
2.0980377e-06,-0.00591686
2.0980877e-06,-0.00563943
2.0981377e-06,-0.00710982
2.0981877e-06,-0.00860795
2.0982377e-06,-0.00888539
2.0982877e-06,-0.00855247
2.0983377e-06,-0.00858021
2.0983877e-06,-0.00930154
2.0984377e-06,-0.0115487
2.0984877e-06,-0.0164038
2.0985377e-06,-0.020815
2.0985877e-06,-0.0183181
2.0986377e-06,-0.00816406
2.0986877e-06,-0.000174006
2.0987377e-06,-0.00319802
2.0987877e-06,-0.0116875
2.0988377e-06,-0.0121868
2.0988877e-06,-0.00242121
2.0989377e-06,0.00509721
2.0989877e-06,0.00013117
2.0990377e-06,-0.0123256
2.0990877e-06,-0.0203711
2.0991377e-06,-0.0202324
2.0991877e-06,-0.0172361
2.0992377e-06,-0.0152108
2.0992877e-06,-0.0128527
2.0993377e-06,-0.00971768
2.0993877e-06,-0.00880216
2.0994377e-06,-0.0109384
2.0994877e-06,-0.0123533
2.0995377e-06,-0.0112436
2.0995877e-06,-0.0109661
2.0996377e-06,-0.0137127
2.0996877e-06,-0.0159322
2.0997377e-06,-0.0141011
2.0997877e-06,-0.0112436
2.0998377e-06,-0.0124088
2.0998877e-06,-0.0164593
2.0999377e-06,-0.0178465
2.0999877e-06,-0.014767
2.1000377e-06,-0.01141
2.1000877e-06,-0.0109106
2.1001377e-06,-0.0113545
2.1001877e-06,-0.0098564
2.1002377e-06,-0.00808083
2.1002877e-06,-0.0096622
2.1003377e-06,-0.0140179
2.1003877e-06,-0.0161264
2.1004377e-06,-0.0134908
2.1004877e-06,-0.00963445
2.1005377e-06,-0.00888539
2.1005877e-06,-0.0102448
2.1006377e-06,-0.00957897
2.1006877e-06,-0.00591686
2.1007377e-06,-0.00239347
2.1007877e-06,-0.00133922
2.1008377e-06,-0.00178311
2.1008877e-06,-0.00206055
2.1009377e-06,-0.00269864
2.1009877e-06,-0.00500133
2.1010377e-06,-0.00830278
2.1010877e-06,-0.00999512
2.1011377e-06,-0.0084415
2.1011877e-06,-0.00577814
2.1012377e-06,-0.00624978
2.1012877e-06,-0.0108274
2.1013377e-06,-0.0143231
2.1013877e-06,-0.0109939
2.1014377e-06,-0.00333674
2.1014877e-06,-7.54616e-06
2.1015377e-06,-0.00433549
2.1015877e-06,-0.00968994
2.1016377e-06,-0.00894087
2.1016877e-06,-0.00394709
2.1017377e-06,-0.00169988
2.1017877e-06,-0.0049181
2.1018377e-06,-0.0103558
2.1018877e-06,-0.014434
2.1019377e-06,-0.0161819
2.1019877e-06,-0.015627
2.1020377e-06,-0.0124643
2.1020877e-06,-0.00805309
2.1021377e-06,-0.00544522
2.1021877e-06,-0.00672141
2.1022377e-06,-0.0102725
2.1022877e-06,-0.0130746
2.1023377e-06,-0.0142676
2.1023877e-06,-0.0156547
2.1024377e-06,-0.0179297
2.1024877e-06,-0.0185123
2.1025377e-06,-0.0143231
2.1025877e-06,-0.0067769
2.1026377e-06,-0.00181086
2.1026877e-06,-0.0026709
2.1027377e-06,-0.00566717
2.1027877e-06,-0.0067769
2.1028377e-06,-0.00891313
2.1028877e-06,-0.0163761
2.1029377e-06,-0.0241442
2.1029877e-06,-0.0220079
2.1030377e-06,-0.00980091
2.1030877e-06,0.00013117
2.1031377e-06,-0.00122825
2.1031877e-06,-0.00869118
2.1032377e-06,-0.0119094
2.1032877e-06,-0.00891313
2.1033377e-06,-0.00552845
2.1033877e-06,-0.00519553
2.1034377e-06,-0.00572266
2.1034877e-06,-0.00483487
2.1035377e-06,-0.00311479
2.1035877e-06,-0.000756614
2.1036377e-06,0.00268355
2.1036877e-06,0.00462558
2.1037377e-06,0.00154608
2.1037877e-06,-0.00375289
2.1038377e-06,-0.00444647
2.1038877e-06,-0.00125599
2.1039377e-06,-0.00328125
2.1039877e-06,-0.0128249
2.1040377e-06,-0.0192891
2.1040877e-06,-0.0146282
2.1041377e-06,-0.00652721
2.1041877e-06,-0.0069711
2.1042377e-06,-0.0136572
2.1042877e-06,-0.0147392
2.1043377e-06,-0.00855247
2.1043877e-06,-0.00563943
2.1044377e-06,-0.00993963
2.1044877e-06,-0.0117984
2.1045377e-06,-0.00375289
2.1045877e-06,0.0065676
2.1046377e-06,0.00690052
2.1046877e-06,-0.00347545
2.1047377e-06,-0.013574
2.1047877e-06,-0.0140456
2.1048377e-06,-0.00602783
2.1048877e-06,0.00110218
2.1049377e-06,-0.00103405
2.1049877e-06,-0.0106055
2.1050377e-06,-0.0163206
2.1050877e-06,-0.0107997
2.1051377e-06,-0.0020328
2.1051877e-06,-0.00394709
2.1052377e-06,-0.0155993
2.1052877e-06,-0.0206485
2.1053377e-06,-0.0109384
2.1053877e-06,0.00121316
2.1054377e-06,0.000741522
2.1054877e-06,-0.00963445
2.1055377e-06,-0.0160709
2.1055877e-06,-0.0131024
2.1056377e-06,-0.00702659
2.1056877e-06,-0.00425226
2.1057377e-06,-0.00464067
2.1057877e-06,-0.00541748
2.1058377e-06,-0.00505682
2.1058877e-06,-0.00264316
2.1059377e-06,0.00196222
2.1059877e-06,0.00595725
2.1060377e-06,0.00476429
2.1060877e-06,-0.00255993
2.1061377e-06,-0.00977317
2.1061877e-06,-0.00921831
2.1062377e-06,-0.0020328
2.1062877e-06,0.00151833
2.1063377e-06,-0.00530651
2.1063877e-06,-0.0160154
2.1064377e-06,-0.0185678
2.1064877e-06,-0.0104945
2.1065377e-06,-0.00122825
2.1065877e-06,0.000186657
2.1066377e-06,-0.00597235
2.1066877e-06,-0.0137127
2.1067377e-06,-0.0184013
2.1067877e-06,-0.0184846
2.1068377e-06,-0.0145728
2.1068877e-06,-0.0096622
2.1069377e-06,-0.00819181
2.1069877e-06,-0.0117152
2.1070377e-06,-0.0167922
2.1070877e-06,-0.0182349
2.1071377e-06,-0.0152108
2.1071877e-06,-0.0117152
2.1072377e-06,-0.0105777
2.1072877e-06,-0.00993963
2.1073377e-06,-0.00719305
2.1073877e-06,-0.00325351
2.1074377e-06,-0.000617898
2.1074877e-06,-7.54616e-06
2.1075377e-06,-0.00114502
2.1075877e-06,-0.00444647
2.1076377e-06,-0.00960671
2.1076877e-06,-0.014434
2.1077377e-06,-0.0168477
2.1077877e-06,-0.0155715
2.1078377e-06,-0.0101893
2.1078877e-06,-0.00217152
2.1079377e-06,0.00401523
2.1079877e-06,0.00459783
2.1080377e-06,0.00112993
2.1080877e-06,-0.00178311
2.1081377e-06,-0.0026709
2.1081877e-06,-0.00353094
2.1082377e-06,-0.00475164
2.1082877e-06,-0.00464067
2.1083377e-06,-0.00322576
2.1083877e-06,-0.00341997
2.1084377e-06,-0.00686013
2.1084877e-06,-0.0108829
2.1085377e-06,-0.00999512
2.1085877e-06,-0.0016444
2.1086377e-06,0.00873158
2.1086877e-06,0.0104239
2.1087377e-06,-0.000312722
2.1087877e-06,-0.0131301
2.1088377e-06,-0.014656
2.1088877e-06,-0.0059446
2.1089377e-06,-0.0010063
2.1089877e-06,-0.00663818
2.1090377e-06,-0.0136572
2.1090877e-06,-0.0116042
2.1091377e-06,-0.0035032
2.1091877e-06,0.000103427
2.1092377e-06,-0.00353094
2.1092877e-06,-0.00827504
2.1093377e-06,-0.010328
2.1093877e-06,-0.0122146
2.1094377e-06,-0.0154883
2.1094877e-06,-0.0164316
2.1095377e-06,-0.0118262
2.1095877e-06,-0.00516779
2.1096377e-06,-0.0035032
2.1096877e-06,-0.00874667
2.1097377e-06,-0.0142953
2.1097877e-06,-0.0114933
2.1098377e-06,-0.000284979
2.1098877e-06,0.00884255
2.1099377e-06,0.00653986
2.1099877e-06,-0.00325351
2.1100377e-06,-0.00841375
2.1100877e-06,-0.0049181
2.1101377e-06,-0.000479181
2.1101877e-06,-0.00111728
2.1102377e-06,-0.00244895
2.1102877e-06,0.000575062
2.1103377e-06,0.00376554
2.1103877e-06,7.56836e-05
2.1104377e-06,-0.0088299
2.1104877e-06,-0.0153218
2.1105377e-06,-0.0163206
2.1105877e-06,-0.0146282
2.1106377e-06,-0.0113823
2.1106877e-06,-0.00536199
2.1107377e-06,0.000824751
2.1107877e-06,0.00112993
2.1108377e-06,-0.0055562
2.1108877e-06,-0.0130469
2.1109377e-06,-0.0157102
2.1109877e-06,-0.0139069
2.1110377e-06,-0.00996737
2.1110877e-06,-0.00466841
2.1111377e-06,-0.000229492
2.1111877e-06,-0.000673384
2.1112377e-06,-0.00525102
2.1112877e-06,-0.0069711
2.1113377e-06,-0.00214378
2.1113877e-06,0.0030997
2.1114377e-06,0.000991211
2.1114877e-06,-0.00624978
2.1115377e-06,-0.00860795
2.1115877e-06,-0.0018386
2.1116377e-06,0.00551336
2.1116877e-06,0.00193448
2.1117377e-06,-0.011632
2.1117877e-06,-0.0215086
2.1118377e-06,-0.0180961
2.1118877e-06,-0.00796986
2.1119377e-06,-0.00455744
2.1119877e-06,-0.0101893
2.1120377e-06,-0.0151554
2.1120877e-06,-0.012603
2.1121377e-06,-0.0069711
2.1121877e-06,-0.00588912
2.1122377e-06,-0.00996737
2.1122877e-06,-0.0135463
2.1123377e-06,-0.0118262
2.1123877e-06,-0.00525102
2.1124377e-06,0.00135187
2.1124877e-06,0.00343262
2.1125377e-06,0.000491832
2.1125877e-06,-0.00466841
2.1126377e-06,-0.00968994
2.1126877e-06,-0.0141011
2.1127377e-06,-0.0172638
2.1127877e-06,-0.0174303
2.1128377e-06,-0.0135185
2.1128877e-06,-0.00644398
2.1129377e-06,0.000353116
2.1129877e-06,0.00265581
2.1130377e-06,-0.00125599
2.1130877e-06,-0.00802535
2.1131377e-06,-0.0114655
2.1131877e-06,-0.00849698
2.1132377e-06,-0.00269864
2.1132877e-06,-0.00172763
2.1133377e-06,-0.00921831
2.1133877e-06,-0.0188452
2.1134377e-06,-0.0195111
2.1134877e-06,-0.00910733
2.1135377e-06,0.00110218
2.1135877e-06,-0.000174006
2.1136377e-06,-0.00944025
2.1136877e-06,-0.0139901
2.1137377e-06,-0.00941251
2.1137877e-06,-0.00439098
2.1138377e-06,-0.00716531
2.1138877e-06,-0.0141843
2.1139377e-06,-0.0158212
2.1139877e-06,-0.00963445
2.1140377e-06,-0.00333674
2.1140877e-06,-0.00497359
2.1141377e-06,-0.0126862
2.1141877e-06,-0.0169864
2.1142377e-06,-0.0127694
2.1142877e-06,-0.00563943
2.1143377e-06,-0.00466841
2.1143877e-06,-0.0106332
2.1144377e-06,-0.0156547
2.1144877e-06,-0.0138237
2.1145377e-06,-0.00846924
2.1145877e-06,-0.00691562
2.1146377e-06,-0.0108274
2.1146877e-06,-0.0141289
2.1147377e-06,-0.0105777
2.1147877e-06,-0.00214378
2.1148377e-06,0.00276678
2.1148877e-06,0.000353116
2.1149377e-06,-0.00378063
2.1149877e-06,-0.00383612
2.1150377e-06,-0.00283736
2.1150877e-06,-0.00602783
2.1151377e-06,-0.0103558
2.1151877e-06,-0.00988414
2.1152377e-06,-0.00824729
2.1152877e-06,-0.0144063
2.1153377e-06,-0.0256423
2.1153877e-06,-0.0269185
2.1154377e-06,-0.0119094
2.1154877e-06,0.00548562
2.1155377e-06,0.00762185
2.1155877e-06,-0.00516779
2.1156377e-06,-0.0169032
2.1156877e-06,-0.0160709
2.1157377e-06,-0.00624978
2.1157877e-06,0.00151833
2.1158377e-06,0.000991211
2.1158877e-06,-0.00577814
2.1159377e-06,-0.0125475
2.1159877e-06,-0.0145173
2.1160377e-06,-0.0120204
2.1160877e-06,-0.009468
2.1161377e-06,-0.00982866
2.1161877e-06,-0.0103003
2.1162377e-06,-0.00627752
2.1162877e-06,0.00101895
2.1163377e-06,0.00473655
2.1163877e-06,0.000630549
2.1164377e-06,-0.00852472
2.1164877e-06,-0.01682
2.1165377e-06,-0.0196498
2.1165877e-06,-0.0154328
2.1166377e-06,-0.00738725
2.1166877e-06,-0.00253218
2.1167377e-06,-0.00516779
2.1167877e-06,-0.0118262
2.1168377e-06,-0.0152108
2.1168877e-06,-0.0122701
2.1169377e-06,-0.00644398
2.1169877e-06,-0.00353094
2.1170377e-06,-0.00627752
2.1170877e-06,-0.0113823
2.1171377e-06,-0.0118539
2.1171877e-06,-0.00433549
2.1172377e-06,0.00559659
2.1172877e-06,0.0082322
2.1173377e-06,0.000935724
2.1173877e-06,-0.00846924
2.1174377e-06,-0.0110216
2.1174877e-06,-0.00688787
2.1175377e-06,-0.00428001
2.1175877e-06,-0.00910733
2.1176377e-06,-0.0183458
2.1176877e-06,-0.0242829
2.1177377e-06,-0.0227293
2.1177877e-06,-0.0153773
2.1178377e-06,-0.0065827
2.1178877e-06,-9.07759e-05
2.1179377e-06,0.00176802
2.1179877e-06,-0.000174006
2.1180377e-06,-0.00228249
2.1180877e-06,-0.00308705
2.1181377e-06,-0.00552845
2.1181877e-06,-0.0106887
2.1182377e-06,-0.0132966
2.1182877e-06,-0.0098564
2.1183377e-06,-0.00647172
2.1183877e-06,-0.0104668
2.1184377e-06,-0.0173748
2.1184877e-06,-0.0166535
2.1185377e-06,-0.00855247
2.1185877e-06,-0.00469616
2.1186377e-06,-0.0109384
2.1186877e-06,-0.0190394
2.1187377e-06,-0.0188452
2.1187877e-06,-0.0114933
2.1188377e-06,-0.00602783
2.1188877e-06,-0.00713756
2.1189377e-06,-0.0108829
2.1189877e-06,-0.0116042
2.1190377e-06,-0.00819181
2.1190877e-06,-0.00358643
2.1191377e-06,-0.000867587
2.1191877e-06,-0.000506925
2.1192377e-06,-0.000506925
2.1192877e-06,0.000991211
2.1193377e-06,0.00362682
2.1193877e-06,0.00529142
2.1194377e-06,0.00470881
2.1194877e-06,0.00296098
2.1195377e-06,0.00204545
2.1195877e-06,0.00237837
2.1196377e-06,0.0024616
2.1196877e-06,0.00101895
2.1197377e-06,-0.00139471
2.1197877e-06,-0.00336448
2.1198377e-06,-0.00450195
2.1198877e-06,-0.00508456
2.1199377e-06,-0.00489036
2.1199877e-06,-0.00464067
2.1200377e-06,-0.00647172
2.1200877e-06,-0.0107442
2.1201377e-06,-0.013685
2.1201877e-06,-0.0117984
2.1202377e-06,-0.00752597
2.1202877e-06,-0.00641624
2.1203377e-06,-0.00916282
2.1203877e-06,-0.010661
2.1204377e-06,-0.00755371
2.1204877e-06,-0.00292059
2.1205377e-06,-0.00186634
2.1205877e-06,-0.00502907
2.1206377e-06,-0.00833052
2.1206877e-06,-0.00827504
2.1207377e-06,-0.00558394
2.1207877e-06,-0.00386386
2.1208377e-06,-0.00505682
2.1208877e-06,-0.00727628
2.1209377e-06,-0.00774791
2.1209877e-06,-0.00722079
2.1210377e-06,-0.00932928
2.1210877e-06,-0.0150166
2.1211377e-06,-0.0198717
2.1211877e-06,-0.018873
2.1212377e-06,-0.0125475
2.1212877e-06,-0.00663818
2.1213377e-06,-0.00566717
2.1213877e-06,-0.00852472
2.1214377e-06,-0.010328
2.1214877e-06,-0.00860795
2.1215377e-06,-0.00638849
2.1215877e-06,-0.00805309
2.1216377e-06,-0.0125198
2.1216877e-06,-0.0138514
2.1217377e-06,-0.00955123
2.1217877e-06,-0.00447421
2.1218377e-06,-0.00414129
2.1218877e-06,-0.0076092
2.1219377e-06,-0.0104945
2.1219877e-06,-0.011632
2.1220377e-06,-0.0121313
2.1220877e-06,-0.0114933
2.1221377e-06,-0.00749822
2.1221877e-06,0.00013117
2.1222377e-06,0.00748313
2.1222877e-06,0.00776056
2.1223377e-06,-0.00261541
2.1223877e-06,-0.0180407
2.1224377e-06,-0.0277231
2.1224877e-06,-0.0271682
2.1225377e-06,-0.0212311
2.1225877e-06,-0.0150444
2.1226377e-06,-0.00849698
2.1226877e-06,-0.00225475
2.1227377e-06,-0.0014502
2.1227877e-06,-0.00788663
2.1228377e-06,-0.0142953
2.1228877e-06,-0.0125752
2.1229377e-06,-0.00469616
2.1229877e-06,0.0002144
2.1230377e-06,-0.00253218
2.1230877e-06,-0.00968994
2.1231377e-06,-0.0155993
2.1231877e-06,-0.0165703
2.1232377e-06,-0.0109384
2.1232877e-06,-0.000617898
2.1233377e-06,0.00753862
2.1233877e-06,0.00620694
2.1234377e-06,-0.00525102
2.1234877e-06,-0.0190394
2.1235377e-06,-0.0253926
2.1235877e-06,-0.0204543
2.1236377e-06,-0.00916282
2.1236877e-06,-0.00133922
2.1237377e-06,-0.00353094
2.1237877e-06,-0.0128527
2.1238377e-06,-0.0201769
2.1238877e-06,-0.0205376
2.1239377e-06,-0.0177077
2.1239877e-06,-0.0171529
2.1240377e-06,-0.0177355
2.1240877e-06,-0.0154883
2.1241377e-06,-0.0115487
2.1241877e-06,-0.0100506
2.1242377e-06,-0.00982866
2.1242877e-06,-0.00600009
2.1243377e-06,0.000186657
2.1243877e-06,0.000963468
2.1244377e-06,-0.00652721
2.1244877e-06,-0.0145728
2.1245377e-06,-0.0142121
2.1245877e-06,-0.00652721
2.1246377e-06,-0.00125599
2.1246877e-06,-0.0051123
2.1247377e-06,-0.014545
2.1247877e-06,-0.0206485
2.1248377e-06,-0.0192336
2.1248877e-06,-0.0136017
2.1249377e-06,-0.00802535
2.1249877e-06,-0.00328125
2.1250377e-06,0.000269886
2.1250877e-06,-0.000146262
2.1251377e-06,-0.00558394
2.1251877e-06,-0.0117152
2.1252377e-06,-0.0134908
2.1252877e-06,-0.0109384
2.1253377e-06,-0.0076092
2.1253877e-06,-0.00461293
2.1254377e-06,-0.000867587
2.1254877e-06,0.00107444
2.1255377e-06,-0.00405806
2.1255877e-06,-0.0149334
2.1256377e-06,-0.0207872
2.1256877e-06,-0.0137127
2.1257377e-06,7.56836e-05
2.1257877e-06,0.00756636
2.1258377e-06,0.00493075
2.1258877e-06,-0.00139471
2.1259377e-06,-0.00627752
2.1259877e-06,-0.0100783
2.1260377e-06,-0.0121036
2.1260877e-06,-0.00941251
2.1261377e-06,-0.00450195
2.1261877e-06,-0.00550071
2.1262377e-06,-0.014656
2.1262877e-06,-0.022646
2.1263377e-06,-0.0199827
2.1263877e-06,-0.0088299
2.1264377e-06,4.79403e-05
2.1264877e-06,-0.000257235
2.1265377e-06,-0.00755371
2.1265877e-06,-0.0149057
2.1266377e-06,-0.0173193
2.1266877e-06,-0.0147115
2.1267377e-06,-0.00993963
2.1267877e-06,-0.00480713
2.1268377e-06,0.000880238
2.1268877e-06,0.00559659
2.1269377e-06,0.00465332
2.1269877e-06,-0.00430775
2.1270377e-06,-0.0159877
2.1270877e-06,-0.0213144
2.1271377e-06,-0.0165703
2.1271877e-06,-0.00719305
2.1272377e-06,-0.00278187
2.1272877e-06,-0.0078034
2.1273377e-06,-0.0163206
2.1273877e-06,-0.0173471
2.1274377e-06,-0.00741499
2.1274877e-06,0.00420943
2.1275377e-06,0.00631792
2.1275877e-06,-0.000923074
2.1276377e-06,-0.00858021
2.1276877e-06,-0.0113268
2.1277377e-06,-0.010439
2.1277877e-06,-0.00705433
2.1278377e-06,-0.00136697
2.1278877e-06,0.000991211
2.1279377e-06,-0.0069711
2.1279877e-06,-0.0213421
2.1280377e-06,-0.027834
2.1280877e-06,-0.0192336
2.1281377e-06,-0.00527876
2.1281877e-06,0.00013117
2.1282377e-06,-0.00419678
2.1282877e-06,-0.00896862
2.1283377e-06,-0.0096622
2.1283877e-06,-0.0107719
2.1284377e-06,-0.014545
2.1284877e-06,-0.0146005
2.1285377e-06,-0.00661044
2.1285877e-06,0.00210094
2.1286377e-06,0.00157382
2.1286877e-06,-0.00619429
2.1287377e-06,-0.0105777
2.1287877e-06,-0.0079976
2.1288377e-06,-0.00563943
2.1288877e-06,-0.00977317
2.1289377e-06,-0.0163483
2.1289877e-06,-0.0161819
2.1290377e-06,-0.00605558
2.1290877e-06,0.00662309
2.1291377e-06,0.0110343
2.1291877e-06,0.00448686
2.1292377e-06,-0.00455744
2.1292877e-06,-0.00683239
2.1293377e-06,-0.00366966
2.1293877e-06,-0.00344771
2.1294377e-06,-0.00899636
2.1294877e-06,-0.0141566
2.1295377e-06,-0.0136572
2.1295877e-06,-0.0098564
2.1296377e-06,-0.00735951
2.1296877e-06,-0.0067769
2.1297377e-06,-0.00672141
2.1297877e-06,-0.00744274
2.1298377e-06,-0.00910733
2.1298877e-06,-0.00949574
2.1299377e-06,-0.00727628
2.1299877e-06,-0.00489036
2.1300377e-06,-0.00530651
2.1300877e-06,-0.00716531
2.1301377e-06,-0.00727628
2.1301877e-06,-0.00597235
2.1302377e-06,-0.00636075
2.1302877e-06,-0.00838601
2.1303377e-06,-0.00833052
2.1303877e-06,-0.00514005
2.1304377e-06,-0.00244895
2.1304877e-06,-0.00355868
2.1305377e-06,-0.00686013
2.1305877e-06,-0.00924605
2.1306377e-06,-0.0107719
2.1306877e-06,-0.0131856
2.1307377e-06,-0.0151554
2.1307877e-06,-0.0134353
2.1308377e-06,-0.00860795
2.1308877e-06,-0.00613881
2.1309377e-06,-0.00910733
2.1309877e-06,-0.0127694
2.1310377e-06,-0.0096622
2.1310877e-06,-0.000257235
2.1311377e-06,0.00509721
2.1311877e-06,-0.00255993
2.1312377e-06,-0.0175135
2.1312877e-06,-0.0226183
2.1313377e-06,-0.00921831
2.1313877e-06,0.00986905
2.1314377e-06,0.0138363
2.1314877e-06,-0.000728871
2.1315377e-06,-0.0151831
2.1315877e-06,-0.0119926
2.1316377e-06,0.00371005
2.1316877e-06,0.0108678
2.1317377e-06,-0.00125599
2.1317877e-06,-0.0205376
2.1318377e-06,-0.0273069
2.1318877e-06,-0.0182349
2.1319377e-06,-0.00866344
2.1319877e-06,-0.0113268
2.1320377e-06,-0.0203156
2.1320877e-06,-0.0213699
2.1321377e-06,-0.011521
2.1321877e-06,-0.000923074
2.1322377e-06,0.00149059
2.1322877e-06,-0.00375289
2.1323377e-06,-0.0105222
2.1323877e-06,-0.0127972
2.1324377e-06,-0.00874667
2.1324877e-06,-0.00325351
2.1325377e-06,-0.00380837
2.1325877e-06,-0.0104668
2.1326377e-06,-0.0149334
2.1326877e-06,-0.0123256
2.1327377e-06,-0.00788663
2.1327877e-06,-0.00896862
2.1328377e-06,-0.0143786
2.1328877e-06,-0.016487
2.1329377e-06,-0.0111881
2.1329877e-06,-0.00355868
2.1330377e-06,-0.00269864
2.1330877e-06,-0.0109939
2.1331377e-06,-0.019733
2.1331877e-06,-0.0186233
2.1332377e-06,-0.00880216
2.1332877e-06,-0.00161665
2.1333377e-06,-0.00400257
2.1333877e-06,-0.0100783
2.1334377e-06,-0.0101338
2.1334877e-06,-0.00486262
2.1335377e-06,-0.00383612
2.1335877e-06,-0.0106887
2.1336377e-06,-0.0171806
2.1336877e-06,-0.0160709
2.1337377e-06,-0.012381
2.1337877e-06,-0.0141843
2.1338377e-06,-0.0184013
2.1338877e-06,-0.0164316
2.1339377e-06,-0.00996737
2.1339877e-06,-0.00869118
2.1340377e-06,-0.0133521
2.1340877e-06,-0.0138237
2.1341377e-06,-0.00633301
2.1341877e-06,-0.000784357
2.1342377e-06,-0.00577814
2.1342877e-06,-0.0157657
2.1343377e-06,-0.0196775
2.1343877e-06,-0.0152108
2.1344377e-06,-0.00941251
2.1344877e-06,-0.00849698
2.1345377e-06,-0.0121036
2.1345877e-06,-0.0149057
2.1346377e-06,-0.0116042
2.1346877e-06,-0.00264316
2.1347377e-06,0.00448686
2.1347877e-06,0.00262806
2.1348377e-06,-0.00661044
2.1348877e-06,-0.0142398
2.1349377e-06,-0.0143231
2.1349877e-06,-0.0101061
2.1350377e-06,-0.00866344
2.1350877e-06,-0.0112158
2.1351377e-06,-0.0129914
2.1351877e-06,-0.011632
2.1352377e-06,-0.0104668
2.1352877e-06,-0.0110216
2.1353377e-06,-0.00855247
2.1353877e-06,-0.00097856
2.1354377e-06,0.00332164
2.1354877e-06,-0.00455744
2.1355377e-06,-0.0184291
2.1355877e-06,-0.0219525
2.1356377e-06,-0.0105777
2.1356877e-06,0.000658292
2.1357377e-06,-0.00250444
2.1357877e-06,-0.0140179
2.1358377e-06,-0.0169309
2.1358877e-06,-0.00738725
2.1359377e-06,0.00110218
2.1359877e-06,-0.00231024
2.1360377e-06,-0.0121313
2.1360877e-06,-0.0160709
2.1361377e-06,-0.0112991
2.1361877e-06,-0.00455744
2.1362377e-06,-0.00150568
2.1362877e-06,-0.00258767
2.1363377e-06,-0.0067769
2.1363877e-06,-0.0122423
2.1364377e-06,-0.0144063
2.1364877e-06,-0.0100506
2.1365377e-06,-0.00311479
2.1365877e-06,-0.000867587
2.1366377e-06,-0.00414129
2.1366877e-06,-0.00708208
2.1367377e-06,-0.00586137
2.1367877e-06,-0.00255993
2.1368377e-06,-0.000506925
2.1368877e-06,-0.00108953
2.1369377e-06,-0.00403032
2.1369877e-06,-0.00638849
2.1370377e-06,-0.0030593
2.1370877e-06,0.005985
2.1371377e-06,0.011062
2.1371877e-06,0.00323841
2.1372377e-06,-0.0114933
2.1372877e-06,-0.0169864
2.1373377e-06,-0.00860795
2.1373877e-06,7.56836e-05
2.1374377e-06,-0.00344771
2.1374877e-06,-0.0129359
2.1375377e-06,-0.0138237
2.1375877e-06,-0.00527876
2.1376377e-06,-0.000479181
2.1376877e-06,-0.00613881
2.1377377e-06,-0.0127694
2.1377877e-06,-0.00938477
2.1378377e-06,0.000797008
2.1378877e-06,0.00579079
2.1379377e-06,0.00140736
2.1379877e-06,-0.00508456
2.1380377e-06,-0.00694336
2.1380877e-06,-0.00630526
2.1381377e-06,-0.00827504
2.1381877e-06,-0.0125475
2.1382377e-06,-0.015627
2.1382877e-06,-0.0162928
2.1383377e-06,-0.0150721
2.1383877e-06,-0.0112713
2.1384377e-06,-0.00550071
2.1384877e-06,-0.00214378
2.1385377e-06,-0.00411355
2.1385877e-06,-0.00705433
2.1386377e-06,-0.00391934
2.1386877e-06,0.00493075
2.1387377e-06,0.0110065
2.1387877e-06,0.00728893
2.1388377e-06,-0.00422452
2.1388877e-06,-0.0149889
2.1389377e-06,-0.0173471
2.1389877e-06,-0.0111048
2.1390377e-06,-0.00439098
2.1390877e-06,-0.00666593
2.1391377e-06,-0.0177077
2.1391877e-06,-0.0261139
2.1392377e-06,-0.0225351
2.1392877e-06,-0.0119649
2.1393377e-06,-0.0076092
2.1393877e-06,-0.0136017
2.1394377e-06,-0.0206208
2.1394877e-06,-0.0190117
2.1395377e-06,-0.0101061
2.1395877e-06,-0.00214378
2.1396377e-06,0.000103427
2.1396877e-06,-0.00186634
2.1397377e-06,-0.00464067
2.1397877e-06,-0.0067769
2.1398377e-06,-0.00930154
2.1398877e-06,-0.0134908
2.1399377e-06,-0.0175135
2.1399877e-06,-0.0157935
2.1400377e-06,-0.00616655
2.1400877e-06,0.00420943
2.1401377e-06,0.00526367
2.1401877e-06,-0.00236572
2.1402377e-06,-0.0076092
2.1402877e-06,-0.0049181
2.1403377e-06,-0.00150568
2.1403877e-06,-0.00436324
2.1404377e-06,-0.00835827
2.1404877e-06,-0.0055562
2.1405377e-06,0.000575062
2.1405877e-06,0.000408603
2.1406377e-06,-0.00624978
2.1406877e-06,-0.0103558
2.1407377e-06,-0.00791437
2.1407877e-06,-0.00458518
2.1408377e-06,-0.00536199
2.1408877e-06,-0.00785889
2.1409377e-06,-0.00766468
2.1409877e-06,-0.00405806
2.1410377e-06,0.00149059
2.1410877e-06,0.00748313
2.1411377e-06,0.0103129
2.1411877e-06,0.00512496
2.1412377e-06,-0.00777566
2.1412877e-06,-0.0199549
2.1413377e-06,-0.0213976
2.1413877e-06,-0.0112436
2.1414377e-06,-0.000257235
2.1414877e-06,-0.000451438
2.1415377e-06,-0.0118539
2.1415877e-06,-0.0223964
2.1416377e-06,-0.021897
2.1416877e-06,-0.0133798
2.1417377e-06,-0.00713756
2.1417877e-06,-0.0067769
2.1418377e-06,-0.00694336
2.1418877e-06,-0.00372514
2.1419377e-06,-0.000950817
2.1419877e-06,-0.00341997
2.1420377e-06,-0.00907959
2.1420877e-06,-0.0129636
2.1421377e-06,-0.0146837
2.1421877e-06,-0.0162928
2.1422377e-06,-0.0159877
2.1422877e-06,-0.0114933
2.1423377e-06,-0.00738725
2.1423877e-06,-0.0107719
2.1424377e-06,-0.0195665
2.1424877e-06,-0.022757
2.1425377e-06,-0.0150444
2.1425877e-06,-0.0047239
2.1426377e-06,-0.00269864
2.1426877e-06,-0.00835827
2.1427377e-06,-0.0115765
2.1427877e-06,-0.00630526
2.1428377e-06,0.00248935
2.1428877e-06,0.00518044
2.1429377e-06,-0.00169988
2.1429877e-06,-0.0109661
2.1430377e-06,-0.0116042
2.1430877e-06,-0.00167214
2.1431377e-06,0.00731667
2.1431877e-06,0.00382102
2.1432377e-06,-0.00802535
2.1432877e-06,-0.0130469
2.1433377e-06,-0.00541748
2.1433877e-06,0.0041262
2.1434377e-06,0.00354359
2.1434877e-06,-0.00530651
2.1435377e-06,-0.0118539
2.1435877e-06,-0.0115487
2.1436377e-06,-0.00910733
2.1436877e-06,-0.00913508
2.1437377e-06,-0.00957897
2.1437877e-06,-0.00680464
2.1438377e-06,-0.00278187
2.1438877e-06,-0.00289284
2.1439377e-06,-0.00733176
2.1439877e-06,-0.0098564
2.1440377e-06,-0.00616655
2.1440877e-06,-0.000312722
2.1441377e-06,0.000713778
2.1441877e-06,-0.00375289
2.1442377e-06,-0.00724854
2.1442877e-06,-0.0045297
2.1443377e-06,0.00179577
2.1443877e-06,0.00445912
2.1444377e-06,0.000158913
2.1444877e-06,-0.00630526
2.1445377e-06,-0.00774791
2.1445877e-06,-0.00347545
2.1446377e-06,-9.07759e-05
2.1446877e-06,-0.00269864
2.1447377e-06,-0.00827504
2.1447877e-06,-0.00980091
2.1448377e-06,-0.00477939
2.1448877e-06,0.00251709
2.1449377e-06,0.00673406
2.1449877e-06,0.00698375
2.1450377e-06,0.00642889
2.1450877e-06,0.00687278
2.1451377e-06,0.00631792
2.1451877e-06,0.0029055
2.1452377e-06,-0.00133922
2.1452877e-06,-0.0036974
2.1453377e-06,-0.00502907
2.1453877e-06,-0.00713756
2.1454377e-06,-0.00821955
2.1454877e-06,-0.00605558
2.1455377e-06,-0.00366966
2.1455877e-06,-0.00683239
2.1456377e-06,-0.0145173
2.1456877e-06,-0.0179019
2.1457377e-06,-0.0116042
2.1457877e-06,-0.00147794
2.1458377e-06,0.00351585
2.1458877e-06,0.00301647
2.1459377e-06,0.00182351
2.1459877e-06,0.000158913
2.1460377e-06,-0.00439098
2.1460877e-06,-0.00755371
2.1461377e-06,-0.00217152
2.1461877e-06,0.00878706
2.1462377e-06,0.0130595
2.1462877e-06,0.00537464
2.1463377e-06,-0.00480713
2.1463877e-06,-0.00580589
2.1464377e-06,0.00101895
2.1464877e-06,0.00440363
2.1465377e-06,-0.00103405
2.1465877e-06,-0.00777566
2.1466377e-06,-0.00569491
2.1466877e-06,0.00420943
2.1467377e-06,0.0105349
2.1467877e-06,0.00684504
2.1468377e-06,0.000713778
2.1468877e-06,0.00273904
2.1469377e-06,0.0100355
2.1469877e-06,0.00942516
2.1470377e-06,-0.00336448
2.1470877e-06,-0.0166812
2.1471377e-06,-0.0186788
2.1471877e-06,-0.0125198
2.1472377e-06,-0.00952348
2.1472877e-06,-0.0122701
2.1473377e-06,-0.0132411
2.1473877e-06,-0.00813632
2.1474377e-06,-0.0026709
2.1474877e-06,-0.0036974
2.1475377e-06,-0.009468
2.1475877e-06,-0.0122701
2.1476377e-06,-0.00849698
2.1476877e-06,-0.00242121
2.1477377e-06,-0.000312722
2.1477877e-06,-0.00361417
2.1478377e-06,-0.00891313
2.1478877e-06,-0.0123256
2.1479377e-06,-0.0118539
2.1479877e-06,-0.00724854
2.1480377e-06,-0.00117276
2.1480877e-06,0.000741522
2.1481377e-06,-0.00464067
2.1481877e-06,-0.0123533
2.1482377e-06,-0.0135463
2.1482877e-06,-0.00600009
2.1483377e-06,0.00298873
2.1483877e-06,0.00559659
2.1484377e-06,0.00135187
2.1484877e-06,-0.00489036
2.1485377e-06,-0.00888539
2.1485877e-06,-0.00894087
2.1486377e-06,-0.00550071
2.1486877e-06,-0.00206055
2.1487377e-06,-0.00380837
2.1487877e-06,-0.0113823
2.1488377e-06,-0.0175968
2.1488877e-06,-0.0137959
2.1489377e-06,-0.00156117
2.1489877e-06,0.00665083
2.1490377e-06,0.00168479
2.1490877e-06,-0.0101893
2.1491377e-06,-0.0154605
2.1491877e-06,-0.0108552
2.1492377e-06,-0.00613881
2.1492877e-06,-0.00905185
2.1493377e-06,-0.0152386
2.1493877e-06,-0.0151831
2.1494377e-06,-0.00758145
2.1494877e-06,-0.00122825
2.1495377e-06,-0.00375289
2.1495877e-06,-0.0119094
2.1496377e-06,-0.0157657
2.1496877e-06,-0.0115487
2.1497377e-06,-0.00502907
2.1497877e-06,-0.00211603
2.1498377e-06,-0.00161665
2.1498877e-06,-0.000395952
2.1499377e-06,-0.000118519
2.1499877e-06,-0.00328125
2.1500377e-06,-0.00683239
2.1500877e-06,-0.00686013
2.1501377e-06,-0.00705433
2.1501877e-06,-0.0131578
2.1502377e-06,-0.0198995
2.1502877e-06,-0.0148779
2.1503377e-06,0.00151833
2.1503877e-06,0.0121995
2.1504377e-06,0.00587402
2.1504877e-06,-0.00672141
2.1505377e-06,-0.00858021
2.1505877e-06,7.56836e-05
2.1506377e-06,0.0049585
2.1506877e-06,-0.000451438
2.1507377e-06,-0.0078034
2.1507877e-06,-0.00846924
2.1508377e-06,-0.00552845
2.1508877e-06,-0.00724854
2.1509377e-06,-0.0137682
2.1509877e-06,-0.0171251
2.1510377e-06,-0.0134353
2.1510877e-06,-0.00913508
2.1511377e-06,-0.0112713
2.1511877e-06,-0.0162651
2.1512377e-06,-0.0150166
2.1512877e-06,-0.00719305
2.1513377e-06,-0.00311479
2.1513877e-06,-0.00858021
2.1514377e-06,-0.0156825
2.1514877e-06,-0.0132966
2.1515377e-06,-0.0030593
2.1515877e-06,0.00210094
2.1516377e-06,-0.00502907
2.1516877e-06,-0.016709
2.1517377e-06,-0.0201769
2.1517877e-06,-0.0133798
2.1518377e-06,-0.00608332
2.1518877e-06,-0.00624978
2.1519377e-06,-0.0105777
2.1519877e-06,-0.0106887
2.1520377e-06,-0.00519553
2.1520877e-06,-0.000312722
2.1521377e-06,-9.07759e-05
2.1521877e-06,-0.00158891
2.1522377e-06,-0.0010063
2.1522877e-06,0.000353116
2.1523377e-06,-0.00114502
2.1523877e-06,-0.00550071
2.1524377e-06,-0.00913508
2.1524877e-06,-0.00927379
2.1525377e-06,-0.00663818
2.1525877e-06,-0.00375289
2.1526377e-06,-0.00189409
2.1526877e-06,-0.000201749
2.1527377e-06,0.00273904
2.1527877e-06,0.00690052
2.1528377e-06,0.0102852
2.1528877e-06,0.0102852
2.1529377e-06,0.00587402
2.1529877e-06,-0.000923074
2.1530377e-06,-0.00638849
2.1530877e-06,-0.0078034
2.1531377e-06,-0.00469616
2.1531877e-06,0.000436346
2.1532377e-06,0.0024616
2.1532877e-06,-0.00258767
2.1533377e-06,-0.0119926
2.1533877e-06,-0.0174303
2.1534377e-06,-0.0138514
2.1534877e-06,-0.00464067
2.1535377e-06,0.00276678
2.1535877e-06,0.00368231
2.1536377e-06,-0.00169988
2.1536877e-06,-0.00930154
2.1537377e-06,-0.0138792
2.1537877e-06,-0.013463
2.1538377e-06,-0.0112436
2.1538877e-06,-0.0105777
2.1539377e-06,-0.010439
2.1539877e-06,-0.00877441
2.1540377e-06,-0.00808083
2.1540877e-06,-0.0116042
2.1541377e-06,-0.0157102
2.1541877e-06,-0.0132688
2.1542377e-06,-0.00505682
2.1542877e-06,-0.000479181
2.1543377e-06,-0.00480713
2.1543877e-06,-0.0122701
2.1544377e-06,-0.0143231
2.1544877e-06,-0.00980091
2.1545377e-06,-0.00428001
2.1545877e-06,-0.00233798
2.1546377e-06,-0.00347545
2.1546877e-06,-0.00480713
2.1547377e-06,-0.00497359
2.1547877e-06,-0.00422452
2.1548377e-06,-0.00292059
2.1548877e-06,-0.00211603
2.1549377e-06,-0.00397483
2.1549877e-06,-0.00785889
2.1550377e-06,-0.00794212
2.1550877e-06,-3.52894e-05
2.1551377e-06,0.00928644
2.1551877e-06,0.00814897
2.1552377e-06,-0.00497359
2.1552877e-06,-0.0175135
2.1553377e-06,-0.0184568
2.1553877e-06,-0.0111603
2.1554377e-06,-0.00655495
2.1554877e-06,-0.00880216
2.1555377e-06,-0.0129359
2.1555877e-06,-0.0136017
2.1556377e-06,-0.0107719
2.1556877e-06,-0.00777566
2.1557377e-06,-0.00738725
2.1557877e-06,-0.00949574
2.1558377e-06,-0.0113268
2.1558877e-06,-0.0107719
2.1559377e-06,-0.00996737
2.1559877e-06,-0.0126307
2.1560377e-06,-0.0170974
2.1560877e-06,-0.016487
2.1561377e-06,-0.00783114
2.1561877e-06,0.00193448
2.1562377e-06,0.00373779
2.1562877e-06,-0.00253218
2.1563377e-06,-0.00888539
2.1563877e-06,-0.0101338
2.1564377e-06,-0.0086357
2.1564877e-06,-0.00808083
2.1565377e-06,-0.00785889
2.1565877e-06,-0.00561168
2.1566377e-06,-0.0018386
2.1566877e-06,0.000158913
2.1567377e-06,-0.00253218
2.1567877e-06,-0.00955123
2.1568377e-06,-0.0162651
2.1568877e-06,-0.0166258
2.1569377e-06,-0.00982866
2.1569877e-06,-0.00255993
2.1570377e-06,-0.00219926
2.1570877e-06,-0.00849698
2.1571377e-06,-0.014656
2.1571877e-06,-0.0152663
2.1572377e-06,-0.0105777
2.1572877e-06,-0.00464067
2.1573377e-06,-0.00208829
2.1573877e-06,-0.00527876
2.1574377e-06,-0.0120204
2.1574877e-06,-0.0160709
2.1575377e-06,-0.0121036
2.1575877e-06,-0.00194957
2.1576377e-06,0.00545787
2.1576877e-06,0.00218417
2.1577377e-06,-0.00930154
2.1577877e-06,-0.0170142
2.1578377e-06,-0.0124088
2.1578877e-06,-0.00136697
2.1579377e-06,0.00276678
2.1579877e-06,-0.00341997
2.1580377e-06,-0.00941251
2.1580877e-06,-0.00669367
2.1581377e-06,-0.000534668
2.1581877e-06,-0.000146262
2.1582377e-06,-0.00372514
2.1582877e-06,-0.00328125
2.1583377e-06,0.000547319
2.1583877e-06,-0.000534668
2.1584377e-06,-0.00735951
2.1584877e-06,-0.010439
2.1585377e-06,-0.00489036
2.1585877e-06,0.000880238
2.1586377e-06,-0.00283736
2.1586877e-06,-0.0132966
2.1587377e-06,-0.01854
2.1587877e-06,-0.0122146
2.1588377e-06,-0.000701127
2.1588877e-06,0.00398748
2.1589377e-06,-0.00233798
2.1589877e-06,-0.0105777
2.1590377e-06,-0.0086357
2.1590877e-06,0.00257258
2.1591377e-06,0.00917547
2.1591877e-06,0.00218417
2.1592377e-06,-0.0101616
2.1592877e-06,-0.0137682
2.1593377e-06,-0.0067769
2.1593877e-06,-0.000451438
2.1594377e-06,-0.00344771
2.1594877e-06,-0.0120481
2.1595377e-06,-0.0167367
2.1595877e-06,-0.0141566
2.1596377e-06,-0.00924605
2.1596877e-06,-0.0069711
2.1597377e-06,-0.00591686
2.1597877e-06,-0.00278187
2.1598377e-06,-0.000118519
2.1598877e-06,-0.00414129
2.1599377e-06,-0.0141289
2.1599877e-06,-0.0192059
2.1600377e-06,-0.0108552
2.1600877e-06,0.00365456
2.1601377e-06,0.00715021
2.1601877e-06,-0.00616655
2.1602377e-06,-0.0217028
2.1602877e-06,-0.0221744
2.1603377e-06,-0.00968994
2.1603877e-06,-0.0020328
2.1604377e-06,-0.00860795
2.1604877e-06,-0.0189839
2.1605377e-06,-0.0184291
2.1605877e-06,-0.00733176
2.1606377e-06,0.00115767
2.1606877e-06,-0.000617898
2.1607377e-06,-0.00686013
2.1607877e-06,-0.0086357
2.1608377e-06,-0.00566717
2.1608877e-06,-0.00355868
2.1609377e-06,-0.00403032
2.1609877e-06,-0.00380837
2.1610377e-06,-0.00103405
2.1610877e-06,0.00282227
2.1611377e-06,0.00615146
2.1611877e-06,0.00762185
2.1612377e-06,0.00509721
2.1612877e-06,-0.00117276
2.1613377e-06,-0.00622203
2.1613877e-06,-0.0055562
2.1614377e-06,-0.00206055
2.1614877e-06,-0.00278187
2.1615377e-06,-0.00932928
2.1615877e-06,-0.0154883
2.1616377e-06,-0.0159877
2.1616877e-06,-0.0130746
2.1617377e-06,-0.0116875
2.1617877e-06,-0.0117984
2.1618377e-06,-0.00996737
2.1618877e-06,-0.00611106
2.1619377e-06,-0.00416903
2.1619877e-06,-0.00583363
2.1620377e-06,-0.00794212
2.1620877e-06,-0.00602783
2.1621377e-06,0.00132413
2.1621877e-06,0.0108401
2.1622377e-06,0.0157506
2.1622877e-06,0.0110898
2.1623377e-06,0.000353116
2.1623877e-06,-0.00630526
2.1624377e-06,-0.00411355
2.1624877e-06,-6.30327e-05
2.1625377e-06,-0.00325351
2.1625877e-06,-0.0120204
2.1626377e-06,-0.0159044
2.1626877e-06,-0.00960671
2.1627377e-06,0.000519576
2.1627877e-06,0.00395974
2.1628377e-06,-0.00242121
2.1628877e-06,-0.0117429
2.1629377e-06,-0.0141289
2.1629877e-06,-0.00661044
2.1630377e-06,0.00301647
2.1630877e-06,0.00379328
2.1631377e-06,-0.00566717
2.1631877e-06,-0.014767
2.1632377e-06,-0.0133798
2.1632877e-06,-0.00425226
2.1633377e-06,0.000880238
2.1633877e-06,-0.00403032
2.1634377e-06,-0.0121313
2.1634877e-06,-0.0129914
2.1635377e-06,-0.00608332
2.1635877e-06,-0.00139471
2.1636377e-06,-0.00600009
2.1636877e-06,-0.0142676
2.1637377e-06,-0.0154605
2.1637877e-06,-0.00819181
2.1638377e-06,-0.00192183
2.1638877e-06,-0.00386386
2.1639377e-06,-0.0101338
2.1639877e-06,-0.0118262
2.1640377e-06,-0.00686013
2.1640877e-06,-0.00214378
2.1641377e-06,-0.00439098
2.1641877e-06,-0.0116875
2.1642377e-06,-0.015738
2.1642877e-06,-0.0120204
2.1643377e-06,-0.00483487
2.1643877e-06,-0.00111728
2.1644377e-06,-0.00275413
2.1644877e-06,-0.00647172
2.1645377e-06,-0.00894087
2.1645877e-06,-0.00910733
2.1646377e-06,-0.0069711
2.1646877e-06,-0.00383612
2.1647377e-06,-0.00283736
2.1647877e-06,-0.00611106
2.1648377e-06,-0.0110494
2.1648877e-06,-0.0123533
2.1649377e-06,-0.00846924
2.1649877e-06,-0.00397483
2.1650377e-06,-0.00411355
2.1650877e-06,-0.00821955
2.1651377e-06,-0.0106887
2.1651877e-06,-0.00808083
2.1652377e-06,-0.00278187
2.1652877e-06,-7.54616e-06
2.1653377e-06,-0.00233798
2.1653877e-06,-0.00783114
2.1654377e-06,-0.0114933
2.1654877e-06,-0.00916282
2.1655377e-06,-0.00261541
2.1655877e-06,-0.000118519
2.1656377e-06,-0.00758145
2.1656877e-06,-0.0191781
2.1657377e-06,-0.0222299
2.1657877e-06,-0.0122701
2.1658377e-06,0.000408603
2.1658877e-06,0.00243386
2.1659377e-06,-0.0079976
2.1659877e-06,-0.0203988
2.1660377e-06,-0.0242551
2.1660877e-06,-0.0179852
2.1661377e-06,-0.00669367
2.1661877e-06,0.00429266
2.1662377e-06,0.0107568
2.1662877e-06,0.008038
2.1663377e-06,-0.00489036
2.1663877e-06,-0.0189562
2.1664377e-06,-0.0193723
2.1664877e-06,-0.00303156
2.1665377e-06,0.0136144
2.1665877e-06,0.0120053
2.1666377e-06,-0.00475164
2.1666877e-06,-0.0154883
2.1667377e-06,-0.00977317
2.1667877e-06,-0.000590154
2.1668377e-06,-0.0035032
2.1668877e-06,-0.0142121
2.1669377e-06,-0.0173471
2.1669877e-06,-0.0101338
2.1670377e-06,-0.00480713
2.1670877e-06,-0.00932928
2.1671377e-06,-0.0166258
2.1671877e-06,-0.0161541
2.1672377e-06,-0.00808083
2.1672877e-06,-0.00106179
2.1673377e-06,-6.30327e-05
2.1673877e-06,-0.00192183
2.1674377e-06,-0.00244895
2.1674877e-06,-0.00280961
2.1675377e-06,-0.00663818
2.1675877e-06,-0.013463
2.1676377e-06,-0.0183458
2.1676877e-06,-0.0174581
2.1677377e-06,-0.0120204
2.1677877e-06,-0.00605558
2.1678377e-06,-0.00206055
2.1678877e-06,0.000769265
2.1679377e-06,0.00476429
2.1679877e-06,0.00948065
2.1680377e-06,0.0104239
2.1680877e-06,0.00387651
2.1681377e-06,-0.00616655
2.1681877e-06,-0.0111048
2.1682377e-06,-0.00869118
2.1682877e-06,-0.0055562
2.1683377e-06,-0.00636075
2.1683877e-06,-0.00735951
2.1684377e-06,-0.00466841
2.1684877e-06,-0.00231024
2.1685377e-06,-0.0047239
2.1685877e-06,-0.00758145
2.1686377e-06,-0.00397483
2.1686877e-06,0.00395974
2.1687377e-06,0.00748313
2.1687877e-06,0.00373779
2.1688377e-06,-0.00142245
2.1688877e-06,-0.00325351
2.1689377e-06,-0.00397483
2.1689877e-06,-0.00710982
2.1690377e-06,-0.0111326
2.1690877e-06,-0.0124088
2.1691377e-06,-0.0113545
2.1691877e-06,-0.0115487
2.1692377e-06,-0.0130746
2.1692877e-06,-0.0113268
2.1693377e-06,-0.00405806
2.1693877e-06,0.00343262
2.1694377e-06,0.00401523
2.1694877e-06,-0.00269864
2.1695377e-06,-0.0110494
2.1695877e-06,-0.0169587
2.1696377e-06,-0.0205098
2.1696877e-06,-0.0217305
2.1697377e-06,-0.0189562
2.1697877e-06,-0.0125198
2.1698377e-06,-0.00674916
2.1698877e-06,-0.00591686
2.1699377e-06,-0.00968994
2.1699877e-06,-0.0138514
2.1700377e-06,-0.0152108
2.1700877e-06,-0.0142676
2.1701377e-06,-0.012714
2.1701877e-06,-0.0106887
2.1702377e-06,-0.00819181
2.1702877e-06,-0.00710982
2.1703377e-06,-0.00860795
2.1703877e-06,-0.0101061
2.1704377e-06,-0.00855247
2.1704877e-06,-0.00616655
2.1705377e-06,-0.00816406
2.1705877e-06,-0.0147115
2.1706377e-06,-0.0191226
2.1706877e-06,-0.0167922
2.1707377e-06,-0.0120481
2.1707877e-06,-0.011632
2.1708377e-06,-0.0142121
2.1708877e-06,-0.0122146
2.1709377e-06,-0.00361417
2.1709877e-06,0.00340487
2.1710377e-06,0.000602805
2.1710877e-06,-0.0102448
2.1711377e-06,-0.0203434
2.1711877e-06,-0.0241164
2.1712377e-06,-0.022757
2.1712877e-06,-0.0201491
2.1713377e-06,-0.0183736
2.1713877e-06,-0.0172916
2.1714377e-06,-0.0161541
2.1714877e-06,-0.0154328
2.1715377e-06,-0.0162096
2.1715877e-06,-0.0179019
2.1716377e-06,-0.01768
2.1716877e-06,-0.0140734
2.1717377e-06,-0.00977317
2.1717877e-06,-0.0086357
2.1718377e-06,-0.0103835
2.1718877e-06,-0.0107997
2.1719377e-06,-0.00816406
2.1719877e-06,-0.00680464
2.1720377e-06,-0.0111603
2.1720877e-06,-0.0181239
2.1721377e-06,-0.0194001
2.1721877e-06,-0.0112713
2.1722377e-06,0.00135187
2.1722877e-06,0.00981357
2.1723377e-06,0.00814897
2.1723877e-06,-0.00333674
2.1724377e-06,-0.0167367
2.1724877e-06,-0.0208705
2.1725377e-06,-0.0121868
2.1725877e-06,-0.000756614
2.1726377e-06,0.000491832
2.1726877e-06,-0.00827504
2.1727377e-06,-0.0145173
2.1727877e-06,-0.0110771
2.1728377e-06,-0.00577814
2.1728877e-06,-0.00957897
2.1729377e-06,-0.0203988
2.1729877e-06,-0.0266133
2.1730377e-06,-0.0232564
2.1730877e-06,-0.0164316
2.1731377e-06,-0.0116042
2.1731877e-06,-0.0065827
2.1732377e-06,-6.30327e-05
2.1732877e-06,0.00174028
2.1733377e-06,-0.00561168
2.1733877e-06,-0.0143508
2.1734377e-06,-0.0129914
2.1734877e-06,-0.00336448
2.1735377e-06,0.00135187
2.1735877e-06,-0.00375289
2.1736377e-06,-0.00858021
2.1736877e-06,-0.00483487
2.1737377e-06,0.000769265
2.1737877e-06,-0.00222701
2.1738377e-06,-0.0113268
2.1738877e-06,-0.0153218
2.1739377e-06,-0.0111603
2.1739877e-06,-0.0069711
2.1740377e-06,-0.00855247
2.1740877e-06,-0.0117152
2.1741377e-06,-0.0105222
2.1741877e-06,-0.00583363
2.1742377e-06,-0.00186634
2.1742877e-06,-0.000451438
2.1743377e-06,-0.00228249
2.1743877e-06,-0.00824729
2.1744377e-06,-0.0154883
2.1744877e-06,-0.0169587
2.1745377e-06,-0.0103558
2.1745877e-06,-0.00289284
2.1746377e-06,-0.00239347
2.1746877e-06,-0.00794212
2.1747377e-06,-0.0125752
2.1747877e-06,-0.0121036
2.1748377e-06,-0.0076092
2.1748877e-06,-0.00261541
2.1749377e-06,-0.000673384
2.1749877e-06,-0.00283736
2.1750377e-06,-0.00627752
2.1750877e-06,-0.00752597
2.1751377e-06,-0.00683239
2.1751877e-06,-0.00722079
2.1752377e-06,-0.0100506
2.1752877e-06,-0.013685
2.1753377e-06,-0.0159877
2.1753877e-06,-0.0154328
2.1754377e-06,-0.0121313
2.1754877e-06,-0.00899636
2.1755377e-06,-0.00974543
2.1755877e-06,-0.0137959
2.1756377e-06,-0.0154883
2.1756877e-06,-0.0112991
2.1757377e-06,-0.00561168
2.1757877e-06,-0.00605558
2.1758377e-06,-0.0131856
2.1758877e-06,-0.0187065
2.1759377e-06,-0.015738
2.1759877e-06,-0.00727628
2.1760377e-06,-0.00217152
2.1760877e-06,-0.0045297
2.1761377e-06,-0.00955123
2.1761877e-06,-0.00921831
2.1762377e-06,-0.00186634
2.1762877e-06,0.00443137
2.1763377e-06,0.000436346
2.1763877e-06,-0.0116875
2.1764377e-06,-0.0196775
2.1764877e-06,-0.0160431
2.1765377e-06,-0.00666593
2.1765877e-06,-0.00150568
2.1766377e-06,-0.00319802
2.1766877e-06,-0.00774791
2.1767377e-06,-0.0122146
2.1767877e-06,-0.0159322
2.1768377e-06,-0.0177077
2.1768877e-06,-0.0162651
2.1769377e-06,-0.0127694
2.1769877e-06,-0.00927379
2.1770377e-06,-0.00647172
2.1770877e-06,-0.00455744
2.1771377e-06,-0.00450195
2.1771877e-06,-0.00669367
2.1772377e-06,-0.0101893
2.1772877e-06,-0.0141289
2.1773377e-06,-0.017569
2.1773877e-06,-0.0179574
2.1774377e-06,-0.0127694
2.1774877e-06,-0.00416903
2.1775377e-06,0.00168479
2.1775877e-06,0.00149059
2.1776377e-06,-0.00111728
2.1776877e-06,-0.00133922
2.1777377e-06,-0.000479181
2.1777877e-06,-0.00405806
2.1778377e-06,-0.012492
2.1778877e-06,-0.0189007
2.1779377e-06,-0.0178187
2.1779877e-06,-0.0124088
2.1780377e-06,-0.00916282
2.1780877e-06,-0.00846924
2.1781377e-06,-0.00522328
2.1781877e-06,0.00151833
2.1782377e-06,0.00506947
2.1782877e-06,-0.000756614
2.1783377e-06,-0.0128527
2.1783877e-06,-0.0203988
2.1784377e-06,-0.0154051
2.1784877e-06,-0.00142245
2.1785377e-06,0.00845415
2.1785877e-06,0.0043204
2.1786377e-06,-0.00938477
2.1786877e-06,-0.0181239
2.1787377e-06,-0.0138792
2.1787877e-06,-0.00436324
2.1788377e-06,-0.00292059
2.1788877e-06,-0.0119926
2.1789377e-06,-0.0202601
2.1789877e-06,-0.0164038
2.1790377e-06,-0.00275413
2.1790877e-06,0.00631792
2.1791377e-06,0.00118541
2.1791877e-06,-0.010439
2.1792377e-06,-0.0117984
2.1792877e-06,0.000713778
2.1793377e-06,0.0113672
2.1793877e-06,0.00567982
2.1794377e-06,-0.00938477
2.1794877e-06,-0.0148502
2.1795377e-06,-0.00530651
2.1795877e-06,0.00523593
2.1796377e-06,0.00334939
2.1796877e-06,-0.00791437
2.1797377e-06,-0.0163761
2.1797877e-06,-0.0158767
2.1798377e-06,-0.00930154
2.1798877e-06,-0.00186634
2.1799377e-06,0.00229514
2.1799877e-06,0.0002144
2.1800377e-06,-0.00747048
2.1800877e-06,-0.0142676
2.1801377e-06,-0.0128804
2.1801877e-06,-0.00355868
2.1802377e-06,0.00509721
2.1802877e-06,0.00490301
2.1803377e-06,-0.0038916
2.1803877e-06,-0.0136572
2.1804377e-06,-0.0175135
2.1804877e-06,-0.0146837
2.1805377e-06,-0.00888539
2.1805877e-06,-0.00475164
2.1806377e-06,-0.00514005
2.1806877e-06,-0.0084415
2.1807377e-06,-0.00935702
2.1807877e-06,-0.00597235
2.1808377e-06,-0.00391934
2.1808877e-06,-0.00930154
2.1809377e-06,-0.0191781
2.1809877e-06,-0.02395
2.1810377e-06,-0.0183181
2.1810877e-06,-0.00644398
2.1811377e-06,0.00276678
2.1811877e-06,0.00409846
2.1812377e-06,0.000353116
2.1812877e-06,-0.00136697
2.1813377e-06,0.00112993
2.1813877e-06,0.00215643
2.1814377e-06,-0.0035032
2.1814877e-06,-0.0120481
2.1815377e-06,-0.0153218
2.1815877e-06,-0.0115487
2.1816377e-06,-0.00655495
2.1816877e-06,-0.0047239
2.1817377e-06,-0.00444647
2.1817877e-06,-0.00341997
2.1818377e-06,-0.00366966
2.1818877e-06,-0.00699885
2.1819377e-06,-0.00957897
2.1819877e-06,-0.00705433
2.1820377e-06,-0.00222701
2.1820877e-06,-0.00225475
2.1821377e-06,-0.00833052
2.1821877e-06,-0.0141011
2.1822377e-06,-0.014545
2.1822877e-06,-0.0117707
2.1823377e-06,-0.0112991
2.1823877e-06,-0.0154328
2.1824377e-06,-0.0212034
2.1824877e-06,-0.0232286
2.1825377e-06,-0.0190949
2.1825877e-06,-0.0121868
2.1826377e-06,-0.00777566
2.1826877e-06,-0.00758145
2.1827377e-06,-0.00996737
2.1827877e-06,-0.0133243
2.1828377e-06,-0.0165703
2.1828877e-06,-0.0174026
2.1829377e-06,-0.0145173
2.1829877e-06,-0.0101616
2.1830377e-06,-0.00841375
2.1830877e-06,-0.0106332
2.1831377e-06,-0.0139901
2.1831877e-06,-0.0146837
2.1832377e-06,-0.0120759
2.1832877e-06,-0.00905185
2.1833377e-06,-0.0079976
2.1833877e-06,-0.0079976
2.1834377e-06,-0.00785889
2.1834877e-06,-0.00944025
2.1835377e-06,-0.0145173
2.1835877e-06,-0.0200104
2.1836377e-06,-0.0199549
2.1836877e-06,-0.0133243
2.1837377e-06,-0.00550071
2.1837877e-06,-0.00192183
2.1838377e-06,-0.00275413
2.1838877e-06,-0.00514005
2.1839377e-06,-0.00755371
2.1839877e-06,-0.0106332
2.1840377e-06,-0.0150444
2.1840877e-06,-0.019622
2.1841377e-06,-0.0213421
2.1841877e-06,-0.0185678
2.1842377e-06,-0.0137959
2.1842877e-06,-0.0108274
2.1843377e-06,-0.00952348
2.1843877e-06,-0.0069711
2.1844377e-06,-0.0035032
2.1844877e-06,-0.00289284
2.1845377e-06,-0.00583363
2.1845877e-06,-0.0079976
2.1846377e-06,-0.00644398
2.1846877e-06,-0.00486262
2.1847377e-06,-0.00874667
2.1847877e-06,-0.0167645
2.1848377e-06,-0.0201491
2.1848877e-06,-0.0126585
2.1849377e-06,0.000935724
2.1849877e-06,0.00845415
2.1850377e-06,0.00298873
2.1850877e-06,-0.0102725
2.1851377e-06,-0.0209537
2.1851877e-06,-0.0244771
2.1852377e-06,-0.0241442
2.1852877e-06,-0.0236725
2.1853377e-06,-0.0217028
2.1853877e-06,-0.0156547
2.1854377e-06,-0.00833052
2.1854877e-06,-0.00558394
2.1855377e-06,-0.00724854
2.1855877e-06,-0.0055562
2.1856377e-06,0.00362682
2.1856877e-06,0.0126711
2.1857377e-06,0.0111452
2.1857877e-06,-0.000257235
2.1858377e-06,-0.0107164
2.1858877e-06,-0.0135463
2.1859377e-06,-0.0126585
2.1859877e-06,-0.0140734
2.1860377e-06,-0.0162096
2.1860877e-06,-0.013463
2.1861377e-06,-0.00613881
2.1861877e-06,-0.00167214
2.1862377e-06,-0.00500133
2.1862877e-06,-0.0122423
2.1863377e-06,-0.0151831
2.1863877e-06,-0.0103558
2.1864377e-06,-0.00219926
2.1864877e-06,0.00237837
2.1865377e-06,0.000436346
2.1865877e-06,-0.00500133
2.1866377e-06,-0.00860795
2.1866877e-06,-0.00821955
2.1867377e-06,-0.00619429
2.1867877e-06,-0.00602783
2.1868377e-06,-0.00877441
2.1868877e-06,-0.0130746
2.1869377e-06,-0.0158212
2.1869877e-06,-0.0139624
2.1870377e-06,-0.00827504
2.1870877e-06,-0.00480713
2.1871377e-06,-0.00769243
2.1871877e-06,-0.0125752
2.1872377e-06,-0.0122146
2.1872877e-06,-0.0067769
2.1873377e-06,-0.00244895
2.1873877e-06,-0.0020328
2.1874377e-06,-0.00250444
2.1874877e-06,-0.00219926
2.1875377e-06,-0.00355868
2.1875877e-06,-0.00819181
2.1876377e-06,-0.0131578
2.1876877e-06,-0.0148502
2.1877377e-06,-0.0137127
2.1877877e-06,-0.0133521
2.1878377e-06,-0.0154328
2.1878877e-06,-0.0173471
2.1879377e-06,-0.0153218
2.1879877e-06,-0.00944025
2.1880377e-06,-0.00411355
2.1880877e-06,-0.00261541
2.1881377e-06,-0.00258767
2.1881877e-06,-7.54616e-06
2.1882377e-06,0.00382102
2.1882877e-06,0.00362682
2.1883377e-06,-0.00172763
2.1883877e-06,-0.00666593
2.1884377e-06,-0.00641624
2.1884877e-06,-0.00292059
2.1885377e-06,-0.00206055
2.1885877e-06,-0.00591686
2.1886377e-06,-0.0106887
2.1886877e-06,-0.0123533
2.1887377e-06,-0.0120759
2.1887877e-06,-0.013685
2.1888377e-06,-0.0165148
2.1888877e-06,-0.015738
2.1889377e-06,-0.0103003
2.1889877e-06,-0.00547297
2.1890377e-06,-0.00527876
2.1890877e-06,-0.00636075
2.1891377e-06,-0.00366966
2.1891877e-06,0.00121316
2.1892377e-06,0.00240612
2.1892877e-06,-0.00120051
2.1893377e-06,-0.00497359
2.1893877e-06,-0.00647172
2.1894377e-06,-0.00821955
2.1894877e-06,-0.011632
2.1895377e-06,-0.0137405
2.1895877e-06,-0.0119926
2.1896377e-06,-0.00846924
2.1896877e-06,-0.00633301
2.1897377e-06,-0.00500133
2.1897877e-06,-0.00225475
2.1898377e-06,-0.000395952
2.1898877e-06,-0.00538974
2.1899377e-06,-0.0170974
2.1899877e-06,-0.0250597
2.1900377e-06,-0.019733
2.1900877e-06,-0.00669367
2.1901377e-06,-0.00125599
2.1901877e-06,-0.00791437
2.1902377e-06,-0.014434
2.1902877e-06,-0.0108552
2.1903377e-06,-0.00430775
2.1903877e-06,-0.00733176
2.1904377e-06,-0.0177077
2.1904877e-06,-0.0209814
2.1905377e-06,-0.010328
2.1905877e-06,0.00459783
2.1906377e-06,0.0092587
2.1906877e-06,-0.000562411
2.1907377e-06,-0.0159877
2.1907877e-06,-0.0242551
2.1908377e-06,-0.0204543
2.1908877e-06,-0.0108274
2.1909377e-06,-0.0049181
2.1909877e-06,-0.00541748
2.1910377e-06,-0.00772017
2.1910877e-06,-0.0067769
2.1911377e-06,-0.00222701
2.1911877e-06,0.00204545
2.1912377e-06,0.00151833
2.1912877e-06,-0.00422452
2.1913377e-06,-0.00919056
2.1913877e-06,-0.00619429
2.1914377e-06,0.00404297
2.1914877e-06,0.0117001
2.1915377e-06,0.00864835
2.1915877e-06,-0.00125599
2.1916377e-06,-0.00755371
2.1916877e-06,-0.00669367
2.1917377e-06,-0.00500133
2.1917877e-06,-0.00724854
2.1918377e-06,-0.00955123
2.1918877e-06,-0.00666593
2.1919377e-06,-0.0010063
2.1919877e-06,0.00149059
2.1920377e-06,0.000269886
2.1920877e-06,-0.000312722
2.1921377e-06,0.000519576
2.1921877e-06,-0.000756614
2.1922377e-06,-0.00444647
2.1922877e-06,-0.00605558
2.1923377e-06,-0.0038916
2.1923877e-06,-0.00255993
2.1924377e-06,-0.00583363
2.1924877e-06,-0.0107164
2.1925377e-06,-0.0112158
2.1925877e-06,-0.00519553
2.1926377e-06,0.00279452
2.1926877e-06,0.00445912
2.1927377e-06,-0.00428001
2.1927877e-06,-0.0163761
2.1928377e-06,-0.0194001
2.1928877e-06,-0.0105222
2.1929377e-06,-0.000146262
2.1929877e-06,0.00132413
2.1930377e-06,-0.00533425
2.1930877e-06,-0.0130191
2.1931377e-06,-0.0177077
2.1931877e-06,-0.0188452
2.1932377e-06,-0.0153496
2.1932877e-06,-0.00702659
2.1933377e-06,0.00210094
2.1933877e-06,0.00601274
2.1934377e-06,0.00304421
2.1934877e-06,-0.0018386
2.1935377e-06,-0.00242121
2.1935877e-06,0.00140736
2.1936377e-06,0.00287775
2.1936877e-06,-0.0030593
2.1937377e-06,-0.0115487
2.1937877e-06,-0.012714
2.1938377e-06,-0.00486262
2.1938877e-06,0.00174028
2.1939377e-06,-0.00275413
2.1939877e-06,-0.0145728
2.1940377e-06,-0.0204266
2.1940877e-06,-0.0141566
2.1941377e-06,-0.00400257
2.1941877e-06,-0.00150568
2.1942377e-06,-0.00766468
2.1942877e-06,-0.0144618
2.1943377e-06,-0.0162373
2.1943877e-06,-0.0148224
2.1944377e-06,-0.0140456
2.1944877e-06,-0.0139069
2.1945377e-06,-0.0114655
2.1945877e-06,-0.00649947
2.1946377e-06,-0.00400257
2.1946877e-06,-0.00899636
2.1947377e-06,-0.0187342
2.1947877e-06,-0.022646
2.1948377e-06,-0.0139069
2.1948877e-06,0.000852495
2.1949377e-06,0.00789928
2.1949877e-06,0.00273904
2.1950377e-06,-0.00566717
2.1950877e-06,-0.0086357
2.1951377e-06,-0.00869118
2.1951877e-06,-0.0121868
2.1952377e-06,-0.0165148
2.1952877e-06,-0.0131301
2.1953377e-06,-0.00133922
2.1953877e-06,0.00895352
2.1954377e-06,0.00998002
2.1954877e-06,0.00465332
2.1955377e-06,0.000353116
2.1955877e-06,-0.000312722
2.1956377e-06,0.000713778
2.1956877e-06,0.00160156
2.1957377e-06,0.000991211
2.1957877e-06,-0.00328125
2.1958377e-06,-0.0115487
2.1958877e-06,-0.0192336
2.1959377e-06,-0.0200104
2.1959877e-06,-0.0133243
2.1960377e-06,-0.00661044
2.1960877e-06,-0.0069711
2.1961377e-06,-0.0119649
2.1961877e-06,-0.012714
2.1962377e-06,-0.00647172
2.1962877e-06,-0.000451438
2.1963377e-06,-0.00128374
2.1963877e-06,-0.0059446
2.1964377e-06,-0.00702659
2.1964877e-06,-0.00375289
2.1965377e-06,-0.00250444
2.1965877e-06,-0.00669367
2.1966377e-06,-0.0112436
2.1966877e-06,-0.00968994
2.1967377e-06,-0.00341997
2.1967877e-06,7.56836e-05
2.1968377e-06,-0.00261541
2.1968877e-06,-0.00686013
2.1969377e-06,-0.00744274
2.1969877e-06,-0.00550071
2.1970377e-06,-0.00522328
2.1970877e-06,-0.00661044
2.1971377e-06,-0.00652721
2.1971877e-06,-0.00505682
2.1972377e-06,-0.0055562
2.1972877e-06,-0.00852472
2.1973377e-06,-0.0100229
2.1973877e-06,-0.00744274
2.1974377e-06,-0.00344771
2.1974877e-06,-0.00181086
2.1975377e-06,-0.0026709
2.1975877e-06,-0.00441872
2.1976377e-06,-0.00755371
2.1976877e-06,-0.0117152
2.1977377e-06,-0.0117707
2.1977877e-06,-0.00430775
2.1978377e-06,0.00382102
2.1978877e-06,0.00174028
2.1979377e-06,-0.00944025
2.1979877e-06,-0.0157657
2.1980377e-06,-0.00866344
2.1980877e-06,0.00243386
2.1981377e-06,0.00268355
2.1981877e-06,-0.00838601
2.1982377e-06,-0.0167367
2.1982877e-06,-0.0137405
2.1983377e-06,-0.00710982
2.1983877e-06,-0.00885764
2.1984377e-06,-0.0181239
2.1984877e-06,-0.0233674
2.1985377e-06,-0.0185678
2.1985877e-06,-0.00935702
2.1986377e-06,-0.00391934
2.1986877e-06,-0.00477939
2.1987377e-06,-0.00993963
2.1987877e-06,-0.0154051
2.1988377e-06,-0.0155715
2.1988877e-06,-0.00724854
2.1989377e-06,0.00470881
2.1989877e-06,0.0102575
2.1990377e-06,0.00548562
2.1990877e-06,-0.00239347
2.1991377e-06,-0.00428001
2.1991877e-06,-0.000368208
2.1992377e-06,0.00162931
2.1992877e-06,-0.00264316
2.1993377e-06,-0.00852472
2.1993877e-06,-0.00874667
2.1994377e-06,-0.00303156
2.1994877e-06,0.000464089
2.1995377e-06,-0.0051123
2.1995877e-06,-0.0153496
2.1996377e-06,-0.0189284
2.1996877e-06,-0.0128804
2.1997377e-06,-0.0067769
2.1997877e-06,-0.00894087
2.1998377e-06,-0.0149889
2.1998877e-06,-0.0162928
2.1999377e-06,-0.012492
2.1999877e-06,-0.00888539
2.2000377e-06,-0.00630526
2.2000877e-06,-0.00231024
2.2001377e-06,0.000797008
2.2001877e-06,-0.0018386
2.2002377e-06,-0.00846924
2.2002877e-06,-0.0118262
2.2003377e-06,-0.0108829
2.2003877e-06,-0.0124643
2.2004377e-06,-0.0189562
2.2004877e-06,-0.0220357
2.2005377e-06,-0.0143231
2.2005877e-06,-0.00131148
2.2006377e-06,0.00462558
2.2006877e-06,-0.000728871
2.2007377e-06,-0.0100783
2.2007877e-06,-0.0143508
2.2008377e-06,-0.0116597
2.2008877e-06,-0.00710982
2.2009377e-06,-0.00624978
2.2009877e-06,-0.00952348
2.2010377e-06,-0.0122701
2.2010877e-06,-0.0107442
2.2011377e-06,-0.00708208
2.2011877e-06,-0.0055562
2.2012377e-06,-0.00516779
2.2012877e-06,-0.00108953
2.2013377e-06,0.00581854
2.2013877e-06,0.0070115
2.2014377e-06,-0.00175537
2.2014877e-06,-0.0126862
2.2015377e-06,-0.014767
2.2015877e-06,-0.00808083
2.2016377e-06,-0.00336448
2.2016877e-06,-0.0079976
2.2017377e-06,-0.01768
2.2017877e-06,-0.021897
2.2018377e-06,-0.0153496
2.2018877e-06,-0.00303156
2.2019377e-06,0.0043204
2.2019877e-06,0.000408603
2.2020377e-06,-0.0104945
2.2020877e-06,-0.0178187
2.2021377e-06,-0.0154605
2.2021877e-06,-0.00691562
2.2022377e-06,-0.000368208
2.2022877e-06,-0.000839844
2.2023377e-06,-0.00694336
2.2023877e-06,-0.013463
2.2024377e-06,-0.0154883
2.2024877e-06,-0.0117152
2.2025377e-06,-0.00541748
2.2025877e-06,-0.00167214
2.2026377e-06,-0.00333674
2.2026877e-06,-0.00899636
2.2027377e-06,-0.0144895
2.2027877e-06,-0.0164316
2.2028377e-06,-0.0148224
2.2028877e-06,-0.0119094
2.2029377e-06,-0.00880216
2.2029877e-06,-0.00522328
2.2030377e-06,-0.00311479
2.2030877e-06,-0.00705433
2.2031377e-06,-0.0174026
2.2031877e-06,-0.0255591
2.2032377e-06,-0.0226738
2.2032877e-06,-0.0118539
2.2033377e-06,-0.00552845
2.2033877e-06,-0.00855247
2.2034377e-06,-0.0125475
2.2034877e-06,-0.00944025
2.2035377e-06,-0.00269864
2.2035877e-06,-0.000395952
2.2036377e-06,-0.0030593
2.2036877e-06,-0.00422452
2.2037377e-06,-0.000118519
2.2037877e-06,0.0051527
2.2038377e-06,0.00423717
2.2038877e-06,-0.00444647
2.2039377e-06,-0.0133521
2.2039877e-06,-0.0134908
2.2040377e-06,-0.00583363
2.2040877e-06,-0.00111728
2.2041377e-06,-0.00608332
2.2041877e-06,-0.0144618
2.2042377e-06,-0.0161541
2.2042877e-06,-0.0107719
2.2043377e-06,-0.00586137
2.2043877e-06,-0.00469616
2.2044377e-06,-0.00361417
2.2044877e-06,-0.00167214
2.2045377e-06,-0.0040858
2.2045877e-06,-0.0127972
2.2046377e-06,-0.0201491
2.2046877e-06,-0.0178465
2.2047377e-06,-0.00810858
2.2047877e-06,-0.000867587
2.2048377e-06,-0.00125599
2.2048877e-06,-0.0055562
2.2049377e-06,-0.00869118
2.2049877e-06,-0.00913508
2.2050377e-06,-0.00533425
2.2050877e-06,0.00454235
2.2051377e-06,0.0155842
2.2051877e-06,0.016361
2.2052377e-06,0.0022674
2.2052877e-06,-0.0154328
2.2053377e-06,-0.0222299
2.2053877e-06,-0.0176245
2.2054377e-06,-0.0121313
2.2054877e-06,-0.0101061
2.2055377e-06,-0.00619429
2.2055877e-06,0.001879
2.2056377e-06,0.00684504
2.2056877e-06,0.00287775
2.2057377e-06,-0.00458518
2.2057877e-06,-0.00500133
2.2058377e-06,0.00304421
2.2058877e-06,0.00928644
2.2059377e-06,0.00426491
2.2059877e-06,-0.00835827
2.2060377e-06,-0.0160709
2.2060877e-06,-0.0129082
2.2061377e-06,-0.00569491
2.2061877e-06,-0.0036974
2.2062377e-06,-0.00649947
2.2062877e-06,-0.00702659
2.2063377e-06,-0.00333674
2.2063877e-06,-0.00131148
2.2064377e-06,-0.00558394
2.2064877e-06,-0.0127417
2.2065377e-06,-0.0153218
2.2065877e-06,-0.0101893
2.2066377e-06,-0.00139471
2.2066877e-06,0.00351585
2.2067377e-06,-0.000229492
2.2067877e-06,-0.00952348
2.2068377e-06,-0.0145728
2.2068877e-06,-0.00852472
2.2069377e-06,0.00285001
2.2069877e-06,0.00592951
2.2070377e-06,-0.00347545
2.2070877e-06,-0.0134353
2.2071377e-06,-0.0110494
2.2071877e-06,-3.52894e-05
2.2072377e-06,0.00493075
2.2072877e-06,-0.00169988
2.2073377e-06,-0.0104113
2.2073877e-06,-0.0113545
2.2074377e-06,-0.00649947
2.2074877e-06,-0.00344771
2.2075377e-06,-0.0038916
2.2075877e-06,-0.0036974
2.2076377e-06,-0.000395952
2.2076877e-06,0.00401523
2.2077377e-06,0.00579079
2.2077877e-06,0.0024616
2.2078377e-06,-0.00536199
2.2078877e-06,-0.0129636
2.2079377e-06,-0.0140734
2.2079877e-06,-0.00724854
2.2080377e-06,0.000186657
2.2080877e-06,-0.00228249
2.2081377e-06,-0.015627
2.2081877e-06,-0.0266133
2.2082377e-06,-0.0220912
2.2082877e-06,-0.00716531
2.2083377e-06,0.000103427
2.2083877e-06,-0.00691562
2.2084377e-06,-0.0152663
2.2084877e-06,-0.0122423
2.2085377e-06,-0.00200506
2.2085877e-06,0.00368231
2.2086377e-06,0.000880238
2.2086877e-06,-0.00708208
2.2087377e-06,-0.0160709
2.2087877e-06,-0.0203434
2.2088377e-06,-0.014434
2.2088877e-06,-0.00280961
2.2089377e-06,0.00121316
2.2089877e-06,-0.00683239
2.2090377e-06,-0.0151554
2.2090877e-06,-0.0136295
2.2091377e-06,-0.0086357
2.2091877e-06,-0.0106887
2.2092377e-06,-0.0157102
2.2092877e-06,-0.0119371
2.2093377e-06,-0.000118519
2.2093877e-06,0.00629017
2.2094377e-06,0.000991211
2.2094877e-06,-0.00719305
2.2095377e-06,-0.00880216
2.2095877e-06,-0.00536199
2.2096377e-06,-0.00280961
2.2096877e-06,-0.00111728
2.2097377e-06,0.00262806
2.2097877e-06,0.00623469
2.2098377e-06,0.003932
2.2098877e-06,-0.00547297
2.2099377e-06,-0.0159599
2.2099877e-06,-0.0205653
2.2100377e-06,-0.0181239
2.2100877e-06,-0.0138237
2.2101377e-06,-0.0133521
2.2101877e-06,-0.0168754
2.2102377e-06,-0.0187065
2.2102877e-06,-0.0142676
2.2103377e-06,-0.00600009
2.2103877e-06,-0.00136697
2.2104377e-06,-0.00416903
2.2104877e-06,-0.010328
2.2105377e-06,-0.0136017
2.2105877e-06,-0.0132411
2.2106377e-06,-0.0127972
2.2106877e-06,-0.0134075
2.2107377e-06,-0.0128804
2.2107877e-06,-0.00974543
2.2108377e-06,-0.00522328
2.2108877e-06,-0.00131148
2.2109377e-06,0.000602805
2.2109877e-06,0.000242143
2.2110377e-06,-0.00147794
2.2110877e-06,-0.00336448
2.2111377e-06,-0.00480713
2.2111877e-06,-0.00577814
2.2112377e-06,-0.00644398
2.2112877e-06,-0.00747048
2.2113377e-06,-0.00869118
2.2113877e-06,-0.00819181
2.2114377e-06,-0.00552845
2.2114877e-06,-0.00533425
2.2115377e-06,-0.012381
2.2115877e-06,-0.0232564
2.2116377e-06,-0.0276398
2.2116877e-06,-0.0208982
2.2117377e-06,-0.0104668
2.2117877e-06,-0.00644398
2.2118377e-06,-0.0098564
2.2118877e-06,-0.0147392
2.2119377e-06,-0.0177632
2.2119877e-06,-0.0201214
2.2120377e-06,-0.0219525
2.2120877e-06,-0.0211756
2.2121377e-06,-0.0180407
2.2121877e-06,-0.015738
2.2122377e-06,-0.0150166
2.2122877e-06,-0.0123533
2.2123377e-06,-0.00580589
2.2123877e-06,-0.000395952
2.2124377e-06,-0.00364191
2.2124877e-06,-0.0151554
2.2125377e-06,-0.0242829
2.2125877e-06,-0.0217583
2.2126377e-06,-0.0114933
2.2126877e-06,-0.00636075
2.2127377e-06,-0.0121591
2.2127877e-06,-0.0205376
2.2128377e-06,-0.0210092
2.2128877e-06,-0.0149612
2.2129377e-06,-0.0112158
2.2129877e-06,-0.0107164
2.2130377e-06,-0.0057504
2.2130877e-06,0.00423717
2.2131377e-06,0.00731667
2.2131877e-06,-0.00280961
2.2132377e-06,-0.0133521
2.2132877e-06,-0.00838601
2.2133377e-06,0.0065676
2.2133877e-06,0.00975808
2.2134377e-06,-0.00758145
2.2134877e-06,-0.0286386
2.2135377e-06,-0.0324394
2.2135877e-06,-0.0184568
2.2136377e-06,-0.00428001
2.2136877e-06,-0.00322576
2.2137377e-06,-0.0116875
2.2137877e-06,-0.0169864
2.2138377e-06,-0.0128804
2.2138877e-06,-0.00502907
2.2139377e-06,-0.00222701
2.2139877e-06,-0.00591686
2.2140377e-06,-0.010328
2.2140877e-06,-0.0115765
2.2141377e-06,-0.0111603
2.2141877e-06,-0.0104668
2.2142377e-06,-0.00747048
2.2142877e-06,-0.00211603
2.2143377e-06,7.56836e-05
2.2143877e-06,-0.00544522
2.2144377e-06,-0.0148779
2.2144877e-06,-0.0202601
2.2145377e-06,-0.0191781
2.2145877e-06,-0.0160709
2.2146377e-06,-0.0147115
2.2146877e-06,-0.0143786
2.2147377e-06,-0.013574
2.2147877e-06,-0.0120759
2.2148377e-06,-0.00968994
2.2148877e-06,-0.00710982
2.2149377e-06,-0.00766468
2.2149877e-06,-0.0125475
2.2150377e-06,-0.0168754
2.2150877e-06,-0.0158212
2.2151377e-06,-0.012603
2.2151877e-06,-0.0137405
2.2152377e-06,-0.0183181
2.2152877e-06,-0.0196775
2.2153377e-06,-0.0169309
2.2153877e-06,-0.0160709
2.2154377e-06,-0.0189562
2.2154877e-06,-0.0198995
2.2155377e-06,-0.0163761
2.2155877e-06,-0.0146005
2.2156377e-06,-0.0185123
2.2156877e-06,-0.0214531
2.2157377e-06,-0.0160709
2.2157877e-06,-0.00652721
2.2158377e-06,-0.00319802
2.2158877e-06,-0.00835827
2.2159377e-06,-0.0145173
2.2159877e-06,-0.0149612
2.2160377e-06,-0.0109384
2.2160877e-06,-0.00846924
2.2161377e-06,-0.0114655
2.2161877e-06,-0.0179852
2.2162377e-06,-0.0216195
2.2162877e-06,-0.01768
2.2163377e-06,-0.00907959
2.2163877e-06,-0.00405806
2.2164377e-06,-0.00647172
2.2164877e-06,-0.0111048
2.2165377e-06,-0.0107997
2.2165877e-06,-0.00566717
2.2166377e-06,-0.00206055
2.2166877e-06,-0.00325351
2.2167377e-06,-0.00455744
2.2167877e-06,-0.000201749
2.2168377e-06,0.00709473
2.2168877e-06,0.00817671
2.2169377e-06,0.000408603
2.2169877e-06,-0.0067769
2.2170377e-06,-0.00475164
2.2170877e-06,0.000824751
2.2171377e-06,-0.00233798
2.2171877e-06,-0.0138237
2.2172377e-06,-0.0191226
2.2172877e-06,-0.00944025
2.2173377e-06,0.00601274
2.2173877e-06,0.0115614
2.2174377e-06,0.0024616
2.2174877e-06,-0.0128527
2.2175377e-06,-0.0228957
2.2175877e-06,-0.0220079
2.2176377e-06,-0.0128527
2.2176877e-06,-0.00433549
2.2177377e-06,-0.00416903
2.2177877e-06,-0.0110494
2.2178377e-06,-0.0157935
2.2178877e-06,-0.0120759
2.2179377e-06,-0.00447421
2.2179877e-06,-0.00272638
2.2180377e-06,-0.00955123
2.2180877e-06,-0.0167645
2.2181377e-06,-0.0144618
2.2181877e-06,-0.00219926
2.2182377e-06,0.0102297
2.2182877e-06,0.0121163
2.2183377e-06,0.00165705
2.2183877e-06,-0.0124643
2.2184377e-06,-0.0186233
2.2184877e-06,-0.0129636
2.2185377e-06,-0.00344771
2.2185877e-06,-0.00156117
2.2186377e-06,-0.00910733
2.2186877e-06,-0.0167922
2.2187377e-06,-0.0171529
2.2187877e-06,-0.013574
2.2188377e-06,-0.0124088
2.2188877e-06,-0.0119926
2.2189377e-06,-0.00730402
2.2189877e-06,-0.00175537
2.2190377e-06,-0.00430775
2.2190877e-06,-0.0144895
2.2191377e-06,-0.019622
2.2191877e-06,-0.0107442
2.2192377e-06,0.00506947
2.2192877e-06,0.0133092
2.2193377e-06,0.00920321
2.2193877e-06,0.000686035
2.2194377e-06,-0.00422452
2.2194877e-06,-0.0065827
2.2195377e-06,-0.0115765
2.2195877e-06,-0.018873
2.2196377e-06,-0.0220912
2.2196877e-06,-0.016709
2.2197377e-06,-0.00577814
2.2197877e-06,0.00326616
2.2198377e-06,0.00570756
2.2198877e-06,0.00265581
2.2199377e-06,-0.00131148
2.2199877e-06,-0.00186634
2.2200377e-06,0.00185125
2.2200877e-06,0.00587402
2.2201377e-06,0.00493075
2.2201877e-06,-0.00111728
2.2202377e-06,-0.00683239
2.2202877e-06,-0.00841375
2.2203377e-06,-0.00735951
2.2203877e-06,-0.00527876
2.2204377e-06,-0.00106179
2.2204877e-06,0.00448686
2.2205377e-06,0.00629017
2.2205877e-06,0.00165705
2.2206377e-06,-0.0045297
2.2206877e-06,-0.00538974
2.2207377e-06,-0.00097856
2.2207877e-06,0.001879
2.2208377e-06,-0.00156117
2.2208877e-06,-0.0079976
2.2209377e-06,-0.009468
2.2209877e-06,-0.00297607
2.2210377e-06,0.00570756
2.2210877e-06,0.00831543
2.2211377e-06,0.00365456
2.2211877e-06,-0.00175537
2.2212377e-06,-0.00314253
2.2212877e-06,-0.0030593
2.2213377e-06,-0.0055562
2.2213877e-06,-0.00910733
2.2214377e-06,-0.00955123
2.2214877e-06,-0.00727628
2.2215377e-06,-0.00647172
2.2215877e-06,-0.00891313
2.2216377e-06,-0.0119649
2.2216877e-06,-0.0126585
2.2217377e-06,-0.00996737
2.2217877e-06,-0.00428001
2.2218377e-06,0.00149059
2.2218877e-06,0.00215643
2.2219377e-06,-0.00414129
2.2219877e-06,-0.0116042
2.2220377e-06,-0.0137127
2.2220877e-06,-0.0126862
2.2221377e-06,-0.0157102
2.2221877e-06,-0.0220357
2.2222377e-06,-0.0226183
2.2222877e-06,-0.0147392
2.2223377e-06,-0.00788663
2.2223877e-06,-0.00952348
2.2224377e-06,-0.013463
2.2224877e-06,-0.0100506
2.2225377e-06,-0.000950817
2.2225877e-06,0.00387651
2.2226377e-06,0.000158913
2.2226877e-06,-0.00702659
2.2227377e-06,-0.0116597
2.2227877e-06,-0.0128804
2.2228377e-06,-0.0131024
2.2228877e-06,-0.0141289
2.2229377e-06,-0.0157102
2.2229877e-06,-0.016487
2.2230377e-06,-0.0158489
2.2230877e-06,-0.0142121
2.2231377e-06,-0.0118539
2.2231877e-06,-0.00855247
2.2232377e-06,-0.00536199
2.2232877e-06,-0.00475164
2.2233377e-06,-0.00688787
2.2233877e-06,-0.00821955
2.2234377e-06,-0.00688787
2.2234877e-06,-0.00686013
2.2235377e-06,-0.0117152
2.2235877e-06,-0.01682
2.2236377e-06,-0.0136572
2.2236877e-06,-0.00258767
2.2237377e-06,0.00487527
2.2237877e-06,-0.000368208
2.2238377e-06,-0.012714
2.2238877e-06,-0.0172638
2.2239377e-06,-0.00785889
2.2239877e-06,0.00457009
2.2240377e-06,0.00470881
2.2240877e-06,-0.00841375
2.2241377e-06,-0.0204543
2.2241877e-06,-0.0197607
2.2242377e-06,-0.010661
2.2242877e-06,-0.00669367
2.2243377e-06,-0.0132688
2.2243877e-06,-0.0214808
2.2244377e-06,-0.0195388
2.2244877e-06,-0.00688787
2.2245377e-06,0.00529142
2.2245877e-06,0.00612371
2.2246377e-06,-0.00380837
2.2246877e-06,-0.0146837
2.2247377e-06,-0.0187342
2.2247877e-06,-0.0170974
2.2248377e-06,-0.0151276
2.2248877e-06,-0.0146282
2.2249377e-06,-0.013574
2.2249877e-06,-0.0111326
2.2250377e-06,-0.00896862
2.2250877e-06,-0.0079976
2.2251377e-06,-0.00705433
2.2251877e-06,-0.00522328
2.2252377e-06,-0.00341997
2.2252877e-06,-0.00289284
2.2253377e-06,-0.00394709
2.2253877e-06,-0.00566717
2.2254377e-06,-0.00641624
2.2254877e-06,-0.00522328
2.2255377e-06,-0.00383612
2.2255877e-06,-0.00638849
2.2256377e-06,-0.0144895
2.2256877e-06,-0.0232841
2.2257377e-06,-0.0254481
2.2257877e-06,-0.0193446
2.2258377e-06,-0.0107442
2.2258877e-06,-0.00619429
2.2259377e-06,-0.0067769
2.2259877e-06,-0.00852472
2.2260377e-06,-0.0078034
2.2260877e-06,-0.00563943
2.2261377e-06,-0.00600009
2.2261877e-06,-0.00941251
2.2262377e-06,-0.0109661
2.2262877e-06,-0.00791437
2.2263377e-06,-0.00613881
2.2263877e-06,-0.012492
2.2264377e-06,-0.0230899
2.2264877e-06,-0.0264191
2.2265377e-06,-0.0181516
2.2265877e-06,-0.00674916
2.2266377e-06,-0.00280961
2.2266877e-06,-0.00794212
2.2267377e-06,-0.0155715
2.2267877e-06,-0.0192336
2.2268377e-06,-0.0174303
2.2268877e-06,-0.0124088
2.2269377e-06,-0.00769243
2.2269877e-06,-0.00608332
2.2270377e-06,-0.00772017
2.2270877e-06,-0.00930154
2.2271377e-06,-0.00713756
2.2271877e-06,-0.00228249
2.2272377e-06,-0.000257235
2.2272877e-06,-0.0038916
2.2273377e-06,-0.00913508
2.2273877e-06,-0.0102448
2.2274377e-06,-0.00713756
2.2274877e-06,-0.00414129
2.2275377e-06,-0.00372514
2.2275877e-06,-0.00483487
2.2276377e-06,-0.00669367
2.2276877e-06,-0.00982866
2.2277377e-06,-0.012492
2.2277877e-06,-0.0100506
2.2278377e-06,-0.00186634
2.2278877e-06,0.00487527
2.2279377e-06,0.00287775
2.2279877e-06,-0.00563943
2.2280377e-06,-0.0117707
2.2280877e-06,-0.0116875
2.2281377e-06,-0.00993963
2.2281877e-06,-0.0101616
2.2282377e-06,-0.00955123
2.2282877e-06,-0.00649947
2.2283377e-06,-0.00630526
2.2283877e-06,-0.0125198
2.2284377e-06,-0.0182903
2.2284877e-06,-0.0147392
2.2285377e-06,-0.00477939
2.2285877e-06,0.0002144
2.2286377e-06,-0.00358643
2.2286877e-06,-0.00824729
2.2287377e-06,-0.00683239
2.2287877e-06,-0.00278187
2.2288377e-06,-0.00347545
2.2288877e-06,-0.009468
2.2289377e-06,-0.0142121
2.2289877e-06,-0.0128804
2.2290377e-06,-0.00716531
2.2290877e-06,-0.00189409
2.2291377e-06,0.000713778
2.2291877e-06,0.001879
2.2292377e-06,0.00296098
2.2292877e-06,0.00334939
2.2293377e-06,0.00204545
2.2293877e-06,-0.000257235
2.2294377e-06,-0.00211603
2.2294877e-06,-0.00425226
2.2295377e-06,-0.00816406
2.2295877e-06,-0.0125198
2.2296377e-06,-0.0141566
2.2296877e-06,-0.0129636
2.2297377e-06,-0.0112436
2.2297877e-06,-0.00866344
2.2298377e-06,-0.0030593
2.2298877e-06,0.00282227
2.2299377e-06,0.00232289
2.2299877e-06,-0.00519553
2.2300377e-06,-0.0114655
2.2300877e-06,-0.0106055
2.2301377e-06,-0.00699885
2.2301877e-06,-0.0078034
2.2302377e-06,-0.0120759
2.2302877e-06,-0.0141011
2.2303377e-06,-0.0132133
2.2303877e-06,-0.0134075
2.2304377e-06,-0.0158489
2.2304877e-06,-0.0176245
2.2305377e-06,-0.0169309
2.2305877e-06,-0.0148224
2.2306377e-06,-0.0129359
2.2306877e-06,-0.0126585
2.2307377e-06,-0.0151831
2.2307877e-06,-0.018762
2.2308377e-06,-0.0182903
2.2308877e-06,-0.0118262
2.2309377e-06,-0.00538974
2.2309877e-06,-0.00611106
2.2310377e-06,-0.0123256
2.2310877e-06,-0.0162096
2.2311377e-06,-0.0150721
2.2311877e-06,-0.0143508
2.2312377e-06,-0.0178742
2.2312877e-06,-0.0211756
2.2313377e-06,-0.0179574
2.2313877e-06,-0.00919056
2.2314377e-06,-0.00225475
2.2314877e-06,-0.00103405
2.2315377e-06,-0.00200506
2.2315877e-06,-0.00103405
2.2316377e-06,-0.000118519
2.2316877e-06,-0.00339222
2.2317377e-06,-0.00913508
2.2317877e-06,-0.011632
2.2318377e-06,-0.00980091
2.2318877e-06,-0.00827504
2.2319377e-06,-0.00919056
2.2319877e-06,-0.00838601
2.2320377e-06,-0.00317028
2.2320877e-06,0.001879
2.2321377e-06,0.000741522
2.2321877e-06,-0.0047239
2.2322377e-06,-0.00636075
2.2322877e-06,-0.000534668
2.2323377e-06,0.00692827
2.2323877e-06,0.00753862
2.2324377e-06,-0.000146262
2.2324877e-06,-0.0100229
2.2325377e-06,-0.0156825
2.2325877e-06,-0.0155438
2.2326377e-06,-0.0118539
2.2326877e-06,-0.00833052
2.2327377e-06,-0.00858021
2.2327877e-06,-0.0128804
2.2328377e-06,-0.0161819
2.2328877e-06,-0.0130469
2.2329377e-06,-0.00533425
2.2329877e-06,-0.00103405
2.2330377e-06,-0.00455744
2.2330877e-06,-0.0117984
2.2331377e-06,-0.0162373
2.2331877e-06,-0.0162096
2.2332377e-06,-0.0139624
2.2332877e-06,-0.0104113
2.2333377e-06,-0.00502907
2.2333877e-06,-9.07759e-05
2.2334377e-06,-0.00089533
2.2334877e-06,-0.00910733
2.2335377e-06,-0.0183181
2.2335877e-06,-0.0192891
2.2336377e-06,-0.00988414
2.2336877e-06,0.00240612
2.2337377e-06,0.00798251
2.2337877e-06,0.00376554
2.2338377e-06,-0.00502907
2.2338877e-06,-0.0107719
2.2339377e-06,-0.0106887
2.2339877e-06,-0.00849698
2.2340377e-06,-0.00896862
2.2340877e-06,-0.0117152
2.2341377e-06,-0.012603
2.2341877e-06,-0.0101061
2.2342377e-06,-0.00758145
2.2342877e-06,-0.00816406
2.2343377e-06,-0.0104945
2.2343877e-06,-0.0114378
2.2344377e-06,-0.010439
2.2344877e-06,-0.00860795
2.2345377e-06,-0.00563943
2.2345877e-06,-0.00103405
2.2346377e-06,0.00293324
2.2346877e-06,0.00298873
2.2347377e-06,-0.000118519
2.2347877e-06,-0.00186634
2.2348377e-06,0.000186657
2.2348877e-06,0.00279452
2.2349377e-06,0.00171254
2.2349877e-06,-0.00208829
2.2350377e-06,-0.00394709
2.2350877e-06,-0.00278187
2.2351377e-06,-0.00300382
2.2351877e-06,-0.00763694
2.2352377e-06,-0.0131578
2.2352877e-06,-0.0142676
2.2353377e-06,-0.010661
2.2353877e-06,-0.00619429
2.2354377e-06,-0.00364191
2.2354877e-06,-0.0030593
2.2355377e-06,-0.00339222
2.2355877e-06,-0.00366966
2.2356377e-06,-0.00386386
2.2356877e-06,-0.00525102
2.2357377e-06,-0.00941251
2.2357877e-06,-0.0152663
2.2358377e-06,-0.0191226
2.2358877e-06,-0.018873
2.2359377e-06,-0.0165425
2.2359877e-06,-0.0143508
2.2360377e-06,-0.0101893
2.2360877e-06,-0.00158891
2.2361377e-06,0.00648438
2.2361877e-06,0.00462558
2.2362377e-06,-0.00735951
2.2362877e-06,-0.0161541
2.2363377e-06,-0.0110771
2.2363877e-06,0.000353116
2.2364377e-06,0.00132413
2.2364877e-06,-0.010328
2.2365377e-06,-0.018762
2.2365877e-06,-0.0129082
2.2366377e-06,-0.00139471
2.2366877e-06,0.00198997
2.2367377e-06,-0.00233798
2.2367877e-06,-0.0051123
2.2368377e-06,-0.00508456
2.2368877e-06,-0.00833052
2.2369377e-06,-0.013685
2.2369877e-06,-0.0119371
2.2370377e-06,-0.00169988
2.2370877e-06,0.00543013
2.2371377e-06,0.000325373
2.2371877e-06,-0.010328
2.2372377e-06,-0.0141843
2.2372877e-06,-0.010439
2.2373377e-06,-0.00802535
2.2373877e-06,-0.0100229
2.2374377e-06,-0.0103003
2.2374877e-06,-0.00591686
2.2375377e-06,-0.00311479
2.2375877e-06,-0.00702659
2.2376377e-06,-0.0124365
2.2376877e-06,-0.0105222
2.2377377e-06,-0.00117276
2.2377877e-06,0.00640115
2.2378377e-06,0.00479204
2.2378877e-06,-0.00391934
2.2379377e-06,-0.0110494
2.2379877e-06,-0.0109661
2.2380377e-06,-0.00611106
2.2380877e-06,-0.00322576
2.2381377e-06,-0.00566717
2.2381877e-06,-0.01055
2.2382377e-06,-0.0133798
2.2382877e-06,-0.0130746
2.2383377e-06,-0.0117707
2.2383877e-06,-0.0105222
2.2384377e-06,-0.0078034
2.2384877e-06,-0.00300382
2.2385377e-06,0.00126864
2.2385877e-06,0.00279452
2.2386377e-06,0.00351585
2.2386877e-06,0.00473655
2.2387377e-06,0.00232289
2.2387877e-06,-0.00636075
2.2388377e-06,-0.0143231
2.2388877e-06,-0.0125475
2.2389377e-06,-0.00441872
2.2389877e-06,-0.00217152
2.2390377e-06,-0.00919056
2.2390877e-06,-0.0149612
2.2391377e-06,-0.0107719
2.2391877e-06,-0.0020328
2.2392377e-06,-0.000923074
2.2392877e-06,-0.0109384
2.2393377e-06,-0.0235061
2.2393877e-06,-0.0273901
2.2394377e-06,-0.0198995
2.2394877e-06,-0.00919056
2.2395377e-06,-0.0055562
2.2395877e-06,-0.00949574
2.2396377e-06,-0.0116042
2.2396877e-06,-0.00616655
2.2397377e-06,-0.000174006
2.2397877e-06,-0.00269864
2.2398377e-06,-0.0101893
2.2398877e-06,-0.0112436
2.2399377e-06,-0.00411355
2.2399877e-06,0.000491832
2.2400377e-06,-0.00419678
2.2400877e-06,-0.0114655
2.2401377e-06,-0.0121036
2.2401877e-06,-0.00763694
2.2402377e-06,-0.00624978
2.2402877e-06,-0.0098564
2.2403377e-06,-0.0122978
2.2403877e-06,-0.00988414
2.2404377e-06,-0.0076092
2.2404877e-06,-0.0115487
2.2405377e-06,-0.0189007
2.2405877e-06,-0.0205653
2.2406377e-06,-0.0137405
2.2406877e-06,-0.00641624
2.2407377e-06,-0.00755371
2.2407877e-06,-0.0152941
2.2408377e-06,-0.0189839
2.2408877e-06,-0.0132688
2.2409377e-06,-0.0059446
2.2409877e-06,-0.00744274
2.2410377e-06,-0.0155715
2.2410877e-06,-0.0169032
2.2411377e-06,-0.00588912
2.2411877e-06,0.00523593
2.2412377e-06,0.00137962
2.2412877e-06,-0.0144618
2.2413377e-06,-0.0235616
2.2413877e-06,-0.0147947
2.2414377e-06,0.00162931
2.2414877e-06,0.00806574
2.2415377e-06,0.00110218
2.2415877e-06,-0.00730402
2.2416377e-06,-0.00783114
2.2416877e-06,-0.00416903
2.2417377e-06,-0.00378063
2.2417877e-06,-0.00630526
2.2418377e-06,-0.00638849
2.2418877e-06,-0.00378063
2.2419377e-06,-0.00380837
2.2419877e-06,-0.00802535
2.2420377e-06,-0.0108829
2.2420877e-06,-0.00827504
2.2421377e-06,-0.00436324
2.2421877e-06,-0.00533425
2.2422377e-06,-0.00982866
2.2422877e-06,-0.0112436
2.2423377e-06,-0.00735951
2.2423877e-06,-0.00261541
2.2424377e-06,-0.00108953
2.2424877e-06,-0.00158891
2.2425377e-06,-0.00158891
2.2425877e-06,-0.00161665
2.2426377e-06,-0.00278187
2.2426877e-06,-0.00347545
2.2427377e-06,-0.00175537
2.2427877e-06,0.000880238
2.2428377e-06,0.00221191
2.2428877e-06,0.00373779
2.2429377e-06,0.00748313
2.2429877e-06,0.010202
2.2430377e-06,0.00670632
2.2430877e-06,-0.0018386
2.2431377e-06,-0.00774791
2.2431877e-06,-0.00638849
2.2432377e-06,-0.000923074
2.2432877e-06,0.00298873
2.2433377e-06,0.003932
2.2433877e-06,0.00326616
2.2434377e-06,0.000269886
2.2434877e-06,-0.00672141
2.2435377e-06,-0.0144895
2.2435877e-06,-0.0158489
2.2436377e-06,-0.00907959
2.2436877e-06,-0.00219926
2.2437377e-06,-0.00361417
2.2437877e-06,-0.0115765
2.2438377e-06,-0.0170696
2.2438877e-06,-0.0149057
2.2439377e-06,-0.00791437
2.2439877e-06,-0.00242121
2.2440377e-06,-0.00255993
2.2440877e-06,-0.00769243
2.2441377e-06,-0.0123533
2.2441877e-06,-0.0111603
2.2442377e-06,-0.00547297
2.2442877e-06,-0.00289284
2.2443377e-06,-0.00774791
2.2443877e-06,-0.0141566
2.2444377e-06,-0.0117707
2.2444877e-06,0.00135187
2.2445377e-06,0.0145022
2.2445877e-06,0.0152235
2.2446377e-06,0.00323841
2.2446877e-06,-0.00949574
2.2447377e-06,-0.0125198
2.2447877e-06,-0.00785889
2.2448377e-06,-0.00514005
2.2448877e-06,-0.0090241
2.2449377e-06,-0.0151276
2.2449877e-06,-0.0169309
2.2450377e-06,-0.0136017
2.2450877e-06,-0.0104113
2.2451377e-06,-0.0124088
2.2451877e-06,-0.0185123
2.2452377e-06,-0.022757
2.2452877e-06,-0.0210369
2.2453377e-06,-0.0147115
2.2453877e-06,-0.00785889
2.2454377e-06,-0.00353094
2.2454877e-06,-0.00264316
2.2455377e-06,-0.00400257
2.2455877e-06,-0.00514005
2.2456377e-06,-0.00505682
2.2456877e-06,-0.00480713
2.2457377e-06,-0.00439098
2.2457877e-06,-0.00217152
2.2458377e-06,4.79403e-05
2.2458877e-06,-0.00378063
2.2459377e-06,-0.0154883
2.2459877e-06,-0.0255036
2.2460377e-06,-0.021786
2.2460877e-06,-0.00633301
2.2461377e-06,0.00490301
2.2461877e-06,0.00162931
2.2462377e-06,-0.00827504
2.2462877e-06,-0.0106332
2.2463377e-06,-0.0035032
2.2463877e-06,0.00237837
2.2464377e-06,-0.00172763
2.2464877e-06,-0.0121036
2.2465377e-06,-0.0174026
2.2465877e-06,-0.0123533
2.2466377e-06,-0.00464067
2.2466877e-06,-0.00544522
2.2467377e-06,-0.014434
2.2467877e-06,-0.0194278
2.2468377e-06,-0.0127972
2.2468877e-06,-0.00194957
2.2469377e-06,0.00151833
2.2469877e-06,-0.00261541
2.2470377e-06,-0.00569491
2.2470877e-06,-0.00464067
2.2471377e-06,-0.00447421
2.2471877e-06,-0.0067769
2.2472377e-06,-0.00669367
2.2472877e-06,-0.0035032
2.2473377e-06,-0.00483487
2.2473877e-06,-0.0142398
2.2474377e-06,-0.0228402
2.2474877e-06,-0.0203988
2.2475377e-06,-0.00971768
2.2475877e-06,-0.00289284
2.2476377e-06,-0.00588912
2.2476877e-06,-0.0130469
2.2477377e-06,-0.0155438
2.2477877e-06,-0.0110771
2.2478377e-06,-0.00486262
2.2478877e-06,-0.00400257
2.2479377e-06,-0.0104668
2.2479877e-06,-0.0183736
2.2480377e-06,-0.0201214
2.2480877e-06,-0.0154605
2.2481377e-06,-0.0121313
2.2481877e-06,-0.0150721
2.2482377e-06,-0.0183458
2.2482877e-06,-0.0131024
2.2483377e-06,-0.00236572
2.2483877e-06,2.01971e-05
2.2484377e-06,-0.0110216
2.2484877e-06,-0.0222299
2.2485377e-06,-0.0184568
2.2485877e-06,-0.00339222
2.2486377e-06,0.00490301
2.2486877e-06,-0.00289284
2.2487377e-06,-0.0172361
2.2487877e-06,-0.0233396
2.2488377e-06,-0.0186788
2.2488877e-06,-0.012714
2.2489377e-06,-0.012603
2.2489877e-06,-0.0150444
2.2490377e-06,-0.0133243
2.2490877e-06,-0.00722079
2.2491377e-06,-0.00330899
2.2491877e-06,-0.00716531
2.2492377e-06,-0.0172638
2.2492877e-06,-0.0261694
2.2493377e-06,-0.0270017
2.2493877e-06,-0.0195665
2.2494377e-06,-0.01055
2.2494877e-06,-0.00716531
2.2495377e-06,-0.0109939
2.2495877e-06,-0.0174026
2.2496377e-06,-0.0211756
2.2496877e-06,-0.0215918
2.2497377e-06,-0.0214808
2.2497877e-06,-0.0208427
2.2498377e-06,-0.0152386
2.2498877e-06,-0.00386386
2.2499377e-06,0.00473655
2.2499877e-06,0.000907981
2.2500377e-06,-0.0122423
2.2500877e-06,-0.0201214
2.2501377e-06,-0.0140456
2.2501877e-06,-0.00158891
2.2502377e-06,0.00362682
2.2502877e-06,-0.00136697
2.2503377e-06,-0.00752597
2.2503877e-06,-0.00719305
2.2504377e-06,-0.00311479
2.2504877e-06,-0.00294833
2.2505377e-06,-0.0076092
2.2505877e-06,-0.00974543
2.2506377e-06,-0.00397483
2.2506877e-06,0.00418169
2.2507377e-06,0.00443137
2.2507877e-06,-0.00405806
2.2508377e-06,-0.010439
2.2508877e-06,-0.0067769
2.2509377e-06,0.00157382
2.2509877e-06,0.00476429
2.2510377e-06,0.00215643
2.2510877e-06,-7.54616e-06
2.2511377e-06,-0.000368208
2.2511877e-06,-0.0040858
2.2512377e-06,-0.0131856
2.2512877e-06,-0.020593
2.2513377e-06,-0.0179297
2.2513877e-06,-0.00655495
2.2514377e-06,0.00282227
2.2514877e-06,0.00273904
2.2515377e-06,-0.00311479
2.2515877e-06,-0.00674916
2.2516377e-06,-0.00597235
2.2516877e-06,-0.00344771
2.2517377e-06,-0.000395952
2.2517877e-06,0.00282227
2.2518377e-06,0.00334939
2.2518877e-06,-0.00103405
2.2519377e-06,-0.00622203
2.2519877e-06,-0.00514005
2.2520377e-06,0.00221191
2.2520877e-06,0.00731667
2.2521377e-06,0.00462558
2.2521877e-06,0.000325373
2.2522377e-06,0.00371005
2.2522877e-06,0.0126711
2.2523377e-06,0.0147796
2.2523877e-06,0.0041262
2.2524377e-06,-0.00932928
2.2524877e-06,-0.0110216
2.2525377e-06,0.000103427
2.2525877e-06,0.0101187
2.2526377e-06,0.00781605
2.2526877e-06,-0.00150568
2.2527377e-06,-0.00486262
2.2527877e-06,-0.000395952
2.2528377e-06,0.0010467
2.2528877e-06,-0.00663818
2.2529377e-06,-0.014434
2.2529877e-06,-0.0104945
2.2530377e-06,0.00218417
2.2530877e-06,0.00873158
2.2531377e-06,0.0030997
2.2531877e-06,-0.0036974
2.2532377e-06,-0.000229492
2.2532877e-06,0.00753862
2.2533377e-06,0.0055411
2.2533877e-06,-0.00588912
2.2534377e-06,-0.0121868
2.2534877e-06,-0.00735951
2.2535377e-06,-0.00258767
2.2535877e-06,-0.00680464
2.2536377e-06,-0.0121591
2.2536877e-06,-0.00821955
2.2537377e-06,-0.000479181
2.2537877e-06,-0.00231024
2.2538377e-06,-0.0128804
2.2538877e-06,-0.0162096
2.2539377e-06,-0.0045297
2.2539877e-06,0.00887029
2.2540377e-06,0.00678955
2.2540877e-06,-0.00805309
2.2541377e-06,-0.016487
2.2541877e-06,-0.00846924
2.2542377e-06,0.00481978
2.2542877e-06,0.00748313
2.2543377e-06,-0.00131148
2.2543877e-06,-0.00980091
2.2544377e-06,-0.010439
2.2544877e-06,-0.00674916
2.2545377e-06,-0.0055562
2.2545877e-06,-0.00846924
2.2546377e-06,-0.0116875
2.2546877e-06,-0.0112158
2.2547377e-06,-0.00747048
2.2547877e-06,-0.00458518
2.2548377e-06,-0.00464067
2.2548877e-06,-0.00486262
2.2549377e-06,-0.00194957
2.2549877e-06,0.00254483
2.2550377e-06,0.00401523
2.2550877e-06,0.000491832
2.2551377e-06,-0.00583363
2.2551877e-06,-0.0118817
2.2552377e-06,-0.0152941
2.2552877e-06,-0.0139347
2.2553377e-06,-0.00705433
2.2553877e-06,0.00232289
2.2554377e-06,0.00809348
2.2554877e-06,0.00626243
2.2555377e-06,-0.00097856
2.2555877e-06,-0.00774791
2.2556377e-06,-0.0107164
2.2556877e-06,-0.0103558
2.2557377e-06,-0.00661044
2.2557877e-06,0.00162931
2.2558377e-06,0.0100355
2.2558877e-06,0.00903675
2.2559377e-06,-0.0035032
2.2559877e-06,-0.0150444
2.2560377e-06,-0.0129914
2.2560877e-06,-0.00211603
2.2561377e-06,0.0032939
2.2561877e-06,0.00115767
2.2562377e-06,0.00193448
2.2562877e-06,0.00862061
2.2563377e-06,0.0110343
2.2563877e-06,0.003932
2.2564377e-06,-0.00311479
2.2564877e-06,-0.000506925
2.2565377e-06,0.00667858
2.2565877e-06,0.00651212
2.2566377e-06,-0.00275413
2.2566877e-06,-0.01141
2.2567377e-06,-0.0112991
2.2567877e-06,-0.00433549
2.2568377e-06,0.00154608
2.2568877e-06,0.000935724
2.2569377e-06,-0.00405806
2.2569877e-06,-0.00630526
2.2570377e-06,-0.00200506
2.2570877e-06,0.00312744
2.2571377e-06,2.01971e-05
2.2571877e-06,-0.0106887
2.2572377e-06,-0.0170696
2.2572877e-06,-0.0108552
2.2573377e-06,0.00135187
2.2573877e-06,0.00690052
2.2574377e-06,0.00296098
2.2574877e-06,-0.00289284
2.2575377e-06,-0.00547297
2.2575877e-06,-0.00724854
2.2576377e-06,-0.0106055
2.2576877e-06,-0.0116042
2.2577377e-06,-0.00633301
2.2577877e-06,0.00110218
2.2578377e-06,0.00223966
2.2578877e-06,-0.00475164
2.2579377e-06,-0.0127694
2.2579877e-06,-0.0150166
2.2580377e-06,-0.0124365
2.2580877e-06,-0.00974543
2.2581377e-06,-0.00777566
2.2581877e-06,-0.00425226
2.2582377e-06,-0.00089533
2.2582877e-06,-0.00297607
2.2583377e-06,-0.0106887
2.2583877e-06,-0.0157935
2.2584377e-06,-0.011521
2.2584877e-06,-0.00314253
2.2585377e-06,-0.00233798
2.2585877e-06,-0.0116042
2.2586377e-06,-0.0196498
2.2586877e-06,-0.0159877
2.2587377e-06,-0.00544522
2.2587877e-06,-0.00189409
2.2588377e-06,-0.00896862
2.2588877e-06,-0.0155993
2.2589377e-06,-0.0122978
2.2589877e-06,-0.00364191
2.2590377e-06,-0.000118519
2.2590877e-06,-0.00372514
2.2591377e-06,-0.00819181
2.2591877e-06,-0.00921831
2.2592377e-06,-0.00855247
2.2592877e-06,-0.00899636
2.2593377e-06,-0.0107442
2.2593877e-06,-0.0125475
2.2594377e-06,-0.0139901
2.2594877e-06,-0.0155438
2.2595377e-06,-0.0171806
2.2595877e-06,-0.0170419
2.2596377e-06,-0.0128527
2.2596877e-06,-0.00572266
2.2597377e-06,-0.000728871
2.2597877e-06,-0.00125599
2.2598377e-06,-0.00486262
2.2598877e-06,-0.00661044
2.2599377e-06,-0.00483487
2.2599877e-06,-0.00139471
2.2600377e-06,0.00132413
2.2600877e-06,0.00107444
2.2601377e-06,-0.00378063
2.2601877e-06,-0.0115765
2.2602377e-06,-0.016487
2.2602877e-06,-0.0140734
2.2603377e-06,-0.00669367
2.2603877e-06,-0.00097856
2.2604377e-06,-0.00103405
2.2604877e-06,-0.00563943
2.2605377e-06,-0.0110216
2.2605877e-06,-0.0140734
2.2606377e-06,-0.0146005
2.2606877e-06,-0.0146282
2.2607377e-06,-0.0151276
2.2607877e-06,-0.0142676
2.2608377e-06,-0.0103558
2.2608877e-06,-0.00547297
2.2609377e-06,-0.00325351
2.2609877e-06,-0.00433549
2.2610377e-06,-0.00649947
2.2610877e-06,-0.00905185
2.2611377e-06,-0.0127694
2.2611877e-06,-0.0161541
2.2612377e-06,-0.0151554
2.2612877e-06,-0.00913508
2.2613377e-06,-0.00336448
2.2613877e-06,-0.00322576
2.2614377e-06,-0.00805309
2.2614877e-06,-0.0125752
2.2615377e-06,-0.0131301
2.2615877e-06,-0.0103003
2.2616377e-06,-0.0069711
2.2616877e-06,-0.00563943
2.2617377e-06,-0.00580589
2.2617877e-06,-0.00430775
2.2618377e-06,0.000408603
2.2618877e-06,0.00457009
2.2619377e-06,0.00334939
2.2619877e-06,-0.00206055
2.2620377e-06,-0.00508456
2.2620877e-06,-0.00289284
2.2621377e-06,0.000158913
2.2621877e-06,-0.000257235
2.2622377e-06,-0.00231024
2.2622877e-06,-0.00258767
2.2623377e-06,-0.00211603
2.2623877e-06,-0.00439098
2.2624377e-06,-0.00919056
2.2624877e-06,-0.0134075
2.2625377e-06,-0.0147115
2.2625877e-06,-0.0118262
2.2626377e-06,-0.00397483
2.2626877e-06,0.0049585
2.2627377e-06,0.00631792
2.2627877e-06,-0.00361417
2.2628377e-06,-0.0170419
2.2628877e-06,-0.0225351
2.2629377e-06,-0.0174303
2.2629877e-06,-0.00860795
2.2630377e-06,-0.0038916
2.2630877e-06,-0.00588912
2.2631377e-06,-0.0113823
2.2631877e-06,-0.0146282
2.2632377e-06,-0.0123533
2.2632877e-06,-0.00686013
2.2633377e-06,-0.00231024
2.2633877e-06,0.000158913
2.2634377e-06,0.00140736
2.2634877e-06,-3.52894e-05
2.2635377e-06,-0.00641624
2.2635877e-06,-0.014656
2.2636377e-06,-0.0171529
2.2636877e-06,-0.0118539
2.2637377e-06,-0.00605558
2.2637877e-06,-0.00638849
2.2638377e-06,-0.00960671
2.2638877e-06,-0.00855247
2.2639377e-06,-0.00386386
2.2639877e-06,-0.00214378
2.2640377e-06,-0.00469616
2.2640877e-06,-0.00538974
2.2641377e-06,-0.000506925
2.2641877e-06,0.00567982
2.2642377e-06,0.00762185
2.2642877e-06,0.00579079
2.2643377e-06,0.00365456
2.2643877e-06,0.00140736
2.2644377e-06,-0.00347545
2.2644877e-06,-0.0107442
2.2645377e-06,-0.0155993
2.2645877e-06,-0.0145728
2.2646377e-06,-0.0107164
2.2646877e-06,-0.0107442
2.2647377e-06,-0.0162928
2.2647877e-06,-0.0212589
2.2648377e-06,-0.0194001
2.2648877e-06,-0.0126307
2.2649377e-06,-0.00821955
2.2649877e-06,-0.00919056
2.2650377e-06,-0.01055
2.2650877e-06,-0.00699885
2.2651377e-06,-0.0016444
2.2651877e-06,-0.0028651
2.2652377e-06,-0.0129359
2.2652877e-06,-0.0230067
2.2653377e-06,-0.0223409
2.2653877e-06,-0.0107997
2.2654377e-06,0.000158913
2.2654877e-06,-0.000257235
2.2655377e-06,-0.0101338
2.2655877e-06,-0.0169309
2.2656377e-06,-0.0122701
2.2656877e-06,-0.00239347
2.2657377e-06,0.000186657
2.2657877e-06,-0.0065827
2.2658377e-06,-0.0126862
2.2658877e-06,-0.0114933
2.2659377e-06,-0.00735951
2.2659877e-06,-0.00558394
2.2660377e-06,-0.00400257
2.2660877e-06,-9.07759e-05
2.2661377e-06,0.00315518
2.2661877e-06,0.00359908
2.2662377e-06,0.00481978
2.2662877e-06,0.00864835
2.2663377e-06,0.00964711
2.2663877e-06,0.00365456
2.2664377e-06,-0.00400257
2.2664877e-06,-0.00577814
2.2665377e-06,-0.00308705
2.2665877e-06,-0.00261541
2.2666377e-06,-0.00436324
2.2666877e-06,-0.00239347
2.2667377e-06,0.00340487
2.2667877e-06,0.00567982
2.2668377e-06,0.00121316
2.2668877e-06,-0.00428001
2.2669377e-06,-0.00552845
2.2669877e-06,-0.0051123
2.2670377e-06,-0.00733176
2.2670877e-06,-0.0101338
2.2671377e-06,-0.00860795
2.2671877e-06,-0.00339222
2.2672377e-06,-3.52894e-05
2.2672877e-06,-0.000728871
2.2673377e-06,-0.00147794
2.2673877e-06,0.000963468
2.2674377e-06,0.00379328
2.2674877e-06,0.00262806
2.2675377e-06,-0.00233798
2.2675877e-06,-0.00747048
2.2676377e-06,-0.0105222
2.2676877e-06,-0.01141
2.2677377e-06,-0.0104113
2.2677877e-06,-0.00763694
2.2678377e-06,-0.00383612
2.2678877e-06,-0.000728871
2.2679377e-06,4.79403e-05
2.2679877e-06,-0.00111728
2.2680377e-06,-0.000451438
2.2680877e-06,0.0055411
2.2681377e-06,0.0134757
2.2681877e-06,0.0139196
2.2682377e-06,0.00240612
2.2682877e-06,-0.0123256
2.2683377e-06,-0.016487
2.2683877e-06,-0.00827504
2.2684377e-06,-0.000340465
2.2684877e-06,-0.00275413
2.2685377e-06,-0.00971768
2.2685877e-06,-0.00935702
2.2686377e-06,-0.0024767
2.2686877e-06,-0.00156117
2.2687377e-06,-0.0114655
2.2687877e-06,-0.0202879
2.2688377e-06,-0.0151276
2.2688877e-06,-0.000174006
2.2689377e-06,0.00837092
2.2689877e-06,0.00254483
2.2690377e-06,-0.0086357
2.2690877e-06,-0.0122701
2.2691377e-06,-0.00716531
2.2691877e-06,-0.00311479
2.2692377e-06,-0.0069711
2.2692877e-06,-0.0149889
2.2693377e-06,-0.0185955
2.2693877e-06,-0.0149057
2.2694377e-06,-0.00891313
2.2694877e-06,-0.00666593
2.2695377e-06,-0.0084415
2.2695877e-06,-0.0102171
2.2696377e-06,-0.00993963
2.2696877e-06,-0.0101061
2.2697377e-06,-0.0130746
2.2697877e-06,-0.0161819
2.2698377e-06,-0.0141289
2.2698877e-06,-0.00597235
2.2699377e-06,0.00201771
2.2699877e-06,0.00201771
2.2700377e-06,-0.00699885
2.2700877e-06,-0.0168754
2.2701377e-06,-0.0177077
2.2701877e-06,-0.00919056
2.2702377e-06,-0.00200506
2.2702877e-06,-0.00527876
2.2703377e-06,-0.0144895
2.2703877e-06,-0.0174303
2.2704377e-06,-0.0108274
2.2704877e-06,-0.00400257
2.2705377e-06,-0.00394709
2.2705877e-06,-0.00577814
2.2706377e-06,-0.00347545
2.2706877e-06,-0.00128374
2.2707377e-06,-0.00630526
2.2707877e-06,-0.0149334
2.2708377e-06,-0.01682
2.2708877e-06,-0.00993963
2.2709377e-06,-0.00294833
2.2709877e-06,-0.00294833
2.2710377e-06,-0.00808083
2.2710877e-06,-0.012381
2.2711377e-06,-0.0126307
2.2711877e-06,-0.00952348
2.2712377e-06,-0.00608332
2.2712877e-06,-0.00477939
2.2713377e-06,-0.00464067
2.2713877e-06,-0.00253218
2.2714377e-06,0.00151833
2.2714877e-06,0.00235063
2.2715377e-06,-0.00300382
2.2715877e-06,-0.00949574
2.2716377e-06,-0.0096622
2.2716877e-06,-0.00439098
2.2717377e-06,-0.00194957
2.2717877e-06,-0.0057504
2.2718377e-06,-0.00916282
2.2718877e-06,-0.00486262
2.2719377e-06,0.00457009
2.2719877e-06,0.00956388
2.2720377e-06,0.00501398
2.2720877e-06,-0.00466841
2.2721377e-06,-0.012492
2.2721877e-06,-0.0167922
2.2722377e-06,-0.0195665
2.2722877e-06,-0.0191781
2.2723377e-06,-0.011632
2.2723877e-06,0.000880238
2.2724377e-06,0.00887029
2.2724877e-06,0.0063734
2.2725377e-06,-0.0014502
2.2725877e-06,-0.00494585
2.2726377e-06,-0.00197732
2.2726877e-06,-0.000146262
2.2727377e-06,-0.00633301
2.2727877e-06,-0.0161541
2.2728377e-06,-0.0173193
2.2728877e-06,-0.00588912
2.2729377e-06,0.00548562
2.2729877e-06,0.00182351
2.2730377e-06,-0.0137405
2.2730877e-06,-0.0226183
2.2731377e-06,-0.0157657
2.2731877e-06,-0.00514005
2.2732377e-06,-0.00519553
2.2732877e-06,-0.0125198
2.2733377e-06,-0.0138792
2.2733877e-06,-0.00772017
2.2734377e-06,-0.00502907
2.2734877e-06,-0.0108552
2.2735377e-06,-0.016487
2.2735877e-06,-0.0128804
2.2736377e-06,-0.00264316
2.2736877e-06,0.00565208
2.2737377e-06,0.008038
2.2737877e-06,0.00573531
2.2738377e-06,0.000713778
2.2738877e-06,-0.0036974
2.2739377e-06,-0.00328125
2.2739877e-06,0.00140736
2.2740377e-06,0.00323841
2.2740877e-06,-0.0018386
2.2741377e-06,-0.0078034
2.2741877e-06,-0.00719305
2.2742377e-06,-0.00242121
2.2742877e-06,-0.00150568
2.2743377e-06,-0.0055562
2.2743877e-06,-0.00871893
2.2744377e-06,-0.00810858
2.2744877e-06,-0.00588912
2.2745377e-06,-0.0020328
2.2745877e-06,0.00501398
2.2746377e-06,0.0105626
2.2746877e-06,0.00609597
2.2747377e-06,-0.00722079
2.2747877e-06,-0.016487
2.2748377e-06,-0.0130746
2.2748877e-06,-0.00353094
2.2749377e-06,0.00110218
2.2749877e-06,-6.30327e-05
2.2750377e-06,-0.000423695
2.2750877e-06,0.00196222
2.2751377e-06,0.00285001
2.2751877e-06,0.000269886
2.2752377e-06,-0.00206055
2.2752877e-06,-0.000479181
2.2753377e-06,0.00379328
2.2753877e-06,0.00681729
2.2754377e-06,0.00651212
2.2754877e-06,0.00343262
2.2755377e-06,-0.000368208
2.2755877e-06,-0.00211603
2.2756377e-06,-0.000479181
2.2756877e-06,0.00198997
2.2757377e-06,0.000769265
2.2757877e-06,-0.0047239
2.2758377e-06,-0.00905185
2.2758877e-06,-0.00683239
2.2759377e-06,0.000575062
2.2759877e-06,0.00651212
2.2760377e-06,0.00609597
2.2760877e-06,0.000852495
2.2761377e-06,-0.00297607
2.2761877e-06,-0.00122825
2.2762377e-06,0.00251709
2.2762877e-06,-0.000146262
2.2763377e-06,-0.0112436
2.2763877e-06,-0.0209814
2.2764377e-06,-0.0181794
2.2764877e-06,-0.0049181
2.2765377e-06,0.00562433
2.2765877e-06,0.00595725
2.2766377e-06,0.00168479
2.2766877e-06,0.000242143
2.2767377e-06,0.000713778
2.2767877e-06,-0.000728871
2.2768377e-06,-0.00206055
2.2768877e-06,-0.000284979
2.2769377e-06,0.000769265
2.2769877e-06,-0.00455744
2.2770377e-06,-0.0135185
2.2770877e-06,-0.0169587
2.2771377e-06,-0.0107442
2.2771877e-06,-0.000617898
2.2772377e-06,0.00418169
2.2772877e-06,-7.54616e-06
2.2773377e-06,-0.00891313
2.2773877e-06,-0.014767
2.2774377e-06,-0.0137959
2.2774877e-06,-0.00952348
2.2775377e-06,-0.00860795
2.2775877e-06,-0.0132411
2.2776377e-06,-0.0182071
2.2776877e-06,-0.0162096
2.2777377e-06,-0.00652721
2.2777877e-06,0.00196222
2.2778377e-06,-0.00089533
2.2778877e-06,-0.0140456
2.2779377e-06,-0.0235893
2.2779877e-06,-0.0175135
2.2780377e-06,-0.000479181
2.2780877e-06,0.0103129
2.2781377e-06,0.00468106
2.2781877e-06,-0.00932928
2.2782377e-06,-0.0159044
2.2782877e-06,-0.00866344
2.2783377e-06,0.00423717
2.2783877e-06,0.0102297
2.2784377e-06,0.00531916
2.2784877e-06,-0.00261541
2.2785377e-06,-0.00328125
2.2785877e-06,0.00390425
2.2786377e-06,0.0100078
2.2786877e-06,0.00870384
2.2787377e-06,0.00332164
2.2787877e-06,-0.000784357
2.2788377e-06,-0.00405806
2.2788877e-06,-0.00919056
2.2789377e-06,-0.0139069
2.2789877e-06,-0.0134908
2.2790377e-06,-0.0084415
2.2790877e-06,-0.00455744
2.2791377e-06,-0.00489036
2.2791877e-06,-0.00602783
2.2792377e-06,-0.00464067
2.2792877e-06,-0.00355868
2.2793377e-06,-0.00686013
2.2793877e-06,-0.0116042
2.2794377e-06,-0.0106887
2.2794877e-06,-0.00416903
2.2795377e-06,-0.000340465
2.2795877e-06,-0.00411355
2.2796377e-06,-0.01055
2.2796877e-06,-0.0129636
2.2797377e-06,-0.0117984
2.2797877e-06,-0.0105222
2.2798377e-06,-0.00824729
2.2798877e-06,-0.00333674
2.2799377e-06,-0.000423695
2.2799877e-06,-0.00577814
2.2800377e-06,-0.0165703
2.2800877e-06,-0.0220634
2.2801377e-06,-0.0172084
2.2801877e-06,-0.00916282
2.2802377e-06,-0.00708208
2.2802877e-06,-0.0100783
2.2803377e-06,-0.01055
2.2803877e-06,-0.00710982
2.2804377e-06,-0.00661044
2.2804877e-06,-0.0122423
2.2805377e-06,-0.0177355
2.2805877e-06,-0.0170142
2.2806377e-06,-0.0128249
2.2806877e-06,-0.0109384
2.2807377e-06,-0.0111326
2.2807877e-06,-0.00935702
2.2808377e-06,-0.00547297
2.2808877e-06,-0.00353094
2.2809377e-06,-0.00500133
2.2809877e-06,-0.00636075
2.2810377e-06,-0.00469616
2.2810877e-06,-0.00197732
2.2811377e-06,-0.00214378
2.2811877e-06,-0.00591686
2.2812377e-06,-0.0108552
2.2812877e-06,-0.014545
2.2813377e-06,-0.0161541
2.2813877e-06,-0.015738
2.2814377e-06,-0.0137127
2.2814877e-06,-0.0116597
2.2815377e-06,-0.0113268
2.2815877e-06,-0.0119926
2.2816377e-06,-0.0101616
2.2816877e-06,-0.00464067
2.2817377e-06,0.000519576
2.2817877e-06,0.00110218
2.2818377e-06,-0.00169988
2.2818877e-06,-0.00458518
2.2819377e-06,-0.00755371
2.2819877e-06,-0.0119094
2.2820377e-06,-0.0153773
2.2820877e-06,-0.0143786
2.2821377e-06,-0.00944025
2.2821877e-06,-0.00439098
2.2822377e-06,-0.00158891
2.2822877e-06,-0.00120051
2.2823377e-06,-0.0036974
2.2823877e-06,-0.00858021
2.2824377e-06,-0.0121036
2.2824877e-06,-0.0111326
2.2825377e-06,-0.00858021
2.2825877e-06,-0.00974543
2.2826377e-06,-0.0137682
2.2826877e-06,-0.0144618
2.2827377e-06,-0.010328
2.2827877e-06,-0.00691562
2.2828377e-06,-0.00738725
2.2828877e-06,-0.00791437
2.2829377e-06,-0.00475164
2.2829877e-06,-0.000506925
2.2830377e-06,0.000325373
2.2830877e-06,-0.00253218
2.2831377e-06,-0.00588912
2.2831877e-06,-0.00808083
2.2832377e-06,-0.00955123
2.2832877e-06,-0.0101616
2.2833377e-06,-0.0084415
2.2833877e-06,-0.00414129
2.2834377e-06,-0.000451438
2.2834877e-06,-0.00206055
2.2835377e-06,-0.00955123
2.2835877e-06,-0.0161264
2.2836377e-06,-0.0140734
2.2836877e-06,-0.00552845
2.2837377e-06,-0.00172763
2.2837877e-06,-0.0084415
2.2838377e-06,-0.0170142
2.2838877e-06,-0.0159044
2.2839377e-06,-0.00649947
2.2839877e-06,-0.000479181
2.2840377e-06,-0.00328125
2.2840877e-06,-0.00830278
2.2841377e-06,-0.00741499
2.2841877e-06,-0.0010063
2.2842377e-06,0.00537464
2.2842877e-06,0.00709473
2.2843377e-06,0.00198997
2.2843877e-06,-0.00849698
2.2844377e-06,-0.0166535
2.2844877e-06,-0.0147115
2.2845377e-06,-0.00530651
2.2845877e-06,0.000713778
2.2846377e-06,-0.00206055
2.2846877e-06,-0.0090241
2.2847377e-06,-0.0143786
2.2847877e-06,-0.0162651
2.2848377e-06,-0.0134075
2.2848877e-06,-0.00552845
2.2849377e-06,0.00240612
2.2849877e-06,0.00301647
2.2850377e-06,-0.00455744
2.2850877e-06,-0.0124643
2.2851377e-06,-0.0126307
2.2851877e-06,-0.00605558
2.2852377e-06,-0.00153343
2.2852877e-06,-0.00561168
2.2853377e-06,-0.0150444
2.2853877e-06,-0.020704
2.2854377e-06,-0.0186788
2.2854877e-06,-0.0141843
2.2855377e-06,-0.0127694
2.2855877e-06,-0.0122701
2.2856377e-06,-0.00860795
2.2856877e-06,-0.00577814
2.2857377e-06,-0.0106887
2.2857877e-06,-0.0191226
2.2858377e-06,-0.0186788
2.2858877e-06,-0.00791437
2.2859377e-06,0.00013117
2.2859877e-06,-0.00272638
2.2860377e-06,-0.0084415
2.2860877e-06,-0.00772017
2.2861377e-06,-0.00461293
2.2861877e-06,-0.00835827
2.2862377e-06,-0.0175135
2.2862877e-06,-0.0222299
2.2863377e-06,-0.0175413
2.2863877e-06,-0.00763694
2.2864377e-06,0.000491832
2.2864877e-06,0.00240612
2.2865377e-06,-0.0028651
2.2865877e-06,-0.0109939
2.2866377e-06,-0.0142953
2.2866877e-06,-0.0107442
2.2867377e-06,-0.00888539
2.2867877e-06,-0.0169587
2.2868377e-06,-0.0293044
2.2868877e-06,-0.0317458
2.2869377e-06,-0.0200382
2.2869877e-06,-0.00538974
2.2870377e-06,-0.000229492
2.2870877e-06,-0.00536199
2.2871377e-06,-0.0129914
2.2871877e-06,-0.0160709
2.2872377e-06,-0.0127694
2.2872877e-06,-0.00616655
2.2873377e-06,-0.00275413
2.2873877e-06,-0.00674916
2.2874377e-06,-0.0141011
2.2874877e-06,-0.0166258
2.2875377e-06,-0.0130191
2.2875877e-06,-0.0106055
2.2876377e-06,-0.013574
2.2876877e-06,-0.0162096
2.2877377e-06,-0.0117707
2.2877877e-06,-0.00322576
2.2878377e-06,0.00110218
2.2878877e-06,-0.00117276
2.2879377e-06,-0.00547297
2.2879877e-06,-0.00838601
2.2880377e-06,-0.0106055
2.2880877e-06,-0.0125752
2.2881377e-06,-0.0124643
2.2881877e-06,-0.00977317
2.2882377e-06,-0.00699885
2.2882877e-06,-0.00688787
2.2883377e-06,-0.0103003
2.2883877e-06,-0.0158212
2.2884377e-06,-0.0195111
2.2884877e-06,-0.0169032
2.2885377e-06,-0.00752597
2.2885877e-06,0.00235063
2.2886377e-06,0.00454235
2.2886877e-06,-0.00269864
2.2887377e-06,-0.0124365
2.2887877e-06,-0.0160154
2.2888377e-06,-0.0115765
2.2888877e-06,-0.00480713
2.2889377e-06,-0.00211603
2.2889877e-06,-0.00419678
2.2890377e-06,-0.00722079
2.2890877e-06,-0.00791437
2.2891377e-06,-0.00619429
2.2891877e-06,-0.00469616
2.2892377e-06,-0.00611106
2.2892877e-06,-0.00996737
2.2893377e-06,-0.0115487
2.2893877e-06,-0.00641624
2.2894377e-06,0.0032939
2.2894877e-06,0.00961936
2.2895377e-06,0.00687278
2.2895877e-06,-0.0014502
2.2896377e-06,-0.00624978
2.2896877e-06,-0.00397483
2.2897377e-06,-0.000923074
2.2897877e-06,-0.00416903
2.2898377e-06,-0.0114655
2.2898877e-06,-0.0150444
2.2899377e-06,-0.0128249
2.2899877e-06,-0.00905185
2.2900377e-06,-0.00627752
2.2900877e-06,-0.00325351
2.2901377e-06,-0.000229492
2.2901877e-06,-3.52894e-05
2.2902377e-06,-0.00308705
2.2902877e-06,-0.00641624
2.2903377e-06,-0.00735951
2.2903877e-06,-0.00577814
2.2904377e-06,-0.00253218
2.2904877e-06,0.000602805
2.2905377e-06,-0.000146262
2.2905877e-06,-0.00666593
2.2906377e-06,-0.013574
2.2906877e-06,-0.0122978
2.2907377e-06,-0.00253218
2.2907877e-06,0.0051527
2.2908377e-06,0.00201771
2.2908877e-06,-0.0084415
2.2909377e-06,-0.0158212
2.2909877e-06,-0.0151276
2.2910377e-06,-0.00991189
2.2910877e-06,-0.00652721
2.2911377e-06,-0.00758145
2.2911877e-06,-0.0101338
2.2912377e-06,-0.00960671
2.2912877e-06,-0.00541748
2.2913377e-06,-0.00125599
2.2913877e-06,0.000242143
2.2914377e-06,-0.000118519
2.2914877e-06,-0.00128374
2.2915377e-06,-0.00416903
2.2915877e-06,-0.00891313
2.2916377e-06,-0.0123256
2.2916877e-06,-0.0107442
2.2917377e-06,-0.00464067
2.2917877e-06,0.000935724
2.2918377e-06,0.000852495
2.2918877e-06,-0.00508456
2.2919377e-06,-0.0114933
2.2919877e-06,-0.0119649
2.2920377e-06,-0.00602783
2.2920877e-06,-0.00097856
2.2921377e-06,-0.00361417
2.2921877e-06,-0.0108552
2.2922377e-06,-0.0127972
2.2922877e-06,-0.00611106
2.2923377e-06,0.00146285
2.2923877e-06,0.00212868
2.2924377e-06,-0.00181086
2.2924877e-06,-0.00319802
2.2925377e-06,-0.0010063
2.2925877e-06,0.000269886
2.2926377e-06,-3.52894e-05
2.2926877e-06,0.00137962
2.2927377e-06,0.00251709
2.2927877e-06,-0.00344771
2.2928377e-06,-0.0147115
2.2928877e-06,-0.0178465
2.2929377e-06,-0.00627752
2.2929877e-06,0.00695601
2.2930377e-06,0.00576305
2.2930877e-06,-0.00733176
2.2931377e-06,-0.0167367
2.2931877e-06,-0.016709
2.2932377e-06,-0.0153773
2.2932877e-06,-0.0178187
2.2933377e-06,-0.0180684
2.2933877e-06,-0.011632
2.2934377e-06,-0.00489036
2.2934877e-06,-0.00572266
2.2935377e-06,-0.0114378
2.2935877e-06,-0.0136017
2.2936377e-06,-0.0108274
2.2936877e-06,-0.00919056
2.2937377e-06,-0.0106055
2.2937877e-06,-0.00894087
2.2938377e-06,-0.000784357
2.2938877e-06,0.00592951
2.2939377e-06,0.00118541
2.2939877e-06,-0.0119371
2.2940377e-06,-0.0185123
2.2940877e-06,-0.0100506
2.2941377e-06,0.00465332
2.2941877e-06,0.00956388
2.2942377e-06,-0.00111728
2.2942877e-06,-0.0179019
2.2943377e-06,-0.0260307
2.2943877e-06,-0.0193446
2.2944377e-06,-0.0055562
2.2944877e-06,0.00235063
2.2945377e-06,0.000186657
2.2945877e-06,-0.00347545
2.2946377e-06,0.000713778
2.2946877e-06,0.0101742
2.2947377e-06,0.0141415
2.2947877e-06,0.00773282
2.2948377e-06,-0.0028651
2.2948877e-06,-0.00938477
2.2949377e-06,-0.00935702
2.2949877e-06,-0.0055562
2.2950377e-06,-0.00214378
2.2950877e-06,-0.00292059
2.2951377e-06,-0.00733176
2.2951877e-06,-0.00866344
2.2952377e-06,-0.00233798
2.2952877e-06,0.00504173
2.2953377e-06,0.00343262
2.2953877e-06,-0.00414129
2.2954377e-06,-0.00450195
2.2954877e-06,0.00426491
2.2955377e-06,0.00681729
2.2955877e-06,-0.00716531
2.2956377e-06,-0.0252816
2.2956877e-06,-0.0267243
2.2957377e-06,-0.00860795
2.2957877e-06,0.0114227
2.2958377e-06,0.0169436
2.2958877e-06,0.00828769
2.2959377e-06,-0.00344771
2.2959877e-06,-0.0100783
2.2960377e-06,-0.0109939
2.2960877e-06,-0.00949574
2.2961377e-06,-0.00846924
2.2961877e-06,-0.00849698
2.2962377e-06,-0.0079976
2.2962877e-06,-0.00602783
2.2963377e-06,-0.00483487
2.2963877e-06,-0.00788663
2.2964377e-06,-0.014767
2.2964877e-06,-0.0196775
2.2965377e-06,-0.0171529
2.2965877e-06,-0.0088299
2.2966377e-06,-0.00219926
2.2966877e-06,-0.00225475
2.2967377e-06,-0.00608332
2.2967877e-06,-0.00744274
2.2968377e-06,-0.00439098
2.2968877e-06,-0.000284979
2.2969377e-06,0.00135187
2.2969877e-06,0.000935724
2.2970377e-06,0.000547319
2.2970877e-06,-0.000257235
2.2971377e-06,-0.00500133
2.2971877e-06,-0.014767
2.2972377e-06,-0.0234783
2.2972877e-06,-0.0234783
2.2973377e-06,-0.0157935
2.2973877e-06,-0.00891313
2.2974377e-06,-0.0057504
2.2974877e-06,-0.000229492
2.2975377e-06,0.00881481
2.2975877e-06,0.0106181
2.2976377e-06,-0.00192183
2.2976877e-06,-0.0178187
2.2977377e-06,-0.0198995
2.2977877e-06,-0.00788663
2.2978377e-06,0.00129639
2.2978877e-06,-0.00428001
2.2979377e-06,-0.0176245
2.2979877e-06,-0.0235893
2.2980377e-06,-0.0171806
2.2980877e-06,-0.00702659
2.2981377e-06,-0.00361417
2.2981877e-06,-0.00835827
2.2982377e-06,-0.0149334
2.2982877e-06,-0.0179574
2.2983377e-06,-0.0174858
2.2983877e-06,-0.0157657
2.2984377e-06,-0.0131024
2.2984877e-06,-0.00913508
2.2985377e-06,-0.00566717
2.2985877e-06,-0.00508456
2.2986377e-06,-0.0065827
2.2986877e-06,-0.00716531
2.2987377e-06,-0.00686013
2.2987877e-06,-0.00874667
2.2988377e-06,-0.0128249
2.2988877e-06,-0.0136295
2.2989377e-06,-0.00680464
2.2989877e-06,0.0034881
2.2990377e-06,0.008038
2.2990877e-06,0.0034881
2.2991377e-06,-0.00422452
2.2991877e-06,-0.00744274
2.2992377e-06,-0.00477939
2.2992877e-06,-0.000756614
2.2993377e-06,-0.000590154
2.2993877e-06,-0.00630526
2.2994377e-06,-0.0152663
2.2994877e-06,-0.0212589
2.2995377e-06,-0.0189562
2.2995877e-06,-0.00866344
2.2996377e-06,0.00315518
2.2996877e-06,0.00864835
2.2997377e-06,0.00484752
2.2997877e-06,-0.00444647
2.2998377e-06,-0.0125475
2.2998877e-06,-0.0155715
2.2999377e-06,-0.0141011
2.2999877e-06,-0.0107442
2.3000377e-06,-0.00766468
2.3000877e-06,-0.00633301
2.3001377e-06,-0.00747048
2.3001877e-06,-0.00963445
2.3002377e-06,-0.009468
2.3002877e-06,-0.00611106
2.3003377e-06,-0.00353094
2.3003877e-06,-0.00600009
2.3004377e-06,-0.0119926
2.3004877e-06,-0.0158489
2.3005377e-06,-0.0139901
2.3005877e-06,-0.00724854
2.3006377e-06,0.000380859
2.3006877e-06,0.0030997
2.3007377e-06,-0.0035032
2.3007877e-06,-0.0166258
2.3008377e-06,-0.0261139
2.3008877e-06,-0.0237835
2.3009377e-06,-0.0122978
2.3009877e-06,-0.00211603
2.3010377e-06,-0.000950817
2.3010877e-06,-0.00694336
2.3011377e-06,-0.01141
2.3011877e-06,-0.00794212
2.3012377e-06,-0.000423695
2.3012877e-06,-0.000229492
2.3013377e-06,-0.0115765
2.3013877e-06,-0.022868
2.3014377e-06,-0.0184568
2.3014877e-06,0.00013117
2.3015377e-06,0.0130318
2.3015877e-06,0.0051527
2.3016377e-06,-0.0157657
2.3016877e-06,-0.0283889
2.3017377e-06,-0.0221467
2.3017877e-06,-0.0065827
2.3018377e-06,0.00174028
2.3018877e-06,-0.00333674
2.3019377e-06,-0.0139901
2.3019877e-06,-0.0189007
2.3020377e-06,-0.0144895
2.3020877e-06,-0.00630526
2.3021377e-06,-0.00206055
2.3021877e-06,-0.00378063
2.3022377e-06,-0.00769243
2.3022877e-06,-0.0096622
2.3023377e-06,-0.00938477
2.3023877e-06,-0.00927379
2.3024377e-06,-0.0113823
2.3024877e-06,-0.0152941
2.3025377e-06,-0.0182349
2.3025877e-06,-0.0172638
2.3026377e-06,-0.0129359
2.3026877e-06,-0.00907959
2.3027377e-06,-0.00813632
2.3027877e-06,-0.00791437
2.3028377e-06,-0.00586137
2.3028877e-06,-0.00405806
2.3029377e-06,-0.00649947
2.3029877e-06,-0.0120204
2.3030377e-06,-0.0148779
2.3030877e-06,-0.0127417
2.3031377e-06,-0.00930154
2.3031877e-06,-0.00794212
2.3032377e-06,-0.00741499
2.3032877e-06,-0.0059446
2.3033377e-06,-0.0055562
2.3033877e-06,-0.00810858
2.3034377e-06,-0.0104113
2.3034877e-06,-0.00810858
2.3035377e-06,-0.00300382
2.3035877e-06,-0.00106179
2.3036377e-06,-0.00353094
2.3036877e-06,-0.0057504
2.3037377e-06,-0.00508456
2.3037877e-06,-0.00461293
2.3038377e-06,-0.00705433
2.3038877e-06,-0.0098564
2.3039377e-06,-0.00974543
2.3039877e-06,-0.00796986
2.3040377e-06,-0.0079976
2.3040877e-06,-0.00935702
2.3041377e-06,-0.00880216
2.3041877e-06,-0.00563943
2.3042377e-06,-0.00280961
2.3042877e-06,-0.0028651
2.3043377e-06,-0.00563943
2.3043877e-06,-0.00963445
2.3044377e-06,-0.0126307
2.3044877e-06,-0.0120204
2.3045377e-06,-0.0078034
2.3045877e-06,-0.0047239
2.3046377e-06,-0.00730402
2.3046877e-06,-0.012714
2.3047377e-06,-0.0135185
2.3047877e-06,-0.00813632
2.3048377e-06,-0.00336448
2.3048877e-06,-0.00430775
2.3049377e-06,-0.00741499
2.3049877e-06,-0.00755371
2.3050377e-06,-0.00624978
2.3050877e-06,-0.00766468
2.3051377e-06,-0.0100783
2.3051877e-06,-0.00802535
2.3052377e-06,-0.00167214
2.3052877e-06,0.00223966
2.3053377e-06,0.000103427
2.3053877e-06,-0.00283736
2.3054377e-06,0.000158913
2.3054877e-06,0.0073999
2.3055377e-06,0.0102297
2.3055877e-06,0.00423717
2.3056377e-06,-0.00516779
2.3056877e-06,-0.00924605
2.3057377e-06,-0.00538974
2.3057877e-06,0.00185125
2.3058377e-06,0.0061792
2.3058877e-06,0.00409846
2.3059377e-06,-0.00375289
2.3059877e-06,-0.0121036
2.3060377e-06,-0.013574
2.3060877e-06,-0.00577814
2.3061377e-06,0.00448686
2.3061877e-06,0.00789928
2.3062377e-06,0.00287775
2.3062877e-06,-0.00386386
2.3063377e-06,-0.00683239
2.3063877e-06,-0.00688787
2.3064377e-06,-0.00741499
2.3064877e-06,-0.00935702
2.3065377e-06,-0.0112991
2.3065877e-06,-0.01141
2.3066377e-06,-0.0086357
2.3066877e-06,-0.00441872
2.3067377e-06,-0.00361417
2.3067877e-06,-0.0096622
2.3068377e-06,-0.0184568
2.3068877e-06,-0.0212034
2.3069377e-06,-0.0148502
2.3069877e-06,-0.00586137
2.3070377e-06,-0.00108953
2.3070877e-06,0.000491832
2.3071377e-06,0.00357133
2.3071877e-06,0.00659535
2.3072377e-06,0.00307195
2.3072877e-06,-0.00758145
2.3073377e-06,-0.0165703
2.3073877e-06,-0.0162651
2.3074377e-06,-0.01055
2.3074877e-06,-0.0088299
2.3075377e-06,-0.0122146
2.3075877e-06,-0.0121313
2.3076377e-06,-0.00383612
2.3076877e-06,0.00459783
2.3077377e-06,0.00212868
2.3077877e-06,-0.00980091
2.3078377e-06,-0.0181516
2.3078877e-06,-0.0150166
2.3079377e-06,-0.00719305
2.3079877e-06,-0.00550071
2.3080377e-06,-0.0103558
2.3080877e-06,-0.0134075
2.3081377e-06,-0.0107997
2.3081877e-06,-0.00744274
2.3082377e-06,-0.00821955
2.3082877e-06,-0.0112991
2.3083377e-06,-0.0124365
2.3083877e-06,-0.0112436
2.3084377e-06,-0.0100229
2.3084877e-06,-0.0098564
2.3085377e-06,-0.00996737
2.3085877e-06,-0.00963445
2.3086377e-06,-0.00846924
2.3086877e-06,-0.00666593
2.3087377e-06,-0.00591686
2.3087877e-06,-0.00816406
2.3088377e-06,-0.0122146
2.3088877e-06,-0.0141289
2.3089377e-06,-0.0121036
2.3089877e-06,-0.00980091
2.3090377e-06,-0.0127972
2.3090877e-06,-0.0215918
2.3091377e-06,-0.0287773
2.3091877e-06,-0.0261694
2.3092377e-06,-0.0155438
2.3092877e-06,-0.0078034
2.3093377e-06,-0.00885764
2.3093877e-06,-0.0117152
2.3094377e-06,-0.00719305
2.3094877e-06,0.00304421
2.3095377e-06,0.00939742
2.3095877e-06,0.00631792
2.3096377e-06,-0.00436324
2.3096877e-06,-0.0169587
2.3097377e-06,-0.0243384
2.3097877e-06,-0.0208982
2.3098377e-06,-0.00938477
2.3098877e-06,-0.00103405
2.3099377e-06,-0.00322576
2.3099877e-06,-0.00935702
2.3100377e-06,-0.00785889
2.3100877e-06,0.00115767
2.3101377e-06,0.00579079
2.3101877e-06,-0.000118519
2.3102377e-06,-0.00841375
2.3102877e-06,-0.00916282
2.3103377e-06,-0.00475164
2.3103877e-06,-0.00411355
2.3104377e-06,-0.00894087
2.3104877e-06,-0.012714
2.3105377e-06,-0.011521
2.3105877e-06,-0.00783114
2.3106377e-06,-0.00469616
2.3106877e-06,-0.00330899
2.3107377e-06,-0.00566717
2.3107877e-06,-0.0125752
2.3108377e-06,-0.0189284
2.3108877e-06,-0.0175413
2.3109377e-06,-0.0096622
2.3109877e-06,-0.00477939
2.3110377e-06,-0.0078034
2.3110877e-06,-0.0126862
2.3111377e-06,-0.0130191
2.3111877e-06,-0.0115487
2.3112377e-06,-0.013574
2.3112877e-06,-0.0162373
2.3113377e-06,-0.0130746
2.3113877e-06,-0.00647172
2.3114377e-06,-0.00633301
2.3114877e-06,-0.0149889
2.3115377e-06,-0.021675
2.3115877e-06,-0.0167645
2.3116377e-06,-0.00577814
2.3116877e-06,-0.00244895
2.3117377e-06,-0.00952348
2.3117877e-06,-0.0152941
2.3118377e-06,-0.0110216
2.3118877e-06,-0.00416903
2.3119377e-06,-0.00774791
2.3119877e-06,-0.0216195
2.3120377e-06,-0.0327446
2.3120877e-06,-0.0318568
2.3121377e-06,-0.0220357
2.3121877e-06,-0.0119649
2.3122377e-06,-0.00716531
2.3122877e-06,-0.00858021
2.3123377e-06,-0.0139901
2.3123877e-06,-0.0189007
2.3124377e-06,-0.0190949
2.3124877e-06,-0.0144063
2.3125377e-06,-0.00869118
2.3125877e-06,-0.00558394
2.3126377e-06,-0.00497359
2.3126877e-06,-0.00394709
2.3127377e-06,-0.000340465
2.3127877e-06,0.00443137
2.3128377e-06,0.00584628
2.3128877e-06,0.00135187
2.3129377e-06,-0.00514005
2.3129877e-06,-0.00735951
2.3130377e-06,-0.00527876
2.3130877e-06,-0.00550071
2.3131377e-06,-0.0113823
2.3131877e-06,-0.0169587
2.3132377e-06,-0.0159322
2.3132877e-06,-0.0116597
2.3133377e-06,-0.0111048
2.3133877e-06,-0.0128249
2.3134377e-06,-0.0101616
2.3134877e-06,-0.00461293
2.3135377e-06,-0.00466841
2.3135877e-06,-0.0116042
2.3136377e-06,-0.0159877
2.3136877e-06,-0.0116597
2.3137377e-06,-0.00458518
2.3137877e-06,-0.00361417
2.3138377e-06,-0.00813632
2.3138877e-06,-0.010328
2.3139377e-06,-0.00611106
2.3139877e-06,0.000602805
2.3140377e-06,0.00346036
2.3140877e-06,-0.000257235
2.3141377e-06,-0.00860795
2.3141877e-06,-0.0166258
2.3142377e-06,-0.0189839
2.3142877e-06,-0.0141566
2.3143377e-06,-0.00669367
2.3143877e-06,-0.00297607
2.3144377e-06,-0.0036974
2.3144877e-06,-0.00330899
2.3145377e-06,0.00112993
2.3145877e-06,0.00398748
2.3146377e-06,-0.00147794
2.3146877e-06,-0.011632
2.3147377e-06,-0.0148779
2.3147877e-06,-0.00611106
2.3148377e-06,0.00665083
2.3148877e-06,0.0115614
2.3149377e-06,0.00473655
2.3149877e-06,-0.00788663
2.3150377e-06,-0.0171529
2.3150877e-06,-0.0184846
2.3151377e-06,-0.0149889
2.3151877e-06,-0.012381
2.3152377e-06,-0.0110494
2.3152877e-06,-0.00627752
2.3153377e-06,0.0024616
2.3153877e-06,0.00778831
2.3154377e-06,0.00368231
2.3154877e-06,-0.0049181
2.3155377e-06,-0.00749822
2.3155877e-06,-0.0016444
2.3156377e-06,0.00443137
2.3156877e-06,0.00271129
2.3157377e-06,-0.0051123
2.3157877e-06,-0.0106887
2.3158377e-06,-0.00896862
2.3158877e-06,-0.00339222
2.3159377e-06,-0.000923074
2.3159877e-06,-0.00347545
2.3160377e-06,-0.00666593
2.3160877e-06,-0.00636075
2.3161377e-06,-0.00333674
2.3161877e-06,-0.000395952
2.3162377e-06,0.0010467
2.3162877e-06,-0.000451438
2.3163377e-06,-0.00647172
2.3163877e-06,-0.0139624
2.3164377e-06,-0.0152663
2.3164877e-06,-0.00699885
2.3165377e-06,0.00379328
2.3165877e-06,0.0070115
2.3166377e-06,0.000824751
2.3166877e-06,-0.00824729
2.3167377e-06,-0.0146005
2.3167877e-06,-0.0172361
2.3168377e-06,-0.0158212
2.3168877e-06,-0.00860795
2.3169377e-06,0.00254483
2.3169877e-06,0.00973034
2.3170377e-06,0.00665083
2.3170877e-06,-0.00314253
2.3171377e-06,-0.0100783
2.3171877e-06,-0.00977317
2.3172377e-06,-0.00708208
2.3172877e-06,-0.00788663
2.3173377e-06,-0.0107442
2.3173877e-06,-0.00955123
2.3174377e-06,-0.00278187
2.3174877e-06,0.00287775
2.3175377e-06,0.000186657
2.3175877e-06,-0.00871893
2.3176377e-06,-0.0139347
2.3176877e-06,-0.00993963
2.3177377e-06,-0.00328125
2.3177877e-06,-0.00375289
2.3178377e-06,-0.0103003
2.3178877e-06,-0.0118262
2.3179377e-06,-0.00317028
2.3179877e-06,0.00667858
2.3180377e-06,0.0063734
2.3180877e-06,-0.00297607
2.3181377e-06,-0.0104945
2.3181877e-06,-0.0098564
2.3182377e-06,-0.00450195
2.3182877e-06,-0.000423695
2.3183377e-06,-6.30327e-05
2.3183877e-06,-0.00297607
2.3184377e-06,-0.00752597
2.3184877e-06,-0.0107997
2.3185377e-06,-0.00971768
2.3185877e-06,-0.00436324
2.3186377e-06,0.00149059
2.3186877e-06,0.00346036
2.3187377e-06,-0.000201749
2.3187877e-06,-0.00794212
2.3188377e-06,-0.015516
2.3188877e-06,-0.0174303
2.3189377e-06,-0.0112991
2.3189877e-06,-0.00208829
2.3190377e-06,0.0010467
2.3190877e-06,-0.00455744
2.3191377e-06,-0.0106332
2.3191877e-06,-0.0079976
2.3192377e-06,0.000935724
2.3192877e-06,0.00493075
2.3193377e-06,-0.00117276
2.3193877e-06,-0.00974543
2.3194377e-06,-0.0098564
2.3194877e-06,-0.000950817
2.3195377e-06,0.00667858
2.3195877e-06,0.00429266
2.3196377e-06,-0.00489036
2.3196877e-06,-0.0101061
2.3197377e-06,-0.00624978
2.3197877e-06,-7.54616e-06
2.3198377e-06,-0.000368208
2.3198877e-06,-0.00674916
2.3199377e-06,-0.0106887
2.3199877e-06,-0.00841375
2.3200377e-06,-0.00486262
2.3200877e-06,-0.00461293
2.3201377e-06,-0.00505682
2.3201877e-06,-0.00181086
2.3202377e-06,0.00318293
2.3202877e-06,0.00382102
2.3203377e-06,-0.00111728
2.3203877e-06,-0.00569491
2.3204377e-06,-0.00561168
2.3204877e-06,-0.00536199
2.3205377e-06,-0.0109939
2.3205877e-06,-0.0181794
2.3206377e-06,-0.0159599
2.3206877e-06,-0.00375289
2.3207377e-06,0.00531916
2.3207877e-06,0.00185125
2.3208377e-06,-0.00705433
2.3208877e-06,-0.00860795
2.3209377e-06,-0.00233798
2.3209877e-06,0.00110218
2.3210377e-06,-0.0035032
2.3210877e-06,-0.00968994
2.3211377e-06,-0.0102171
2.3211877e-06,-0.00713756
2.3212377e-06,-0.00644398
2.3212877e-06,-0.00852472
2.3213377e-06,-0.00891313
2.3213877e-06,-0.00591686
2.3214377e-06,-0.00200506
2.3214877e-06,0.000769265
2.3215377e-06,0.00201771
2.3215877e-06,0.000547319
2.3216377e-06,-0.00425226
2.3216877e-06,-0.00860795
2.3217377e-06,-0.00772017
2.3217877e-06,-0.00378063
2.3218377e-06,-0.00436324
2.3218877e-06,-0.0109106
2.3219377e-06,-0.0149889
2.3219877e-06,-0.00991189
2.3220377e-06,-7.54616e-06
2.3220877e-06,0.00476429
2.3221377e-06,0.000741522
2.3221877e-06,-0.0065827
2.3222377e-06,-0.00924605
2.3222877e-06,-0.00533425
2.3223377e-06,-0.000312722
2.3223877e-06,-0.000617898
2.3224377e-06,-0.00538974
2.3224877e-06,-0.00716531
2.3225377e-06,-0.00131148
2.3225877e-06,0.00726119
2.3226377e-06,0.00911998
2.3226877e-06,0.00198997
2.3227377e-06,-0.00602783
2.3227877e-06,-0.00649947
2.3228377e-06,-0.00156117
2.3228877e-06,-0.000229492
2.3229377e-06,-0.0051123
2.3229877e-06,-0.00919056
2.3230377e-06,-0.0078034
2.3230877e-06,-0.00647172
2.3231377e-06,-0.0117429
2.3231877e-06,-0.0194556
2.3232377e-06,-0.0196498
2.3232877e-06,-0.0111326
2.3233377e-06,-0.00297607
2.3233877e-06,-0.00192183
2.3234377e-06,-0.00538974
2.3234877e-06,-0.00749822
2.3235377e-06,-0.0067769
2.3235877e-06,-0.00561168
2.3236377e-06,-0.00616655
2.3236877e-06,-0.00869118
2.3237377e-06,-0.0110216
2.3237877e-06,-0.00980091
2.3238377e-06,-0.00500133
2.3238877e-06,-0.00250444
2.3239377e-06,-0.00749822
2.3239877e-06,-0.0158489
2.3240377e-06,-0.0179019
2.3240877e-06,-0.0119094
2.3241377e-06,-0.00713756
2.3241877e-06,-0.0107719
2.3242377e-06,-0.01768
2.3242877e-06,-0.0178465
2.3243377e-06,-0.0107164
2.3243877e-06,-0.00522328
2.3244377e-06,-0.00724854
2.3244877e-06,-0.0122701
2.3245377e-06,-0.0125752
2.3245877e-06,-0.00688787
2.3246377e-06,-0.000506925
2.3246877e-06,0.00160156
2.3247377e-06,-0.000174006
2.3247877e-06,-0.0018386
2.3248377e-06,-0.00108953
2.3248877e-06,0.000380859
2.3249377e-06,0.0002144
2.3249877e-06,-0.000645641
2.3250377e-06,-7.54616e-06
2.3250877e-06,0.000713778
2.3251377e-06,-0.00156117
2.3251877e-06,-0.00533425
2.3252377e-06,-0.00522328
2.3252877e-06,-0.00108953
2.3253377e-06,-0.000923074
2.3253877e-06,-0.00924605
2.3254377e-06,-0.017569
2.3254877e-06,-0.0144063
2.3255377e-06,-0.00278187
2.3255877e-06,0.00193448
2.3256377e-06,-0.00699885
2.3256877e-06,-0.0190949
2.3257377e-06,-0.0211479
2.3257877e-06,-0.0124365
2.3258377e-06,-0.00147794
2.3258877e-06,0.0045146
2.3259377e-06,0.00276678
2.3259877e-06,-0.0065827
2.3260377e-06,-0.0191504
2.3260877e-06,-0.026863
2.3261377e-06,-0.0240332
2.3261877e-06,-0.0131301
2.3262377e-06,-0.00333674
2.3262877e-06,-0.00314253
2.3263377e-06,-0.0118817
2.3263877e-06,-0.0186788
2.3264377e-06,-0.0134353
2.3264877e-06,-0.000839844
2.3265377e-06,0.00340487
2.3265877e-06,-0.00638849
2.3266377e-06,-0.0169587
2.3266877e-06,-0.0141011
2.3267377e-06,-0.00206055
2.3267877e-06,0.0034881
2.3268377e-06,-0.00353094
2.3268877e-06,-0.0146005
2.3269377e-06,-0.0195943
2.3269877e-06,-0.0155993
2.3270377e-06,-0.00425226
2.3270877e-06,0.0103407
2.3271377e-06,0.0192463
2.3271877e-06,0.0142802
2.3272377e-06,-0.000867587
2.3272877e-06,-0.0114655
2.3273377e-06,-0.00827504
2.3273877e-06,0.00196222
2.3274377e-06,0.00584628
2.3274877e-06,-0.000562411
2.3275377e-06,-0.00899636
2.3275877e-06,-0.0107719
2.3276377e-06,-0.00774791
2.3276877e-06,-0.00808083
2.3277377e-06,-0.0129082
2.3277877e-06,-0.0138792
2.3278377e-06,-0.00727628
2.3278877e-06,-0.00317028
2.3279377e-06,-0.0117429
2.3279877e-06,-0.0253094
2.3280377e-06,-0.0262804
2.3280877e-06,-0.0124088
2.3281377e-06,-0.0008121
2.3281877e-06,-0.00364191
2.3282377e-06,-0.0108552
2.3282877e-06,-0.00649947
2.3283377e-06,0.00645663
2.3283877e-06,0.0106736
2.3284377e-06,0.000325373
2.3284877e-06,-0.0106055
2.3285377e-06,-0.00913508
2.3285877e-06,-0.000756614
2.3286377e-06,0.00101895
2.3286877e-06,-0.00550071
2.3287377e-06,-0.00955123
2.3287877e-06,-0.00416903
2.3288377e-06,0.00567982
2.3288877e-06,0.0106736
2.3289377e-06,0.00728893
2.3289877e-06,-0.000839844
2.3290377e-06,-0.00694336
2.3290877e-06,-0.00638849
2.3291377e-06,-0.000728871
2.3291877e-06,0.00301647
2.3292377e-06,-7.54616e-06
2.3292877e-06,-0.00541748
2.3293377e-06,-0.00461293
2.3293877e-06,0.00265581
2.3294377e-06,0.00662309
2.3294877e-06,0.000686035
2.3295377e-06,-0.00871893
2.3295877e-06,-0.010661
2.3296377e-06,-0.00483487
2.3296877e-06,-0.00200506
2.3297377e-06,-0.00894087
2.3297877e-06,-0.0179852
2.3298377e-06,-0.0164593
2.3298877e-06,-0.00530651
2.3299377e-06,0.000408603
2.3299877e-06,-0.00763694
2.3300377e-06,-0.0186233
2.3300877e-06,-0.0178742
2.3301377e-06,-0.00752597
2.3301877e-06,-0.00161665
2.3302377e-06,-0.00569491
2.3302877e-06,-0.011632
2.3303377e-06,-0.0113545
2.3303877e-06,-0.00613881
2.3304377e-06,-0.00211603
2.3304877e-06,-0.00258767
2.3305377e-06,-0.00727628
2.3305877e-06,-0.0130191
2.3306377e-06,-0.014767
2.3306877e-06,-0.00955123
2.3307377e-06,-0.00133922
2.3307877e-06,0.00198997
2.3308377e-06,-0.00283736
2.3308877e-06,-0.0111603
2.3309377e-06,-0.0158767
2.3309877e-06,-0.0135463
2.3310377e-06,-0.00661044
2.3310877e-06,-0.00128374
2.3311377e-06,-0.00239347
2.3311877e-06,-0.00930154
2.3312377e-06,-0.0164316
2.3312877e-06,-0.0180961
2.3313377e-06,-0.0116597
2.3313877e-06,0.000824751
2.3314377e-06,0.0123105
2.3314877e-06,0.0142247
2.3315377e-06,0.00437589
2.3315877e-06,-0.00827504
2.3316377e-06,-0.0119371
2.3316877e-06,-0.00591686
2.3317377e-06,-0.00161665
2.3317877e-06,-0.00699885
2.3318377e-06,-0.0155438
2.3318877e-06,-0.0154328
2.3319377e-06,-0.00572266
2.3319877e-06,0.00218417
2.3320377e-06,-0.000562411
2.3320877e-06,-0.00924605
2.3321377e-06,-0.0121313
2.3321877e-06,-0.00561168
2.3322377e-06,0.00174028
2.3322877e-06,0.00112993
2.3323377e-06,-0.00508456
2.3323877e-06,-0.00833052
2.3324377e-06,-0.00663818
2.3324877e-06,-0.00586137
2.3325377e-06,-0.00871893
2.3325877e-06,-0.0100783
2.3326377e-06,-0.00591686
2.3326877e-06,-0.000617898
2.3327377e-06,-0.0010063
2.3327877e-06,-0.00616655
2.3328377e-06,-0.00949574
2.3328877e-06,-0.00860795
2.3329377e-06,-0.00686013
2.3329877e-06,-0.00577814
2.3330377e-06,-0.00294833
2.3330877e-06,0.00182351
2.3331377e-06,0.00398748
2.3331877e-06,0.000269886
2.3332377e-06,-0.0065827
2.3332877e-06,-0.0110771
2.3333377e-06,-0.0111326
2.3333877e-06,-0.0086357
2.3334377e-06,-0.0059446
2.3334877e-06,-0.00414129
2.3335377e-06,-0.00494585
2.3335877e-06,-0.0100229
2.3336377e-06,-0.0164038
2.3336877e-06,-0.0164593
2.3337377e-06,-0.00705433
2.3337877e-06,0.00323841
2.3338377e-06,0.00296098
2.3338877e-06,-0.00583363
2.3339377e-06,-0.00899636
2.3339877e-06,-0.000923074
2.3340377e-06,0.0061792
2.3340877e-06,0.000769265
2.3341377e-06,-0.00968994
2.3341877e-06,-0.0103003
2.3342377e-06,-0.00197732
2.3342877e-06,-0.000368208
2.3343377e-06,-0.0122146
2.3343877e-06,-0.0255313
2.3344377e-06,-0.0261972
2.3344877e-06,-0.0159044
2.3345377e-06,-0.0076092
2.3345877e-06,-0.00855247
2.3346377e-06,-0.0142398
2.3346877e-06,-0.0170696
2.3347377e-06,-0.0155438
2.3347877e-06,-0.0133521
2.3348377e-06,-0.0135185
2.3348877e-06,-0.0149889
2.3349377e-06,-0.0141289
2.3349877e-06,-0.00999512
2.3350377e-06,-0.0076092
2.3350877e-06,-0.0127972
2.3351377e-06,-0.0221467
2.3351877e-06,-0.0236448
2.3352377e-06,-0.0115765
2.3352877e-06,0.0041262
2.3353377e-06,0.00939742
2.3353877e-06,0.0029055
2.3354377e-06,-0.00536199
2.3354877e-06,-0.00858021
2.3355377e-06,-0.00880216
2.3355877e-06,-0.00894087
2.3356377e-06,-0.00783114
2.3356877e-06,-0.00428001
2.3357377e-06,-0.000784357
2.3357877e-06,0.000269886
2.3358377e-06,-0.000451438
2.3358877e-06,-0.00189409
2.3359377e-06,-0.00502907
2.3359877e-06,-0.0100229
2.3360377e-06,-0.0137682
2.3360877e-06,-0.0132411
2.3361377e-06,-0.00977317
2.3361877e-06,-0.00694336
2.3362377e-06,-0.00541748
2.3362877e-06,-0.00250444
2.3363377e-06,0.00260032
2.3363877e-06,0.00565208
2.3364377e-06,0.0020732
2.3364877e-06,-0.00611106
2.3365377e-06,-0.010661
2.3365877e-06,-0.00591686
2.3366377e-06,0.0034881
2.3366877e-06,0.00606823
2.3367377e-06,-0.00411355
2.3367877e-06,-0.0194278
2.3368377e-06,-0.0260307
2.3368877e-06,-0.0189839
2.3369377e-06,-0.00730402
2.3369877e-06,-0.00308705
2.3370377e-06,-0.00830278
2.3370877e-06,-0.0148779
2.3371377e-06,-0.0154605
2.3371877e-06,-0.0110771
2.3372377e-06,-0.00802535
2.3372877e-06,-0.00952348
2.3373377e-06,-0.0119649
2.3373877e-06,-0.00971768
2.3374377e-06,-0.00336448
2.3374877e-06,-0.000728871
2.3375377e-06,-0.00649947
2.3375877e-06,-0.0138237
2.3376377e-06,-0.0119094
2.3376877e-06,-0.000923074
2.3377377e-06,0.00737216
2.3377877e-06,0.00498624
2.3378377e-06,-0.00355868
2.3378877e-06,-0.00944025
2.3379377e-06,-0.00971768
2.3379877e-06,-0.00669367
2.3380377e-06,-0.00275413
2.3380877e-06,0.000186657
2.3381377e-06,0.0002144
2.3381877e-06,-0.00186634
2.3382377e-06,-0.00292059
2.3382877e-06,-0.00303156
2.3383377e-06,-0.00577814
2.3383877e-06,-0.0109384
2.3384377e-06,-0.0128804
2.3384877e-06,-0.00866344
2.3385377e-06,-0.00300382
2.3385877e-06,-0.00208829
2.3386377e-06,-0.00586137
2.3386877e-06,-0.00885764
2.3387377e-06,-0.00586137
2.3387877e-06,0.0034881
2.3388377e-06,0.0131428
2.3388877e-06,0.0144189
2.3389377e-06,0.00420943
2.3389877e-06,-0.0105222
2.3390377e-06,-0.0189839
2.3390877e-06,-0.0172084
2.3391377e-06,-0.00996737
2.3391877e-06,-0.0038916
2.3392377e-06,-0.00169988
2.3392877e-06,-0.0026709
2.3393377e-06,-0.00461293
2.3393877e-06,-0.00477939
2.3394377e-06,-0.0020328
2.3394877e-06,0.000408603
2.3395377e-06,-0.00317028
2.3395877e-06,-0.0131024
2.3396377e-06,-0.0210369
2.3396877e-06,-0.0190117
2.3397377e-06,-0.0102725
2.3397877e-06,-0.00522328
2.3398377e-06,-0.0076092
2.3398877e-06,-0.0108274
2.3399377e-06,-0.0086357
2.3399877e-06,-0.00330899
2.3400377e-06,-0.00125599
2.3400877e-06,-0.0036974
2.3401377e-06,-0.00516779
2.3401877e-06,-0.00106179
2.3402377e-06,0.00556885
2.3402877e-06,0.00623469
2.3403377e-06,-0.00311479
2.3403877e-06,-0.0163761
2.3404377e-06,-0.022757
2.3404877e-06,-0.0181516
2.3405377e-06,-0.00816406
2.3405877e-06,-0.000590154
2.3406377e-06,0.00162931
2.3406877e-06,-0.00147794
2.3407377e-06,-0.0096622
2.3407877e-06,-0.0194001
2.3408377e-06,-0.0222576
2.3408877e-06,-0.0132688
2.3409377e-06,0.000741522
2.3409877e-06,0.00712247
2.3410377e-06,0.00257258
2.3410877e-06,-0.00347545
2.3411377e-06,-0.00150568
2.3411877e-06,0.00670632
2.3412377e-06,0.0117556
2.3412877e-06,0.00784379
2.3413377e-06,-0.00217152
2.3413877e-06,-0.0110771
2.3414377e-06,-0.013685
2.3414877e-06,-0.0102171
2.3415377e-06,-0.00533425
2.3415877e-06,-0.00411355
2.3416377e-06,-0.00749822
2.3416877e-06,-0.0110494
2.3417377e-06,-0.00894087
2.3417877e-06,-0.000617898
2.3418377e-06,0.00642889
2.3418877e-06,0.00318293
2.3419377e-06,-0.0104945
2.3419877e-06,-0.0230622
2.3420377e-06,-0.022868
2.3420877e-06,-0.0121313
2.3421377e-06,-0.00519553
2.3421877e-06,-0.0104668
2.3422377e-06,-0.0189562
2.3422877e-06,-0.0165148
2.3423377e-06,-0.00494585
2.3423877e-06,-0.000867587
2.3424377e-06,-0.0123533
2.3424877e-06,-0.0270017
2.3425377e-06,-0.0292767
2.3425877e-06,-0.0210924
2.3426377e-06,-0.0163761
2.3426877e-06,-0.0210369
2.3427377e-06,-0.0277785
2.3427877e-06,-0.0286108
2.3428377e-06,-0.0230344
2.3428877e-06,-0.013685
2.3429377e-06,-0.0028651
2.3429877e-06,0.00445912
2.3430377e-06,0.00165705
2.3430877e-06,-0.00968994
2.3431377e-06,-0.0169864
2.3431877e-06,-0.0112991
2.3432377e-06,-0.000395952
2.3432877e-06,0.00107444
2.3433377e-06,-0.00885764
2.3433877e-06,-0.0183458
2.3434377e-06,-0.0187065
2.3434877e-06,-0.0133798
2.3435377e-06,-0.00880216
2.3435877e-06,-0.00514005
2.3436377e-06,-0.000201749
2.3436877e-06,0.00334939
2.3437377e-06,0.000852495
2.3437877e-06,-0.00611106
2.3438377e-06,-0.010328
2.3438877e-06,-0.00849698
2.3439377e-06,-0.00458518
2.3439877e-06,-0.00319802
2.3440377e-06,-0.00397483
2.3440877e-06,-0.0047239
2.3441377e-06,-0.0051123
2.3441877e-06,-0.00475164
2.3442377e-06,-0.00258767
2.3442877e-06,-0.000673384
2.3443377e-06,-0.00361417
2.3443877e-06,-0.0104113
2.3444377e-06,-0.0132688
2.3444877e-06,-0.00880216
2.3445377e-06,-0.00477939
2.3445877e-06,-0.00841375
2.3446377e-06,-0.0137959
2.3446877e-06,-0.00971768
2.3447377e-06,0.00321067
2.3447877e-06,0.0121717
2.3448377e-06,0.00864835
2.3448877e-06,-0.00269864
2.3449377e-06,-0.0114655
2.3449877e-06,-0.0126307
2.3450377e-06,-0.00819181
2.3450877e-06,-0.00269864
2.3451377e-06,0.00132413
2.3451877e-06,0.00318293
2.3452377e-06,0.0014351
2.3452877e-06,-0.00552845
2.3453377e-06,-0.0141566
2.3453877e-06,-0.0158767
2.3454377e-06,-0.00724854
2.3454877e-06,0.0030997
2.3455377e-06,0.00448686
2.3455877e-06,-0.00103405
2.3456377e-06,-0.00197732
2.3456877e-06,0.00468106
2.3457377e-06,0.00828769
2.3457877e-06,0.000380859
2.3458377e-06,-0.0119649
2.3458877e-06,-0.0153218
2.3459377e-06,-0.0078034
2.3459877e-06,-0.00089533
2.3460377e-06,-0.00372514
2.3460877e-06,-0.0119094
2.3461377e-06,-0.0146837
2.3461877e-06,-0.00891313
2.3462377e-06,-0.000562411
2.3462877e-06,0.00423717
2.3463377e-06,0.003932
2.3463877e-06,-0.000617898
2.3464377e-06,-0.00683239
2.3464877e-06,-0.010439
2.3465377e-06,-0.00991189
2.3465877e-06,-0.00955123
2.3466377e-06,-0.0131856
2.3466877e-06,-0.0168477
2.3467377e-06,-0.0137959
2.3467877e-06,-0.00514005
2.3468377e-06,0.000353116
2.3468877e-06,-0.00261541
2.3469377e-06,-0.00955123
2.3469877e-06,-0.0123533
2.3470377e-06,-0.00877441
2.3470877e-06,-0.00347545
2.3471377e-06,-0.00172763
2.3471877e-06,-0.00430775
2.3472377e-06,-0.0084415
2.3472877e-06,-0.0111603
2.3473377e-06,-0.0109384
2.3473877e-06,-0.00733176
2.3474377e-06,-0.0018386
2.3474877e-06,0.000602805
2.3475377e-06,-0.00469616
2.3475877e-06,-0.0146005
2.3476377e-06,-0.0184846
2.3476877e-06,-0.0108829
2.3477377e-06,0.000269886
2.3477877e-06,0.00312744
2.3478377e-06,-0.00289284
2.3478877e-06,-0.00749822
2.3479377e-06,-0.0038916
2.3479877e-06,0.00296098
2.3480377e-06,0.00362682
2.3480877e-06,-0.00353094
2.3481377e-06,-0.0107997
2.3481877e-06,-0.0111326
2.3482377e-06,-0.00674916
2.3482877e-06,-0.00464067
2.3483377e-06,-0.00583363
2.3483877e-06,-0.00525102
2.3484377e-06,-0.0020328
2.3484877e-06,-0.00189409
2.3485377e-06,-0.00708208
2.3485877e-06,-0.0108274
2.3486377e-06,-0.00638849
2.3486877e-06,0.00257258
2.3487377e-06,0.00673406
2.3487877e-06,0.0034881
2.3488377e-06,-0.000506925
2.3488877e-06,0.000602805
2.3489377e-06,0.0041262
2.3489877e-06,0.00298873
2.3490377e-06,-0.00428001
2.3490877e-06,-0.0107997
2.3491377e-06,-0.00899636
2.3491877e-06,0.000575062
2.3492377e-06,0.00917547
2.3492877e-06,0.00850963
2.3493377e-06,-0.0008121
2.3493877e-06,-0.00993963
2.3494377e-06,-0.0110494
2.3494877e-06,-0.00544522
2.3495377e-06,-0.00097856
2.3495877e-06,-0.0028651
2.3496377e-06,-0.00796986
2.3496877e-06,-0.00880216
2.3497377e-06,-0.00208829
2.3497877e-06,0.00667858
2.3498377e-06,0.00809348
2.3498877e-06,-0.000728871
2.3499377e-06,-0.0110216
2.3499877e-06,-0.0109106
2.3500377e-06,-0.000201749
2.3500877e-06,0.00828769
2.3501377e-06,0.00473655
2.3501877e-06,-0.00561168
2.3502377e-06,-0.0107997
2.3502877e-06,-0.00796986
2.3503377e-06,-0.00411355
2.3503877e-06,-0.00355868
2.3504377e-06,-0.00308705
2.3504877e-06,0.000103427
2.3505377e-06,0.00279452
2.3505877e-06,0.0002144
2.3506377e-06,-0.00791437
2.3506877e-06,-0.0175413
2.3507377e-06,-0.0236448
2.3507877e-06,-0.0228402
2.3508377e-06,-0.0157935
2.3508877e-06,-0.00719305
2.3509377e-06,-0.00108953
2.3509877e-06,0.00185125
2.3510377e-06,0.000769265
2.3510877e-06,-0.00741499
2.3511377e-06,-0.0210369
2.3511877e-06,-0.0288883
2.3512377e-06,-0.0209537
2.3512877e-06,-0.00289284
2.3513377e-06,0.00853738
2.3513877e-06,0.0053469
2.3514377e-06,-0.0051123
2.3514877e-06,-0.0139624
2.3515377e-06,-0.0202324
2.3515877e-06,-0.0233951
2.3516377e-06,-0.0183458
2.3516877e-06,-0.00536199
2.3517377e-06,0.00429266
2.3517877e-06,0.00121316
2.3518377e-06,-0.00957897
2.3518877e-06,-0.0150999
2.3519377e-06,-0.0102171
2.3519877e-06,-0.00150568
2.3520377e-06,0.00271129
2.3520877e-06,0.000658292
2.3521377e-06,-0.00380837
2.3521877e-06,-0.00680464
2.3522377e-06,-0.00738725
2.3522877e-06,-0.00716531
2.3523377e-06,-0.0086357
2.3523877e-06,-0.0121868
2.3524377e-06,-0.014545
2.3524877e-06,-0.0123533
2.3525377e-06,-0.00722079
2.3525877e-06,-0.00308705
2.3526377e-06,-3.52894e-05
2.3526877e-06,0.00390425
2.3527377e-06,0.00559659
2.3527877e-06,-0.000174006
2.3528377e-06,-0.010439
2.3528877e-06,-0.0148502
2.3529377e-06,-0.00905185
2.3529877e-06,-0.000479181
2.3530377e-06,0.00168479
2.3530877e-06,-0.00236572
2.3531377e-06,-0.00563943
2.3531877e-06,-0.0047239
2.3532377e-06,-0.00380837
2.3532877e-06,-0.00772017
2.3533377e-06,-0.0140456
2.3533877e-06,-0.0149612
2.3534377e-06,-0.00758145
2.3534877e-06,0.000907981
2.3535377e-06,0.00132413
2.3535877e-06,-0.0059446
2.3536377e-06,-0.0122978
2.3536877e-06,-0.0122978
2.3537377e-06,-0.00871893
2.3537877e-06,-0.00597235
2.3538377e-06,-0.00405806
2.3538877e-06,-0.00225475
2.3539377e-06,-0.00308705
2.3539877e-06,-0.00777566
2.3540377e-06,-0.0111326
2.3540877e-06,-0.00672141
2.3541377e-06,0.00357133
2.3541877e-06,0.00953613
2.3542377e-06,0.00434814
2.3542877e-06,-0.00680464
2.3543377e-06,-0.0123256
2.3543877e-06,-0.00766468
2.3544377e-06,0.000269886
2.3544877e-06,0.00257258
2.3545377e-06,-0.00111728
2.3545877e-06,-0.0040858
2.3546377e-06,-0.00233798
2.3546877e-06,0.000713778
2.3547377e-06,0.000797008
2.3547877e-06,-0.00108953
2.3548377e-06,-0.00197732
2.3548877e-06,-0.00314253
2.3549377e-06,-0.00710982
2.3549877e-06,-0.0112158
2.3550377e-06,-0.0109106
2.3550877e-06,-0.00774791
2.3551377e-06,-0.00755371
2.3551877e-06,-0.0117429
2.3552377e-06,-0.0149334
2.3552877e-06,-0.0126307
2.3553377e-06,-0.00702659
2.3553877e-06,-0.00375289
2.3554377e-06,-0.00508456
2.3554877e-06,-0.00802535
2.3555377e-06,-0.00871893
2.3555877e-06,-0.00719305
2.3556377e-06,-0.00686013
2.3556877e-06,-0.00955123
2.3557377e-06,-0.0118817
2.3557877e-06,-0.0088299
2.3558377e-06,-0.00169988
2.3558877e-06,0.00112993
2.3559377e-06,-0.00530651
2.3559877e-06,-0.0142953
2.3560377e-06,-0.0140734
2.3560877e-06,-0.00242121
2.3561377e-06,0.00964711
2.3561877e-06,0.0105349
2.3562377e-06,0.00176802
2.3562877e-06,-0.00475164
2.3563377e-06,-0.00258767
2.3563877e-06,0.00171254
2.3564377e-06,-0.00103405
2.3564877e-06,-0.00932928
2.3565377e-06,-0.0137682
2.3565877e-06,-0.01055
2.3566377e-06,-0.00588912
2.3566877e-06,-0.00688787
2.3567377e-06,-0.0126307
2.3567877e-06,-0.0160154
2.3568377e-06,-0.0118262
2.3568877e-06,-0.00258767
2.3569377e-06,0.00382102
2.3569877e-06,0.00346036
2.3570377e-06,0.000575062
2.3570877e-06,-9.07759e-05
2.3571377e-06,-0.000728871
2.3571877e-06,-0.00439098
2.3572377e-06,-0.0065827
2.3572877e-06,-0.00153343
2.3573377e-06,0.00645663
2.3573877e-06,0.00778831
2.3574377e-06,0.00232289
2.3574877e-06,-0.00089533
2.3575377e-06,0.00146285
2.3575877e-06,0.00215643
2.3576377e-06,-0.00386386
2.3576877e-06,-0.0101061
2.3577377e-06,-0.00647172
2.3577877e-06,0.00687278
2.3578377e-06,0.0181365
2.3578877e-06,0.0160558
2.3579377e-06,0.00157382
2.3579877e-06,-0.0129914
2.3580377e-06,-0.0169864
2.3580877e-06,-0.0119926
2.3581377e-06,-0.00833052
2.3581877e-06,-0.0117429
2.3582377e-06,-0.0180407
2.3582877e-06,-0.0200104
2.3583377e-06,-0.0155715
2.3583877e-06,-0.00741499
2.3584377e-06,0.000519576
2.3584877e-06,0.00498624
2.3585377e-06,0.00415394
2.3585877e-06,-0.000839844
2.3586377e-06,-0.00672141
2.3586877e-06,-0.010661
2.3587377e-06,-0.0113545
2.3587877e-06,-0.00916282
2.3588377e-06,-0.00611106
2.3588877e-06,-0.00552845
2.3589377e-06,-0.00935702
2.3589877e-06,-0.0149612
2.3590377e-06,-0.0168754
2.3590877e-06,-0.0129636
2.3591377e-06,-0.00838601
2.3591877e-06,-0.0101061
2.3592377e-06,-0.0163761
2.3592877e-06,-0.0166535
2.3593377e-06,-0.00611106
2.3593877e-06,0.00506947
2.3594377e-06,0.00401523
2.3594877e-06,-0.00655495
2.3595377e-06,-0.0115487
2.3595877e-06,-0.00514005
2.3596377e-06,0.00221191
2.3596877e-06,0.000242143
2.3597377e-06,-0.00633301
2.3597877e-06,-0.00649947
2.3598377e-06,-7.54616e-06
2.3598877e-06,0.00215643
2.3599377e-06,-0.00577814
2.3599877e-06,-0.0154328
2.3600377e-06,-0.0153773
2.3600877e-06,-0.00669367
2.3601377e-06,-0.000839844
2.3601877e-06,-0.00294833
2.3602377e-06,-0.00550071
2.3602877e-06,-0.0008121
2.3603377e-06,0.00723344
2.3603877e-06,0.00948065
2.3604377e-06,0.00443137
2.3604877e-06,-0.00136697
2.3605377e-06,-0.00339222
2.3605877e-06,-0.00336448
2.3606377e-06,-0.00441872
2.3606877e-06,-0.00669367
2.3607377e-06,-0.00877441
2.3607877e-06,-0.0102171
2.3608377e-06,-0.0117429
2.3608877e-06,-0.013685
2.3609377e-06,-0.0139347
2.3609877e-06,-0.00919056
2.3610377e-06,-0.00097856
2.3610877e-06,0.0030997
2.3611377e-06,-0.000950817
2.3611877e-06,-0.00680464
2.3612377e-06,-0.00655495
2.3612877e-06,-0.00314253
2.3613377e-06,-0.00530651
2.3613877e-06,-0.0129636
2.3614377e-06,-0.016598
2.3614877e-06,-0.0121868
2.3615377e-06,-0.00691562
2.3615877e-06,-0.00772017
2.3616377e-06,-0.0112436
2.3616877e-06,-0.0106055
2.3617377e-06,-0.00608332
2.3617877e-06,-0.00339222
2.3618377e-06,-0.00458518
2.3618877e-06,-0.0067769
2.3619377e-06,-0.00774791
2.3619877e-06,-0.00724854
2.3620377e-06,-0.00391934
2.3620877e-06,0.00279452
2.3621377e-06,0.00870384
2.3621877e-06,0.0084264
2.3622377e-06,0.00307195
2.3622877e-06,-0.00097856
2.3623377e-06,-0.00136697
2.3623877e-06,-0.00250444
2.3624377e-06,-0.00772017
2.3624877e-06,-0.013574
2.3625377e-06,-0.014434
2.3625877e-06,-0.00991189
2.3626377e-06,-0.00477939
2.3626877e-06,-0.00403032
2.3627377e-06,-0.00852472
2.3627877e-06,-0.0142676
2.3628377e-06,-0.0159599
2.3628877e-06,-0.0131301
2.3629377e-06,-0.0107164
2.3629877e-06,-0.0116597
2.3630377e-06,-0.0120759
2.3630877e-06,-0.0078034
2.3631377e-06,-0.00255993
2.3631877e-06,-0.00322576
2.3632377e-06,-0.00921831
2.3632877e-06,-0.0127972
2.3633377e-06,-0.00971768
2.3633877e-06,-0.0049181
2.3634377e-06,-0.00541748
2.3634877e-06,-0.0112436
2.3635377e-06,-0.0150444
2.3635877e-06,-0.0111326
2.3636377e-06,-0.0030593
2.3636877e-06,0.000269886
2.3637377e-06,-0.0036974
2.3637877e-06,-0.00855247
2.3638377e-06,-0.00913508
2.3638877e-06,-0.00866344
2.3639377e-06,-0.0115487
2.3639877e-06,-0.0163206
2.3640377e-06,-0.0198717
2.3640877e-06,-0.0217583
2.3641377e-06,-0.0205376
2.3641877e-06,-0.0133521
2.3642377e-06,-0.0038916
2.3642877e-06,-0.00275413
2.3643377e-06,-0.0130746
2.3643877e-06,-0.0224241
2.3644377e-06,-0.017791
2.3644877e-06,-0.00444647
2.3645377e-06,0.000547319
2.3645877e-06,-0.00885764
2.3646377e-06,-0.0210924
2.3646877e-06,-0.0244494
2.3647377e-06,-0.020593
2.3647877e-06,-0.0173193
2.3648377e-06,-0.0160431
2.3648877e-06,-0.0134075
2.3649377e-06,-0.00982866
2.3649877e-06,-0.00977317
2.3650377e-06,-0.0145173
2.3650877e-06,-0.019844
2.3651377e-06,-0.0212866
2.3651877e-06,-0.0179297
2.3652377e-06,-0.0111881
2.3652877e-06,-0.0047239
2.3653377e-06,-0.00447421
2.3653877e-06,-0.0130469
2.3654377e-06,-0.0230622
2.3654877e-06,-0.0232564
2.3655377e-06,-0.012714
2.3655877e-06,-0.00336448
2.3656377e-06,-0.00458518
2.3656877e-06,-0.0117984
2.3657377e-06,-0.0141011
2.3657877e-06,-0.00974543
2.3658377e-06,-0.00741499
2.3658877e-06,-0.0133521
2.3659377e-06,-0.021897
2.3659877e-06,-0.0222021
2.3660377e-06,-0.0119094
2.3660877e-06,-0.000784357
2.3661377e-06,0.000769265
2.3661877e-06,-0.00649947
2.3662377e-06,-0.0128527
2.3662877e-06,-0.0120481
2.3663377e-06,-0.00713756
2.3663877e-06,-0.00344771
2.3664377e-06,-0.00150568
2.3664877e-06,0.00029763
2.3665377e-06,-0.000284979
2.3665877e-06,-0.00686013
2.3666377e-06,-0.0169864
2.3666877e-06,-0.0234229
2.3667377e-06,-0.0222854
2.3667877e-06,-0.0162651
2.3668377e-06,-0.0103835
2.3668877e-06,-0.00849698
2.3669377e-06,-0.0113823
2.3669877e-06,-0.0149057
2.3670377e-06,-0.0130746
2.3670877e-06,-0.00672141
2.3671377e-06,-0.0035032
2.3671877e-06,-0.00636075
2.3672377e-06,-0.00941251
2.3672877e-06,-0.00835827
2.3673377e-06,-0.0069711
2.3673877e-06,-0.00794212
2.3674377e-06,-0.00661044
2.3674877e-06,-0.000701127
2.3675377e-06,0.00268355
2.3675877e-06,-0.00255993
2.3676377e-06,-0.0111048
2.3676877e-06,-0.0142953
2.3677377e-06,-0.012381
2.3677877e-06,-0.011521
2.3678377e-06,-0.0128527
2.3678877e-06,-0.0129914
2.3679377e-06,-0.0118262
2.3679877e-06,-0.0123256
2.3680377e-06,-0.0139347
2.3680877e-06,-0.0126862
2.3681377e-06,-0.00869118
2.3681877e-06,-0.00708208
2.3682377e-06,-0.0100229
2.3682877e-06,-0.0133798
2.3683377e-06,-0.0128527
2.3683877e-06,-0.00930154
2.3684377e-06,-0.00633301
2.3684877e-06,-0.00544522
2.3685377e-06,-0.00583363
2.3685877e-06,-0.00608332
2.3686377e-06,-0.00533425
2.3686877e-06,-0.00416903
2.3687377e-06,-0.00455744
2.3687877e-06,-0.00741499
2.3688377e-06,-0.0104113
2.3688877e-06,-0.0106055
2.3689377e-06,-0.00905185
2.3689877e-06,-0.00996737
2.3690377e-06,-0.0142121
2.3690877e-06,-0.0165148
2.3691377e-06,-0.0119094
2.3691877e-06,-0.00336448
2.3692377e-06,0.00146285
2.3692877e-06,0.000491832
2.3693377e-06,-0.00108953
2.3693877e-06,-0.000146262
2.3694377e-06,-0.000784357
2.3694877e-06,-0.00661044
2.3695377e-06,-0.0134908
2.3695877e-06,-0.0152663
2.3696377e-06,-0.0122701
2.3696877e-06,-0.00938477
2.3697377e-06,-0.00805309
2.3697877e-06,-0.00586137
2.3698377e-06,-0.00297607
2.3698877e-06,-0.00355868
2.3699377e-06,-0.00960671
2.3699877e-06,-0.01682
2.3700377e-06,-0.0190117
2.3700877e-06,-0.0143508
2.3701377e-06,-0.00566717
2.3701877e-06,0.00212868
2.3702377e-06,0.00373779
2.3702877e-06,-0.00364191
2.3703377e-06,-0.0158767
2.3703877e-06,-0.0234783
2.3704377e-06,-0.0210092
2.3704877e-06,-0.0134075
2.3705377e-06,-0.00977317
2.3705877e-06,-0.0119371
2.3706377e-06,-0.0133798
2.3706877e-06,-0.00988414
2.3707377e-06,-0.00669367
2.3707877e-06,-0.0104668
2.3708377e-06,-0.0173748
2.3708877e-06,-0.0172916
2.3709377e-06,-0.00899636
2.3709877e-06,-0.00303156
2.3710377e-06,-0.00605558
2.3710877e-06,-0.0116597
2.3711377e-06,-0.0114933
2.3711877e-06,-0.00788663
2.3712377e-06,-0.00813632
2.3712877e-06,-0.0120481
2.3713377e-06,-0.0128249
2.3713877e-06,-0.00777566
2.3714377e-06,-0.00219926
2.3714877e-06,-0.00194957
2.3715377e-06,-0.00683239
2.3715877e-06,-0.0119371
2.3716377e-06,-0.0133243
2.3716877e-06,-0.0111048
2.3717377e-06,-0.00858021
2.3717877e-06,-0.00869118
2.3718377e-06,-0.01141
2.3718877e-06,-0.013463
2.3719377e-06,-0.0118262
2.3719877e-06,-0.00808083
2.3720377e-06,-0.00735951
2.3720877e-06,-0.0110771
2.3721377e-06,-0.0131856
2.3721877e-06,-0.00763694
2.3722377e-06,0.00212868
2.3722877e-06,0.00595725
2.3723377e-06,-0.000562411
2.3723877e-06,-0.0117152
2.3724377e-06,-0.0192614
2.3724877e-06,-0.0201491
2.3725377e-06,-0.0164593
2.3725877e-06,-0.0121868
2.3726377e-06,-0.010661
2.3726877e-06,-0.012714
2.3727377e-06,-0.0153218
2.3727877e-06,-0.0137127
2.3728377e-06,-0.00710982
2.3728877e-06,-0.00117276
2.3729377e-06,-0.00222701
2.3729877e-06,-0.00888539
2.3730377e-06,-0.0128527
2.3730877e-06,-0.00971768
2.3731377e-06,-0.00447421
2.3731877e-06,-0.00380837
2.3732377e-06,-0.00655495
2.3732877e-06,-0.00655495
2.3733377e-06,-0.0024767
2.3733877e-06,0.00112993
2.3734377e-06,0.000907981
2.3734877e-06,-0.00214378
2.3735377e-06,-0.00627752
2.3735877e-06,-0.0101061
2.3736377e-06,-0.0107164
2.3736877e-06,-0.00649947
2.3737377e-06,-0.00222701
2.3737877e-06,-0.0049181
2.3738377e-06,-0.0132966
2.3738877e-06,-0.0173471
2.3739377e-06,-0.0112436
2.3739877e-06,-0.00169988
2.3740377e-06,0.00118541
2.3740877e-06,-0.00314253
2.3741377e-06,-0.00672141
2.3741877e-06,-0.00508456
2.3742377e-06,-0.00222701
2.3742877e-06,-0.00275413
2.3743377e-06,-0.0049181
2.3743877e-06,-0.0040858
2.3744377e-06,-0.000201749
2.3744877e-06,0.00243386
2.3745377e-06,0.0012409
2.3745877e-06,-0.00181086
2.3746377e-06,-0.00364191
2.3746877e-06,-0.00372514
2.3747377e-06,-0.00378063
2.3747877e-06,-0.00550071
2.3748377e-06,-0.00949574
2.3748877e-06,-0.0146837
2.3749377e-06,-0.017791
2.3749877e-06,-0.015627
2.3750377e-06,-0.00935702
2.3750877e-06,-0.00558394
2.3751377e-06,-0.00932928
2.3751877e-06,-0.0168754
2.3752377e-06,-0.0189839
2.3752877e-06,-0.0119926
2.3753377e-06,-0.00142245
2.3753877e-06,0.0053469
2.3754377e-06,0.00531916
2.3754877e-06,-0.00167214
2.3755377e-06,-0.0132688
2.3755877e-06,-0.0223964
2.3756377e-06,-0.0220357
2.3756877e-06,-0.0153496
2.3757377e-06,-0.0131856
2.3757877e-06,-0.0174858
2.3758377e-06,-0.0166812
2.3758877e-06,-0.00341997
2.3759377e-06,0.0118666
2.3759877e-06,0.0153067
2.3760377e-06,0.00923096
2.3760877e-06,0.00612371
2.3761377e-06,0.00776056
2.3761877e-06,0.00379328
2.3762377e-06,-0.00974543
2.3762877e-06,-0.0226738
2.3763377e-06,-0.0253371
2.3763877e-06,-0.0206208
2.3764377e-06,-0.0164038
2.3764877e-06,-0.0130469
2.3765377e-06,-0.00569491
2.3765877e-06,0.00407071
2.3766377e-06,0.00703924
2.3766877e-06,-0.000867587
2.3767377e-06,-0.0107442
2.3767877e-06,-0.0109384
2.3768377e-06,-0.00264316
2.3768877e-06,0.00140736
2.3769377e-06,-0.00547297
2.3769877e-06,-0.014767
2.3770377e-06,-0.0159599
2.3770877e-06,-0.0112436
2.3771377e-06,-0.0108829
2.3771877e-06,-0.0170142
2.3772377e-06,-0.0209537
2.3772877e-06,-0.0163206
2.3773377e-06,-0.00727628
2.3773877e-06,-0.00142245
2.3774377e-06,7.56836e-05
2.3774877e-06,0.000713778
2.3775377e-06,0.00168479
2.3775877e-06,0.000880238
2.3776377e-06,-0.00239347
2.3776877e-06,-0.00591686
2.3777377e-06,-0.00758145
2.3777877e-06,-0.00738725
2.3778377e-06,-0.00663818
2.3778877e-06,-0.00680464
2.3779377e-06,-0.0088299
2.3779877e-06,-0.01141
2.3780377e-06,-0.0110494
2.3780877e-06,-0.00699885
2.3781377e-06,-0.00514005
2.3781877e-06,-0.01141
2.3782377e-06,-0.0212311
2.3782877e-06,-0.0224241
2.3783377e-06,-0.0116597
2.3783877e-06,-0.00097856
2.3784377e-06,-0.00206055
2.3784877e-06,-0.00993963
2.3785377e-06,-0.010661
2.3785877e-06,-0.00147794
2.3786377e-06,0.00629017
2.3786877e-06,0.00401523
2.3787377e-06,-0.00391934
2.3787877e-06,-0.0084415
2.3788377e-06,-0.00741499
2.3788877e-06,-0.00502907
2.3789377e-06,-0.0038916
2.3789877e-06,-0.00228249
2.3790377e-06,0.000658292
2.3790877e-06,0.00162931
2.3791377e-06,-0.00128374
2.3791877e-06,-0.00325351
2.3792377e-06,0.000630549
2.3792877e-06,0.00545787
2.3793377e-06,0.00215643
2.3793877e-06,-0.00733176
2.3794377e-06,-0.0107442
2.3794877e-06,-0.00344771
2.3795377e-06,0.00429266
2.3795877e-06,0.00276678
2.3796377e-06,-0.0038916
2.3796877e-06,-0.00572266
2.3797377e-06,-0.00114502
2.3797877e-06,0.00379328
2.3798377e-06,0.00518044
2.3798877e-06,0.00323841
2.3799377e-06,-0.00158891
2.3799877e-06,-0.00791437
2.3800377e-06,-0.0107442
2.3800877e-06,-0.00552845
2.3801377e-06,0.00529142
2.3801877e-06,0.0130873
2.3802377e-06,0.0112007
2.3802877e-06,0.00149059
2.3803377e-06,-0.00705433
2.3803877e-06,-0.00638849
2.3804377e-06,0.00201771
2.3804877e-06,0.00776056
2.3805377e-06,0.00276678
2.3805877e-06,-0.0090241
2.3806377e-06,-0.0166258
2.3806877e-06,-0.0148502
2.3807377e-06,-0.00860795
2.3807877e-06,-0.00439098
2.3808377e-06,-0.00314253
2.3808877e-06,-0.0028651
2.3809377e-06,-0.00361417
2.3809877e-06,-0.00605558
2.3810377e-06,-0.00835827
2.3810877e-06,-0.00813632
2.3811377e-06,-0.00663818
2.3811877e-06,-0.00683239
2.3812377e-06,-0.00877441
2.3812877e-06,-0.00974543
2.3813377e-06,-0.00905185
2.3813877e-06,-0.00935702
2.3814377e-06,-0.0125475
2.3814877e-06,-0.0160986
2.3815377e-06,-0.0157935
2.3815877e-06,-0.0114933
2.3816377e-06,-0.00741499
2.3816877e-06,-0.00619429
2.3817377e-06,-0.00519553
2.3817877e-06,-0.00150568
2.3818377e-06,0.0022674
2.3818877e-06,0.00135187
2.3819377e-06,-0.00319802
2.3819877e-06,-0.0055562
2.3820377e-06,-0.0038916
2.3820877e-06,-0.00228249
2.3821377e-06,-0.00255993
2.3821877e-06,-0.00103405
2.3822377e-06,0.0030997
2.3822877e-06,0.00326616
2.3823377e-06,-0.00533425
2.3823877e-06,-0.0169309
2.3824377e-06,-0.0210924
2.3824877e-06,-0.0160154
2.3825377e-06,-0.0100783
2.3825877e-06,-0.010439
2.3826377e-06,-0.0141011
2.3826877e-06,-0.0138237
2.3827377e-06,-0.0086357
2.3827877e-06,-0.00444647
2.3828377e-06,-0.00550071
2.3828877e-06,-0.00977317
2.3829377e-06,-0.0120759
2.3829877e-06,-0.00913508
2.3830377e-06,-0.00244895
2.3830877e-06,0.0020732
2.3831377e-06,-0.00097856
2.3831877e-06,-0.0107442
2.3832377e-06,-0.0203156
2.3832877e-06,-0.0228125
2.3833377e-06,-0.0178465
2.3833877e-06,-0.0121036
2.3834377e-06,-0.0129914
2.3834877e-06,-0.0199827
2.3835377e-06,-0.0235893
2.3835877e-06,-0.0155993
2.3836377e-06,-0.000701127
2.3836877e-06,0.00651212
2.3837377e-06,-0.00175537
2.3837877e-06,-0.015516
2.3838377e-06,-0.0184568
2.3838877e-06,-0.00874667
2.3839377e-06,-0.00147794
2.3839877e-06,-0.00716531
2.3840377e-06,-0.016709
2.3840877e-06,-0.014767
2.3841377e-06,-0.00225475
2.3841877e-06,0.0053469
2.3842377e-06,0.000186657
2.3842877e-06,-0.00877441
2.3843377e-06,-0.0100229
2.3843877e-06,-0.00400257
2.3844377e-06,0.000242143
2.3844877e-06,-0.00261541
2.3845377e-06,-0.00957897
2.3845877e-06,-0.0140734
2.3846377e-06,-0.0125198
2.3846877e-06,-0.00708208
2.3847377e-06,-0.00325351
2.3847877e-06,-0.00419678
2.3848377e-06,-0.00727628
2.3848877e-06,-0.00747048
2.3849377e-06,-0.00433549
2.3849877e-06,-0.00294833
2.3850377e-06,-0.00663818
2.3850877e-06,-0.0118539
2.3851377e-06,-0.012603
2.3851877e-06,-0.00813632
2.3852377e-06,-0.00322576
2.3852877e-06,-0.00255993
2.3853377e-06,-0.00713756
2.3853877e-06,-0.0141843
2.3854377e-06,-0.0178465
2.3854877e-06,-0.0130746
2.3855377e-06,-0.00255993
2.3855877e-06,0.00379328
2.3856377e-06,0.000991211
2.3856877e-06,-0.00380837
2.3857377e-06,-0.00136697
2.3857877e-06,0.005985
2.3858377e-06,0.00767733
2.3858877e-06,-0.000201749
2.3859377e-06,-0.0103003
2.3859877e-06,-0.0139347
2.3860377e-06,-0.00996737
2.3860877e-06,-0.00297607
2.3861377e-06,0.00293324
2.3861877e-06,0.00587402
2.3862377e-06,0.0051527
2.3862877e-06,0.00218417
2.3863377e-06,-0.000174006
2.3863877e-06,-0.00108953
2.3864377e-06,-0.00264316
2.3864877e-06,-0.00536199
2.3865377e-06,-0.0065827
2.3865877e-06,-0.00522328
2.3866377e-06,-0.00411355
2.3866877e-06,-0.00541748
2.3867377e-06,-0.00722079
2.3867877e-06,-0.00683239
2.3868377e-06,-0.00469616
2.3868877e-06,-0.00322576
2.3869377e-06,-0.00372514
2.3869877e-06,-0.00572266
2.3870377e-06,-0.0078034
2.3870877e-06,-0.00888539
2.3871377e-06,-0.010328
2.3871877e-06,-0.0144618
2.3872377e-06,-0.0203988
2.3872877e-06,-0.0227848
2.3873377e-06,-0.0175413
2.3873877e-06,-0.00777566
2.3874377e-06,-0.000756614
2.3874877e-06,-0.000284979
2.3875377e-06,-0.00411355
2.3875877e-06,-0.00733176
2.3876377e-06,-0.00722079
2.3876877e-06,-0.00522328
2.3877377e-06,-0.0051123
2.3877877e-06,-0.00824729
2.3878377e-06,-0.0109106
2.3878877e-06,-0.00885764
2.3879377e-06,-0.00308705
2.3879877e-06,0.00176802
2.3880377e-06,0.00395974
2.3880877e-06,0.00481978
2.3881377e-06,0.00334939
2.3881877e-06,-0.00322576
2.3882377e-06,-0.0122701
2.3882877e-06,-0.0160431
2.3883377e-06,-0.0125752
2.3883877e-06,-0.00919056
2.3884377e-06,-0.0112158
2.3884877e-06,-0.013685
2.3885377e-06,-0.00988414
2.3885877e-06,-0.00253218
2.3886377e-06,-0.000340465
2.3886877e-06,-0.00502907
2.3887377e-06,-0.0086357
2.3887877e-06,-0.00544522
2.3888377e-06,-0.00122825
2.3888877e-06,-0.00433549
2.3889377e-06,-0.0120481
2.3889877e-06,-0.012603
2.3890377e-06,-0.00181086
2.3890877e-06,0.00959162
2.3891377e-06,0.00862061
2.3891877e-06,-0.00391934
2.3892377e-06,-0.0146282
2.3892877e-06,-0.0132411
2.3893377e-06,-0.00294833
2.3893877e-06,0.00501398
2.3894377e-06,0.0034881
2.3894877e-06,-0.00522328
2.3895377e-06,-0.0128527
2.3895877e-06,-0.013574
2.3896377e-06,-0.00919056
2.3896877e-06,-0.00624978
2.3897377e-06,-0.00774791
2.3897877e-06,-0.00991189
2.3898377e-06,-0.00835827
2.3898877e-06,-0.00441872
2.3899377e-06,-0.00228249
2.3899877e-06,-0.00303156
2.3900377e-06,-0.00461293
2.3900877e-06,-0.00608332
2.3901377e-06,-0.00755371
2.3901877e-06,-0.00733176
2.3902377e-06,-0.00428001
2.3902877e-06,-0.00192183
2.3903377e-06,-0.00428001
2.3903877e-06,-0.0086357
2.3904377e-06,-0.00810858
2.3904877e-06,-0.00322576
2.3905377e-06,-0.00292059
2.3905877e-06,-0.0115487
2.3906377e-06,-0.0213421
2.3906877e-06,-0.0227848
2.3907377e-06,-0.0173748
2.3907877e-06,-0.0139069
2.3908377e-06,-0.0152108
2.3908877e-06,-0.0154605
2.3909377e-06,-0.0100783
2.3909877e-06,-0.00264316
2.3910377e-06,-0.000146262
2.3910877e-06,-0.00514005
2.3911377e-06,-0.0136295
2.3911877e-06,-0.0194833
2.3912377e-06,-0.0190117
2.3912877e-06,-0.013463
2.3913377e-06,-0.00741499
2.3913877e-06,-0.00430775
2.3914377e-06,-0.00414129
2.3914877e-06,-0.00583363
2.3915377e-06,-0.00955123
2.3915877e-06,-0.0149612
2.3916377e-06,-0.0187342
2.3916877e-06,-0.0170419
2.3917377e-06,-0.0102448
2.3917877e-06,-0.00358643
2.3918377e-06,-0.00169988
2.3918877e-06,-0.00444647
2.3919377e-06,-0.00924605
2.3919877e-06,-0.0144618
2.3920377e-06,-0.0183736
2.3920877e-06,-0.0177355
2.3921377e-06,-0.0109384
2.3921877e-06,-0.00169988
2.3922377e-06,0.00368231
2.3922877e-06,0.001879
2.3923377e-06,-0.00547297
2.3923877e-06,-0.0139069
2.3924377e-06,-0.0187897
2.3924877e-06,-0.0174026
2.3925377e-06,-0.010439
2.3925877e-06,-0.00272638
2.3926377e-06,-0.000701127
2.3926877e-06,-0.00691562
2.3927377e-06,-0.0158767
2.3927877e-06,-0.0192614
2.3928377e-06,-0.0152386
2.3928877e-06,-0.00905185
2.3929377e-06,-0.00483487
2.3929877e-06,-0.00211603
2.3930377e-06,-0.000395952
2.3930877e-06,-0.000562411
2.3931377e-06,-0.00161665
2.3931877e-06,-0.00106179
2.3932377e-06,0.000824751
2.3932877e-06,0.00160156
2.3933377e-06,0.000907981
2.3933877e-06,-0.000506925
2.3934377e-06,-0.00378063
2.3934877e-06,-0.00957897
2.3935377e-06,-0.0140456
2.3935877e-06,-0.0122423
2.3936377e-06,-0.00550071
2.3936877e-06,-0.000562411
2.3937377e-06,-0.00125599
2.3937877e-06,-0.00444647
2.3938377e-06,-0.00547297
2.3938877e-06,-0.00422452
2.3939377e-06,-0.00322576
2.3939877e-06,-0.00283736
2.3940377e-06,-0.00253218
2.3940877e-06,-0.00428001
2.3941377e-06,-0.00968994
2.3941877e-06,-0.0151831
2.3942377e-06,-0.0148224
2.3942877e-06,-0.00827504
2.3943377e-06,-0.00189409
2.3943877e-06,-0.000728871
2.3944377e-06,-0.00322576
2.3944877e-06,-0.00533425
2.3945377e-06,-0.00674916
2.3945877e-06,-0.00960671
2.3946377e-06,-0.0126862
2.3946877e-06,-0.0116875
2.3947377e-06,-0.00633301
2.3947877e-06,-0.00250444
2.3948377e-06,-0.00464067
2.3948877e-06,-0.0090241
2.3949377e-06,-0.00916282
2.3949877e-06,-0.00544522
2.3950377e-06,-0.00428001
2.3950877e-06,-0.00838601
2.3951377e-06,-0.013574
2.3951877e-06,-0.0151831
2.3952377e-06,-0.0136295
2.3952877e-06,-0.0119649
2.3953377e-06,-0.0107442
2.3953877e-06,-0.00835827
2.3954377e-06,-0.00552845
2.3954877e-06,-0.00550071
2.3955377e-06,-0.00891313
2.3955877e-06,-0.0105222
2.3956377e-06,-0.00447421
2.3956877e-06,0.00684504
2.3957377e-06,0.0126434
2.3957877e-06,0.00545787
2.3958377e-06,-0.00941251
2.3958877e-06,-0.0198162
2.3959377e-06,-0.0203988
2.3959877e-06,-0.0163206
2.3960377e-06,-0.0142676
2.3960877e-06,-0.0151831
2.3961377e-06,-0.0159044
2.3961877e-06,-0.0136017
2.3962377e-06,-0.00874667
2.3962877e-06,-0.00580589
2.3963377e-06,-0.00941251
2.3963877e-06,-0.0181794
2.3964377e-06,-0.0241442
2.3964877e-06,-0.0219247
2.3965377e-06,-0.0152941
2.3965877e-06,-0.0112713
2.3966377e-06,-0.0112991
2.3966877e-06,-0.0118262
2.3967377e-06,-0.0111603
2.3967877e-06,-0.0105222
2.3968377e-06,-0.0110216
2.3968877e-06,-0.0126307
2.3969377e-06,-0.0149334
2.3969877e-06,-0.0160709
2.3970377e-06,-0.0137959
2.3970877e-06,-0.00974543
2.3971377e-06,-0.00949574
2.3971877e-06,-0.014767
2.3972377e-06,-0.0194556
2.3972877e-06,-0.0177355
2.3973377e-06,-0.0126862
2.3973877e-06,-0.0120759
2.3974377e-06,-0.0167922
2.3974877e-06,-0.0194833
2.3975377e-06,-0.0155438
2.3975877e-06,-0.0100783
2.3976377e-06,-0.0100506
2.3976877e-06,-0.0136295
2.3977377e-06,-0.0127417
2.3977877e-06,-0.00533425
2.3978377e-06,0.00135187
2.3978877e-06,-0.000229492
2.3979377e-06,-0.00955123
2.3979877e-06,-0.0197607
2.3980377e-06,-0.0237835
2.3980877e-06,-0.0192614
2.3981377e-06,-0.0111603
2.3981877e-06,-0.00727628
2.3982377e-06,-0.00866344
2.3982877e-06,-0.00813632
2.3983377e-06,-0.00217152
2.3983877e-06,0.00190674
2.3984377e-06,-0.00361417
2.3984877e-06,-0.0142398
2.3985377e-06,-0.0182626
2.3985877e-06,-0.0122423
2.3986377e-06,-0.00394709
2.3986877e-06,-0.00117276
2.3987377e-06,-0.00380837
2.3987877e-06,-0.00752597
2.3988377e-06,-0.00949574
2.3988877e-06,-0.00849698
2.3989377e-06,-0.00400257
2.3989877e-06,0.00129639
2.3990377e-06,0.00157382
2.3990877e-06,-0.00544522
2.3991377e-06,-0.0135463
2.3991877e-06,-0.0145728
2.3992377e-06,-0.0096622
2.3992877e-06,-0.00774791
2.3993377e-06,-0.0122978
2.3993877e-06,-0.0163483
2.3994377e-06,-0.0147947
2.3994877e-06,-0.0131024
2.3995377e-06,-0.0171529
2.3995877e-06,-0.0221467
2.3996377e-06,-0.0196498
2.3996877e-06,-0.010661
2.3997377e-06,-0.00341997
2.3997877e-06,-0.00158891
2.3998377e-06,-0.00206055
2.3998877e-06,-0.00194957
2.3999377e-06,-0.00178311
2.3999877e-06,-0.00158891
2.4000377e-06,-0.000590154
2.4000877e-06,0.00013117
2.4001377e-06,-0.0014502
2.4001877e-06,-0.00378063
2.4002377e-06,-0.00311479
2.4002877e-06,-0.000146262
2.4003377e-06,0.000242143
2.4003877e-06,-0.00258767
2.4004377e-06,-0.00314253
2.4004877e-06,0.000824751
2.4005377e-06,0.00298873
2.4005877e-06,-0.00136697
2.4006377e-06,-0.00641624
2.4006877e-06,-0.00422452
2.4007377e-06,0.00135187
2.4007877e-06,-0.0008121
2.4008377e-06,-0.0116597
2.4008877e-06,-0.0190117
2.4009377e-06,-0.014656
2.4009877e-06,-0.00550071
2.4010377e-06,-0.00272638
2.4010877e-06,-0.00669367
2.4011377e-06,-0.00930154
2.4011877e-06,-0.00749822
2.4012377e-06,-0.00647172
2.4012877e-06,-0.00991189
2.4013377e-06,-0.0137127
2.4013877e-06,-0.0121868
2.4014377e-06,-0.00644398
2.4014877e-06,-0.00189409
2.4015377e-06,-0.000201749
2.4015877e-06,0.000824751
2.4016377e-06,0.000991211
2.4016877e-06,-0.00308705
2.4017377e-06,-0.0104668
2.4017877e-06,-0.0137405
2.4018377e-06,-0.00827504
2.4018877e-06,-0.000423695
2.4019377e-06,-0.000617898
2.4019877e-06,-0.0096622
2.4020377e-06,-0.0169587
2.4020877e-06,-0.0137682
2.4021377e-06,-0.00405806
2.4021877e-06,0.000769265
2.4022377e-06,-0.00461293
2.4022877e-06,-0.0141289
2.4023377e-06,-0.0180407
2.4023877e-06,-0.0137682
2.4024377e-06,-0.00747048
2.4024877e-06,-0.00627752
2.4025377e-06,-0.0101338
2.4025877e-06,-0.0130191
2.4026377e-06,-0.0120481
2.4026877e-06,-0.0115487
2.4027377e-06,-0.0155715
2.4027877e-06,-0.0206763
2.4028377e-06,-0.0206485
2.4028877e-06,-0.0158212
2.4029377e-06,-0.0121591
2.4029877e-06,-0.0122701
2.4030377e-06,-0.0126307
2.4030877e-06,-0.0098564
2.4031377e-06,-0.00533425
2.4031877e-06,-0.00272638
2.4032377e-06,-0.00383612
2.4032877e-06,-0.00777566
2.4033377e-06,-0.0120204
2.4033877e-06,-0.0135463
2.4034377e-06,-0.0107997
2.4034877e-06,-0.00558394
2.4035377e-06,-0.0020328
2.4035877e-06,-0.0026709
2.4036377e-06,-0.00619429
2.4036877e-06,-0.00927379
2.4037377e-06,-0.0096622
2.4037877e-06,-0.00686013
2.4038377e-06,-0.00167214
2.4038877e-06,0.00332164
2.4039377e-06,0.00476429
2.4039877e-06,0.00196222
2.4040377e-06,-0.00150568
2.4040877e-06,-0.00136697
2.4041377e-06,0.0020732
2.4041877e-06,0.00420943
2.4042377e-06,0.00168479
2.4042877e-06,-0.00355868
2.4043377e-06,-0.00688787
2.4043877e-06,-0.00613881
2.4044377e-06,-0.00322576
2.4044877e-06,-0.00117276
2.4045377e-06,-0.000562411
2.4045877e-06,0.000269886
2.4046377e-06,0.00190674
2.4046877e-06,0.00215643
2.4047377e-06,-0.00150568
2.4047877e-06,-0.00849698
2.4048377e-06,-0.0148224
2.4048877e-06,-0.0162096
2.4049377e-06,-0.0116042
2.4049877e-06,-0.00475164
2.4050377e-06,-0.00147794
2.4050877e-06,-0.00422452
2.4051377e-06,-0.00910733
2.4051877e-06,-0.0100229
2.4052377e-06,-0.00494585
2.4052877e-06,0.00198997
2.4053377e-06,0.00476429
2.4053877e-06,0.00135187
2.4054377e-06,-0.00391934
2.4054877e-06,-0.00455744
2.4055377e-06,0.000741522
2.4055877e-06,0.00642889
2.4056377e-06,0.00670632
2.4056877e-06,0.00232289
2.4057377e-06,-0.00211603
2.4057877e-06,-0.00464067
2.4058377e-06,-0.00735951
2.4058877e-06,-0.0116042
2.4059377e-06,-0.014767
2.4059877e-06,-0.0128804
2.4060377e-06,-0.00605558
2.4060877e-06,0.000491832
2.4061377e-06,0.00237837
2.4061877e-06,0.00157382
2.4062377e-06,0.00301647
2.4062877e-06,0.00648438
2.4063377e-06,0.00623469
2.4063877e-06,2.01971e-05
2.4064377e-06,-0.00688787
2.4064877e-06,-0.00871893
2.4065377e-06,-0.00652721
2.4065877e-06,-0.00466841
2.4066377e-06,-0.00336448
2.4066877e-06,-0.000534668
2.4067377e-06,0.00118541
2.4067877e-06,-0.00300382
2.4068377e-06,-0.0108829
2.4068877e-06,-0.0147392
2.4069377e-06,-0.0128527
2.4069877e-06,-0.0115487
2.4070377e-06,-0.0133798
2.4070877e-06,-0.0121868
2.4071377e-06,-0.00464067
2.4071877e-06,0.00201771
2.4072377e-06,0.00013117
2.4072877e-06,-0.00624978
2.4073377e-06,-0.00749822
2.4073877e-06,-0.00308705
2.4074377e-06,-0.00181086
2.4074877e-06,-0.00858021
2.4075377e-06,-0.0181239
2.4075877e-06,-0.0231732
2.4076377e-06,-0.022757
2.4076877e-06,-0.0199272
2.4077377e-06,-0.0158489
2.4077877e-06,-0.00982866
2.4078377e-06,-0.00364191
2.4078877e-06,-0.0016444
2.4079377e-06,-0.00527876
2.4079877e-06,-0.0100783
2.4080377e-06,-0.0109661
2.4080877e-06,-0.00869118
2.4081377e-06,-0.00783114
2.4081877e-06,-0.00924605
2.4082377e-06,-0.00880216
2.4082877e-06,-0.00380837
2.4083377e-06,0.00232289
2.4083877e-06,0.00407071
2.4084377e-06,0.00112993
2.4084877e-06,-0.00156117
2.4085377e-06,-0.000451438
2.4085877e-06,0.00276678
2.4086377e-06,0.00465332
2.4086877e-06,0.00423717
2.4087377e-06,0.00285001
2.4087877e-06,0.0020732
2.4088377e-06,0.00287775
2.4088877e-06,0.003932
2.4089377e-06,0.001879
2.4089877e-06,-0.00458518
2.4090377e-06,-0.0111326
2.4090877e-06,-0.0120204
2.4091377e-06,-0.0078034
2.4091877e-06,-0.00497359
2.4092377e-06,-0.00830278
2.4092877e-06,-0.0153496
2.4093377e-06,-0.0190394
2.4093877e-06,-0.014656
2.4094377e-06,-0.00475164
2.4094877e-06,0.0022674
2.4095377e-06,-0.000451438
2.4095877e-06,-0.0109106
2.4096377e-06,-0.0190949
2.4096877e-06,-0.0162096
2.4097377e-06,-0.00400257
2.4097877e-06,0.0070115
2.4098377e-06,0.00873158
2.4098877e-06,0.00271129
2.4099377e-06,-0.00380837
2.4099877e-06,-0.00608332
2.4100377e-06,-0.00494585
2.4100877e-06,-0.00439098
2.4101377e-06,-0.00722079
2.4101877e-06,-0.0122423
2.4102377e-06,-0.0149889
2.4102877e-06,-0.0133243
2.4103377e-06,-0.0107997
2.4103877e-06,-0.0124365
2.4104377e-06,-0.01768
2.4104877e-06,-0.0197885
2.4105377e-06,-0.0137682
2.4105877e-06,-0.00361417
2.4106377e-06,0.000380859
2.4106877e-06,-0.00669367
2.4107377e-06,-0.017791
2.4107877e-06,-0.0217583
2.4108377e-06,-0.0164593
2.4108877e-06,-0.00982866
2.4109377e-06,-0.00821955
2.4109877e-06,-0.00919056
2.4110377e-06,-0.00783114
2.4110877e-06,-0.0049181
2.4111377e-06,-0.00475164
2.4111877e-06,-0.00791437
2.4112377e-06,-0.0102448
2.4112877e-06,-0.0096622
2.4113377e-06,-0.00927379
2.4113877e-06,-0.0115487
2.4114377e-06,-0.0123256
2.4114877e-06,-0.00580589
2.4115377e-06,0.00501398
2.4115877e-06,0.00934193
2.4116377e-06,0.00196222
2.4116877e-06,-0.00880216
2.4117377e-06,-0.0102725
2.4117877e-06,-0.000201749
2.4118377e-06,0.0114782
2.4118877e-06,0.0140028
2.4119377e-06,0.00648438
2.4119877e-06,-0.00325351
2.4120377e-06,-0.00741499
2.4120877e-06,-0.0055562
2.4121377e-06,-0.00280961
2.4121877e-06,-0.00303156
2.4122377e-06,-0.00505682
2.4122877e-06,-0.0057504
2.4123377e-06,-0.0040858
2.4123877e-06,-0.00108953
2.4124377e-06,0.00179577
2.4124877e-06,0.00254483
2.4125377e-06,-0.00103405
2.4125877e-06,-0.00722079
2.4126377e-06,-0.00977317
2.4126877e-06,-0.00502907
2.4127377e-06,0.00221191
2.4127877e-06,0.0041262
2.4128377e-06,-0.000284979
2.4128877e-06,-0.00400257
2.4129377e-06,-0.00117276
2.4129877e-06,0.00584628
2.4130377e-06,0.0101742
2.4130877e-06,0.0094529
2.4131377e-06,0.00770508
2.4131877e-06,0.00762185
2.4132377e-06,0.00509721
2.4132877e-06,-0.00394709
2.4133377e-06,-0.0144895
2.4133877e-06,-0.0159044
2.4134377e-06,-0.00672141
2.4134877e-06,0.000935724
2.4135377e-06,-0.00483487
2.4135877e-06,-0.0201491
2.4136377e-06,-0.028916
2.4136877e-06,-0.0213421
2.4137377e-06,-0.00464067
2.4137877e-06,0.00653986
2.4138377e-06,0.00615146
2.4138877e-06,0.000630549
2.4139377e-06,-0.00236572
2.4139877e-06,-0.00253218
2.4140377e-06,-0.00278187
2.4140877e-06,-0.00231024
2.4141377e-06,0.000713778
2.4141877e-06,0.0034881
2.4142377e-06,0.0012409
2.4142877e-06,-0.0047239
2.4143377e-06,-0.00774791
2.4143877e-06,-0.00469616
2.4144377e-06,-0.000174006
2.4144877e-06,0.000519576
2.4145377e-06,-0.00186634
2.4145877e-06,-0.00297607
2.4146377e-06,-0.00181086
2.4146877e-06,-0.00178311
2.4147377e-06,-0.00486262
2.4147877e-06,-0.00791437
2.4148377e-06,-0.00680464
2.4148877e-06,-0.00239347
2.4149377e-06,0.000380859
2.4149877e-06,-0.000506925
2.4150377e-06,-0.00178311
2.4150877e-06,-0.00106179
2.4151377e-06,-0.0016444
2.4151877e-06,-0.00694336
2.4152377e-06,-0.0124088
2.4152877e-06,-0.0098564
2.4153377e-06,-0.000174006
2.4153877e-06,0.00559659
2.4154377e-06,0.00129639
2.4154877e-06,-0.0055562
2.4155377e-06,-0.00428001
2.4155877e-06,0.00493075
2.4156377e-06,0.0128653
2.4156877e-06,0.0136421
2.4157377e-06,0.00889804
2.4157877e-06,0.00251709
2.4158377e-06,-0.00341997
2.4158877e-06,-0.00769243
2.4159377e-06,-0.00949574
2.4159877e-06,-0.0096622
2.4160377e-06,-0.00999512
2.4160877e-06,-0.0111048
2.4161377e-06,-0.0121313
2.4161877e-06,-0.0123256
2.4162377e-06,-0.0113268
2.4162877e-06,-0.00885764
2.4163377e-06,-0.00541748
2.4163877e-06,-0.0020328
2.4164377e-06,0.000991211
2.4164877e-06,0.0034881
2.4165377e-06,0.003932
2.4165877e-06,0.00115767
2.4166377e-06,-0.00300382
2.4166877e-06,-0.00536199
2.4167377e-06,-0.0049181
2.4167877e-06,-0.00314253
2.4168377e-06,-0.00122825
2.4168877e-06,0.000575062
2.4169377e-06,0.00190674
2.4169877e-06,0.00223966
2.4170377e-06,0.00162931
2.4170877e-06,-0.000284979
2.4171377e-06,-0.00411355
2.4171877e-06,-0.00921831
2.4172377e-06,-0.0139901
2.4172877e-06,-0.0174303
2.4173377e-06,-0.018873
2.4173877e-06,-0.016709
2.4174377e-06,-0.0105222
2.4174877e-06,-0.00366966
2.4175377e-06,-0.000867587
2.4175877e-06,-0.00242121
2.4176377e-06,-0.00405806
2.4176877e-06,-0.00361417
2.4177377e-06,-0.00378063
2.4177877e-06,-0.00663818
2.4178377e-06,-0.00963445
2.4178877e-06,-0.0101616
2.4179377e-06,-0.00963445
2.4179877e-06,-0.00949574
2.4180377e-06,-0.0076092
2.4180877e-06,-0.00358643
2.4181377e-06,-0.00261541
2.4181877e-06,-0.00777566
2.4182377e-06,-0.0126585
2.4182877e-06,-0.00880216
2.4183377e-06,0.000824751
2.4183877e-06,0.00423717
2.4184377e-06,-0.00317028
2.4184877e-06,-0.0110494
2.4185377e-06,-0.00752597
2.4185877e-06,0.00434814
2.4186377e-06,0.00953613
2.4186877e-06,-0.000284979
2.4187377e-06,-0.016487
2.4187877e-06,-0.0245048
2.4188377e-06,-0.0197053
2.4188877e-06,-0.00919056
2.4189377e-06,-0.00208829
2.4189877e-06,-0.00133922
2.4190377e-06,-0.00336448
2.4190877e-06,-0.00317028
2.4191377e-06,-0.000284979
2.4191877e-06,0.00115767
2.4192377e-06,-0.0008121
2.4192877e-06,-0.00253218
2.4193377e-06,-0.000673384
2.4193877e-06,0.00210094
2.4194377e-06,0.00146285
2.4194877e-06,-0.00136697
2.4195377e-06,-0.00283736
2.4195877e-06,-0.00397483
2.4196377e-06,-0.00763694
2.4196877e-06,-0.011521
2.4197377e-06,-0.0112991
2.4197877e-06,-0.00752597
2.4198377e-06,-0.00325351
2.4198877e-06,0.000824751
2.4199377e-06,0.00334939
2.4199877e-06,0.000519576
2.4200377e-06,-0.00691562
2.4200877e-06,-0.0110216
2.4201377e-06,-0.00694336
2.4201877e-06,0.000158913
2.4202377e-06,0.00262806
2.4202877e-06,-0.00108953
2.4203377e-06,-0.0079976
2.4203877e-06,-0.0137405
2.4204377e-06,-0.012381
2.4204877e-06,-0.00097856
2.4205377e-06,0.0125047
2.4205877e-06,0.0145299
2.4206377e-06,0.00301647
2.4206877e-06,-0.00769243
2.4207377e-06,-0.00530651
2.4207877e-06,0.00401523
2.4208377e-06,0.00570756
2.4208877e-06,-0.00197732
2.4209377e-06,-0.00724854
2.4209877e-06,-0.0038916
2.4210377e-06,-0.000174006
2.4210877e-06,-0.00530651
2.4211377e-06,-0.0150999
2.4211877e-06,-0.0175413
2.4212377e-06,-0.00871893
2.4212877e-06,0.00357133
2.4213377e-06,0.0105626
2.4213877e-06,0.011284
2.4214377e-06,0.0100078
2.4214877e-06,0.00973034
2.4215377e-06,0.00973034
2.4215877e-06,0.00756636
2.4216377e-06,0.00323841
2.4216877e-06,0.000353116
2.4217377e-06,0.0022674
2.4217877e-06,0.00667858
2.4218377e-06,0.008038
2.4218877e-06,0.00506947
2.4219377e-06,0.00243386
2.4219877e-06,0.00359908
2.4220377e-06,0.00559659
2.4220877e-06,0.00279452
2.4221377e-06,-0.00519553
2.4221877e-06,-0.0121868
2.4222377e-06,-0.012603
2.4222877e-06,-0.00852472
2.4223377e-06,-0.00647172
2.4223877e-06,-0.00758145
2.4224377e-06,-0.00602783
2.4224877e-06,0.000991211
2.4225377e-06,0.00670632
2.4225877e-06,0.00368231
2.4226377e-06,-0.00489036
2.4226877e-06,-0.00927379
2.4227377e-06,-0.00713756
2.4227877e-06,-0.00608332
2.4228377e-06,-0.0106055
2.4228877e-06,-0.0145173
2.4229377e-06,-0.0104113
2.4229877e-06,-0.00136697
2.4230377e-06,0.00315518
2.4230877e-06,0.000630549
2.4231377e-06,-0.00225475
2.4231877e-06,-0.000423695
2.4232377e-06,0.0022674
2.4232877e-06,2.01971e-05
2.4233377e-06,-0.00527876
2.4233877e-06,-0.00661044
2.4234377e-06,-0.00275413
2.4234877e-06,7.56836e-05
2.4235377e-06,-0.00231024
2.4235877e-06,-0.00647172
2.4236377e-06,-0.00719305
2.4236877e-06,-0.00469616
2.4237377e-06,-0.00283736
2.4237877e-06,-0.00378063
2.4238377e-06,-0.00730402
2.4238877e-06,-0.0120759
2.4239377e-06,-0.0143508
2.4239877e-06,-0.0100229
2.4240377e-06,-0.0018386
2.4240877e-06,-0.000118519
2.4241377e-06,-0.00968994
2.4241877e-06,-0.0206485
2.4242377e-06,-0.0194278
2.4242877e-06,-0.00663818
2.4243377e-06,0.00457009
2.4243877e-06,0.00567982
2.4244377e-06,0.000741522
2.4244877e-06,-0.00328125
2.4245377e-06,-0.00577814
2.4245877e-06,-0.00960671
2.4246377e-06,-0.0138792
2.4246877e-06,-0.0133521
2.4247377e-06,-0.00547297
2.4247877e-06,0.0043204
2.4248377e-06,0.00715021
2.4248877e-06,0.000408603
2.4249377e-06,-0.0090241
2.4249877e-06,-0.0131301
2.4250377e-06,-0.0108552
2.4250877e-06,-0.0065827
2.4251377e-06,-0.00366966
2.4251877e-06,-0.0026709
2.4252377e-06,-0.00322576
2.4252877e-06,-0.0051123
2.4253377e-06,-0.00755371
2.4253877e-06,-0.00971768
2.4254377e-06,-0.0114655
2.4254877e-06,-0.0128249
2.4255377e-06,-0.0131301
2.4255877e-06,-0.0116042
2.4256377e-06,-0.0084415
2.4256877e-06,-0.00455744
2.4257377e-06,-0.000201749
2.4257877e-06,0.00476429
2.4258377e-06,0.00806574
2.4258877e-06,0.00595725
2.4259377e-06,-0.00175537
2.4259877e-06,-0.00916282
2.4260377e-06,-0.0103558
2.4260877e-06,-0.00652721
2.4261377e-06,-0.00428001
2.4261877e-06,-0.00763694
2.4262377e-06,-0.0144063
2.4262877e-06,-0.0186788
2.4263377e-06,-0.015516
2.4263877e-06,-0.00586137
2.4264377e-06,0.00243386
2.4264877e-06,0.00179577
2.4265377e-06,-0.00552845
2.4265877e-06,-0.00941251
2.4266377e-06,-0.00466841
2.4266877e-06,0.00204545
2.4267377e-06,0.000380859
2.4267877e-06,-0.0106332
2.4268377e-06,-0.0202324
2.4268877e-06,-0.0179852
2.4269377e-06,-0.00630526
2.4269877e-06,0.00218417
2.4270377e-06,-0.000312722
2.4270877e-06,-0.00849698
2.4271377e-06,-0.0127694
2.4271877e-06,-0.0115487
2.4272377e-06,-0.00996737
2.4272877e-06,-0.00999512
2.4273377e-06,-0.00858021
2.4273877e-06,-0.00525102
2.4274377e-06,-0.00436324
2.4274877e-06,-0.00858021
2.4275377e-06,-0.0138237
2.4275877e-06,-0.0141566
2.4276377e-06,-0.00941251
2.4276877e-06,-0.00566717
2.4277377e-06,-0.00744274
2.4277877e-06,-0.0116875
2.4278377e-06,-0.0119094
2.4278877e-06,-0.00802535
2.4279377e-06,-0.00666593
2.4279877e-06,-0.00996737
2.4280377e-06,-0.010661
2.4280877e-06,-0.00375289
2.4281377e-06,0.00287775
2.4281877e-06,-0.00194957
2.4282377e-06,-0.0154051
2.4282877e-06,-0.0225073
2.4283377e-06,-0.015516
2.4283877e-06,-0.00400257
2.4284377e-06,-0.00197732
2.4284877e-06,-0.0106332
2.4285377e-06,-0.0186788
2.4285877e-06,-0.0168477
2.4286377e-06,-0.00688787
2.4286877e-06,0.00312744
2.4287377e-06,0.00753862
2.4287877e-06,0.00531916
2.4288377e-06,-0.00108953
2.4288877e-06,-0.00619429
2.4289377e-06,-0.00455744
2.4289877e-06,0.00268355
2.4290377e-06,0.0063734
2.4290877e-06,0.000103427
2.4291377e-06,-0.00944025
2.4291877e-06,-0.009468
2.4292377e-06,0.00179577
2.4292877e-06,0.011173
2.4293377e-06,0.0070115
2.4293877e-06,-0.00541748
2.4294377e-06,-0.0113823
2.4294877e-06,-0.00674916
2.4295377e-06,-0.0024767
2.4295877e-06,-0.00735951
2.4296377e-06,-0.0143231
2.4296877e-06,-0.0107442
2.4297377e-06,0.00204545
2.4297877e-06,0.00834317
2.4298377e-06,-0.000756614
2.4298877e-06,-0.0142121
2.4299377e-06,-0.0152386
2.4299877e-06,-0.00289284
2.4300377e-06,0.00848189
2.4300877e-06,0.00884255
2.4301377e-06,0.00196222
2.4301877e-06,-0.00391934
2.4302377e-06,-0.00652721
2.4302877e-06,-0.00802535
2.4303377e-06,-0.00891313
2.4303877e-06,-0.0079976
2.4304377e-06,-0.00605558
2.4304877e-06,-0.00550071
2.4305377e-06,-0.0065827
2.4305877e-06,-0.00652721
2.4306377e-06,-0.00358643
2.4306877e-06,-9.07759e-05
2.4307377e-06,0.000464089
2.4307877e-06,-0.00161665
2.4308377e-06,-0.0024767
2.4308877e-06,-9.07759e-05
2.4309377e-06,0.00279452
2.4309877e-06,0.00157382
2.4310377e-06,-0.00439098
2.4310877e-06,-0.0103003
2.4311377e-06,-0.0110216
2.4311877e-06,-0.00652721
2.4312377e-06,-0.00194957
2.4312877e-06,-0.00233798
2.4313377e-06,-0.0078034
2.4313877e-06,-0.0129082
2.4314377e-06,-0.0121036
2.4314877e-06,-0.00624978
2.4315377e-06,-0.00225475
2.4315877e-06,-0.00430775
2.4316377e-06,-0.00827504
2.4316877e-06,-0.00808083
2.4317377e-06,-0.00483487
2.4317877e-06,-0.00405806
2.4318377e-06,-0.00613881
2.4318877e-06,-0.00591686
2.4319377e-06,-0.00178311
2.4319877e-06,0.00112993
2.4320377e-06,-0.00114502
2.4320877e-06,-0.00536199
2.4321377e-06,-0.00686013
2.4321877e-06,-0.00647172
2.4322377e-06,-0.00763694
2.4322877e-06,-0.00999512
2.4323377e-06,-0.0101616
2.4323877e-06,-0.00785889
2.4324377e-06,-0.00600009
2.4324877e-06,-0.00550071
2.4325377e-06,-0.00397483
2.4325877e-06,-0.000118519
2.4326377e-06,0.00407071
2.4326877e-06,0.00579079
2.4327377e-06,0.00409846
2.4327877e-06,0.000797008
2.4328377e-06,-0.000562411
2.4328877e-06,0.00193448
2.4329377e-06,0.00468106
2.4329877e-06,0.00140736
2.4330377e-06,-0.00772017
2.4330877e-06,-0.014434
2.4331377e-06,-0.012381
2.4331877e-06,-0.00494585
2.4332377e-06,-7.54616e-06
2.4332877e-06,0.000491832
2.4333377e-06,0.0012409
2.4333877e-06,0.00584628
2.4334377e-06,0.0117833
2.4334877e-06,0.0135589
2.4335377e-06,0.0094529
2.4335877e-06,0.0030997
2.4336377e-06,-0.00158891
2.4336877e-06,-0.00464067
2.4337377e-06,-0.00755371
2.4337877e-06,-0.00827504
2.4338377e-06,-0.00325351
2.4338877e-06,0.00537464
2.4339377e-06,0.00942516
2.4339877e-06,0.00373779
2.4340377e-06,-0.00738725
2.4340877e-06,-0.014545
2.4341377e-06,-0.012714
2.4341877e-06,-0.00522328
2.4342377e-06,2.01971e-05
2.4342877e-06,-0.00189409
2.4343377e-06,-0.00855247
2.4343877e-06,-0.0129082
2.4344377e-06,-0.0104668
2.4344877e-06,-0.00253218
2.4345377e-06,0.00642889
2.4345877e-06,0.0126989
2.4346377e-06,0.0145022
2.4346877e-06,0.0116446
2.4347377e-06,0.00584628
2.4347877e-06,0.000769265
2.4348377e-06,-0.000534668
2.4348877e-06,0.000658292
2.4349377e-06,-0.000839844
2.4349877e-06,-0.00763694
2.4350377e-06,-0.0154605
2.4350877e-06,-0.0182626
2.4351377e-06,-0.0160709
2.4351877e-06,-0.0142953
2.4352377e-06,-0.0149889
2.4352877e-06,-0.0141566
2.4353377e-06,-0.00860795
2.4353877e-06,-0.00169988
2.4354377e-06,0.00151833
2.4354877e-06,0.000991211
2.4355377e-06,0.000686035
2.4355877e-06,0.00257258
2.4356377e-06,0.00512496
2.4356877e-06,0.00623469
2.4357377e-06,0.00520819
2.4357877e-06,0.00279452
2.4358377e-06,0.000353116
2.4358877e-06,-0.00139471
2.4359377e-06,-0.00261541
2.4359877e-06,-0.00328125
2.4360377e-06,-0.00289284
2.4360877e-06,-0.00200506
2.4361377e-06,-0.0028651
2.4361877e-06,-0.00672141
2.4362377e-06,-0.0119371
2.4362877e-06,-0.014656
2.4363377e-06,-0.0123256
2.4363877e-06,-0.00680464
2.4364377e-06,-0.00383612
2.4364877e-06,-0.00694336
2.4365377e-06,-0.0117984
2.4365877e-06,-0.010328
2.4366377e-06,-0.00167214
2.4366877e-06,0.00434814
2.4367377e-06,-0.00128374
2.4367877e-06,-0.0137959
2.4368377e-06,-0.0188452
2.4368877e-06,-0.0100229
2.4369377e-06,0.00298873
2.4369877e-06,0.00609597
2.4370377e-06,-0.00258767
2.4370877e-06,-0.0120759
2.4371377e-06,-0.0125475
2.4371877e-06,-0.00580589
2.4372377e-06,-0.00133922
2.4372877e-06,-0.00450195
2.4373377e-06,-0.010328
2.4373877e-06,-0.0096622
2.4374377e-06,-0.000284979
2.4374877e-06,0.0094529
2.4375377e-06,0.0102297
2.4375877e-06,0.00240612
2.4376377e-06,-0.00558394
2.4376877e-06,-0.00830278
2.4377377e-06,-0.0078034
2.4377877e-06,-0.00705433
2.4378377e-06,-0.00483487
2.4378877e-06,-0.000923074
2.4379377e-06,-9.07759e-05
2.4379877e-06,-0.00552845
2.4380377e-06,-0.0112713
2.4380877e-06,-0.00885764
2.4381377e-06,4.79403e-05
2.4381877e-06,0.0043204
2.4382377e-06,-0.00258767
2.4382877e-06,-0.0149889
2.4383377e-06,-0.0225351
2.4383877e-06,-0.020593
2.4384377e-06,-0.0122701
2.4384877e-06,-0.00439098
2.4385377e-06,-0.00194957
2.4385877e-06,-0.00355868
2.4386377e-06,-0.00308705
2.4386877e-06,0.0012409
2.4387377e-06,0.00254483
2.4387877e-06,-0.00566717
2.4388377e-06,-0.0184846
2.4388877e-06,-0.0234783
2.4389377e-06,-0.0159044
2.4389877e-06,-0.0047239
2.4390377e-06,-0.000201749
2.4390877e-06,-0.00111728
2.4391377e-06,7.56836e-05
2.4391877e-06,0.00332164
2.4392377e-06,0.00121316
2.4392877e-06,-0.00680464
2.4393377e-06,-0.0107719
2.4393877e-06,-0.00458518
2.4394377e-06,0.00437589
2.4394877e-06,0.00615146
2.4395377e-06,0.00185125
2.4395877e-06,-0.000340465
2.4396377e-06,0.00174028
2.4396877e-06,0.00221191
2.4397377e-06,-0.00244895
2.4397877e-06,-0.00735951
2.4398377e-06,-0.00627752
2.4398877e-06,-0.000312722
2.4399377e-06,0.00376554
2.4399877e-06,0.00215643
2.4400377e-06,-0.00200506
2.4400877e-06,-0.0036974
2.4401377e-06,-0.00236572
2.4401877e-06,-0.00120051
2.4402377e-06,-0.00139471
2.4402877e-06,-0.000923074
2.4403377e-06,0.000769265
2.4403877e-06,0.000741522
2.4404377e-06,-0.00275413
2.4404877e-06,-0.00641624
2.4405377e-06,-0.00647172
2.4405877e-06,-0.00455744
2.4406377e-06,-0.00550071
2.4406877e-06,-0.0101061
2.4407377e-06,-0.014434
2.4407877e-06,-0.0156825
2.4408377e-06,-0.0154328
2.4408877e-06,-0.0156547
2.4409377e-06,-0.0149334
2.4409877e-06,-0.0101338
2.4410377e-06,-0.0014502
2.4410877e-06,0.00648438
2.4411377e-06,0.00834317
2.4411877e-06,0.00343262
2.4412377e-06,-0.00361417
2.4412877e-06,-0.0069711
2.4413377e-06,-0.00563943
2.4413877e-06,-0.00361417
2.4414377e-06,-0.00455744
2.4414877e-06,-0.00741499
2.4415377e-06,-0.00905185
2.4415877e-06,-0.00830278
2.4416377e-06,-0.00580589
2.4416877e-06,-0.00236572
2.4417377e-06,0.00115767
2.4417877e-06,0.00423717
2.4418377e-06,0.00731667
2.4418877e-06,0.0105349
2.4419377e-06,0.0120608
2.4419877e-06,0.00995228
2.4420377e-06,0.00473655
2.4420877e-06,-0.0016444
2.4421377e-06,-0.00805309
2.4421877e-06,-0.0127972
2.4422377e-06,-0.0123533
2.4422877e-06,-0.00500133
2.4423377e-06,0.00443137
2.4423877e-06,0.00753862
2.4424377e-06,0.00135187
2.4424877e-06,-0.00716531
2.4425377e-06,-0.00849698
2.4425877e-06,-0.00158891
2.4426377e-06,0.00540239
2.4426877e-06,0.00559659
2.4427377e-06,0.000963468
2.4427877e-06,-0.00231024
2.4428377e-06,-0.00236572
2.4428877e-06,-0.00197732
2.4429377e-06,-0.00294833
2.4429877e-06,-0.00436324
2.4430377e-06,-0.00558394
2.4430877e-06,-0.00708208
2.4431377e-06,-0.00855247
2.4431877e-06,-0.00869118
2.4432377e-06,-0.00680464
2.4432877e-06,-0.00347545
2.4433377e-06,-7.54616e-06
2.4433877e-06,0.00179577
2.4434377e-06,0.000797008
2.4434877e-06,-0.00147794
2.4435377e-06,-0.0020328
2.4435877e-06,-0.000756614
2.4436377e-06,-0.000673384
2.4436877e-06,-0.00294833
2.4437377e-06,-0.00464067
2.4437877e-06,-0.00339222
2.4438377e-06,-0.00117276
2.4438877e-06,-0.000229492
2.4439377e-06,0.000963468
2.4439877e-06,0.00445912
2.4440377e-06,0.00801025
2.4440877e-06,0.00709473
2.4441377e-06,0.000519576
2.4441877e-06,-0.00722079
2.4442377e-06,-0.00955123
2.4442877e-06,-0.00358643
2.4443377e-06,0.00604048
2.4443877e-06,0.0102297
2.4444377e-06,0.003932
2.4444877e-06,-0.00827504
2.4445377e-06,-0.0162096
2.4445877e-06,-0.0141011
2.4446377e-06,-0.00583363
2.4446877e-06,-0.000506925
2.4447377e-06,-0.00394709
2.4447877e-06,-0.0139347
2.4448377e-06,-0.0227848
2.4448877e-06,-0.0230622
2.4449377e-06,-0.0133521
2.4449877e-06,2.01971e-05
2.4450377e-06,0.00751088
2.4450877e-06,0.00501398
2.4451377e-06,-0.00172763
2.4451877e-06,-0.0040858
2.4452377e-06,-0.00133922
2.4452877e-06,-0.00089533
2.4453377e-06,-0.00638849
2.4453877e-06,-0.0112436
2.4454377e-06,-0.00810858
2.4454877e-06,0.000103427
2.4455377e-06,0.00395974
2.4455877e-06,0.000158913
2.4456377e-06,-0.00541748
2.4456877e-06,-0.00649947
2.4457377e-06,-0.00322576
2.4457877e-06,0.000602805
2.4458377e-06,0.00232289
2.4458877e-06,0.0012409
2.4459377e-06,-0.00242121
2.4459877e-06,-0.00705433
2.4460377e-06,-0.00974543
2.4460877e-06,-0.00860795
2.4461377e-06,-0.00505682
2.4461877e-06,-0.00217152
2.4462377e-06,-0.00122825
2.4462877e-06,-0.00111728
2.4463377e-06,-0.00133922
2.4463877e-06,-0.00206055
2.4464377e-06,-0.00211603
2.4464877e-06,-0.000728871
2.4465377e-06,-0.00097856
2.4465877e-06,-0.00624978
2.4466377e-06,-0.0130746
2.4466877e-06,-0.0136017
2.4467377e-06,-0.00605558
2.4467877e-06,0.00262806
2.4468377e-06,0.00612371
2.4468877e-06,0.00512496
2.4469377e-06,0.00287775
2.4469877e-06,-0.000590154
2.4470377e-06,-0.00674916
2.4470877e-06,-0.0137682
2.4471377e-06,-0.0167367
2.4471877e-06,-0.0127694
2.4472377e-06,-0.00400257
2.4472877e-06,0.00434814
2.4473377e-06,0.00784379
2.4473877e-06,0.00504173
2.4474377e-06,-0.00197732
2.4474877e-06,-0.00802535
2.4475377e-06,-0.00846924
2.4475877e-06,-0.00411355
2.4476377e-06,-0.00125599
2.4476877e-06,-0.00444647
2.4477377e-06,-0.010439
2.4477877e-06,-0.011521
2.4478377e-06,-0.00458518
2.4478877e-06,0.00420943
2.4479377e-06,0.00581854
2.4479877e-06,-0.000784357
2.4480377e-06,-0.0069711
2.4480877e-06,-0.00536199
2.4481377e-06,0.000852495
2.4481877e-06,0.00332164
2.4482377e-06,-0.00117276
2.4482877e-06,-0.00899636
2.4483377e-06,-0.0153496
2.4483877e-06,-0.0169587
2.4484377e-06,-0.0125198
2.4484877e-06,-0.00433549
2.4485377e-06,0.00185125
2.4485877e-06,0.00271129
2.4486377e-06,0.00121316
2.4486877e-06,0.00137962
2.4487377e-06,0.00235063
2.4487877e-06,0.00101895
2.4488377e-06,-0.00153343
2.4488877e-06,-0.00153343
2.4489377e-06,0.00132413
2.4489877e-06,0.00365456
2.4490377e-06,0.00373779
2.4490877e-06,0.00273904
2.4491377e-06,0.000741522
2.4491877e-06,-0.0036974
2.4492377e-06,-0.00899636
2.4492877e-06,-0.0100229
2.4493377e-06,-0.00500133
2.4493877e-06,0.000491832
2.4494377e-06,-0.000201749
2.4494877e-06,-0.00663818
2.4495377e-06,-0.0128804
2.4495877e-06,-0.0149889
2.4496377e-06,-0.0131578
2.4496877e-06,-0.00860795
2.4497377e-06,-0.00292059
2.4497877e-06,0.000242143
2.4498377e-06,-0.00253218
2.4498877e-06,-0.00919056
2.4499377e-06,-0.0127972
2.4499877e-06,-0.00949574
2.4500377e-06,-0.00328125
2.4500877e-06,-0.000284979
2.4501377e-06,-0.00111728
2.4501877e-06,-0.00222701
2.4502377e-06,-0.00242121
2.4502877e-06,-0.00383612
2.4503377e-06,-0.00730402
2.4503877e-06,-0.010661
2.4504377e-06,-0.0119926
2.4504877e-06,-0.0115487
2.4505377e-06,-0.0098564
2.4505877e-06,-0.00638849
2.4506377e-06,-0.00125599
2.4506877e-06,0.00315518
2.4507377e-06,0.00395974
2.4507877e-06,0.000713778
2.4508377e-06,-0.00475164
2.4508877e-06,-0.010328
2.4509377e-06,-0.0147947
2.4509877e-06,-0.0172361
2.4510377e-06,-0.0172638
2.4510877e-06,-0.0155715
2.4511377e-06,-0.0124643
2.4511877e-06,-0.00674916
2.4512377e-06,0.000880238
2.4512877e-06,0.00476429
2.4513377e-06,-0.000423695
2.4513877e-06,-0.0102448
2.4514377e-06,-0.0127694
2.4514877e-06,-0.00308705
2.4515377e-06,0.00820446
2.4515877e-06,0.00737216
2.4516377e-06,-0.0045297
2.4516877e-06,-0.0132966
2.4517377e-06,-0.0109939
2.4517877e-06,-0.00519553
2.4518377e-06,-0.00536199
2.4518877e-06,-0.00849698
2.4519377e-06,-0.00563943
2.4519877e-06,0.00215643
2.4520377e-06,0.00440363
2.4520877e-06,-0.00319802
2.4521377e-06,-0.011632
2.4521877e-06,-0.0106332
2.4522377e-06,-0.00217152
2.4522877e-06,0.00315518
2.4523377e-06,-0.000395952
2.4523877e-06,-0.00830278
2.4524377e-06,-0.0124643
2.4524877e-06,-0.0096622
2.4525377e-06,-0.00317028
2.4525877e-06,0.00140736
2.4526377e-06,0.00168479
2.4526877e-06,-0.000201749
2.4527377e-06,-0.00214378
2.4527877e-06,-0.00605558
2.4528377e-06,-0.0130191
2.4528877e-06,-0.0182349
2.4529377e-06,-0.0159599
2.4529877e-06,-0.00827504
2.4530377e-06,-0.00300382
2.4530877e-06,-0.0038916
2.4531377e-06,-0.00796986
2.4531877e-06,-0.0112713
2.4532377e-06,-0.0121591
2.4532877e-06,-0.0104945
2.4533377e-06,-0.00749822
2.4533877e-06,-0.00602783
2.4534377e-06,-0.0078034
2.4534877e-06,-0.0109939
2.4535377e-06,-0.0122978
2.4535877e-06,-0.0108274
2.4536377e-06,-0.00855247
2.4536877e-06,-0.0076092
2.4537377e-06,-0.00783114
2.4537877e-06,-0.00680464
2.4538377e-06,-0.00292059
2.4538877e-06,0.00112993
2.4539377e-06,0.000797008
2.4539877e-06,-0.00439098
2.4540377e-06,-0.0104113
2.4540877e-06,-0.0141843
2.4541377e-06,-0.0159599
2.4541877e-06,-0.0159877
2.4542377e-06,-0.0132133
2.4542877e-06,-0.00772017
2.4543377e-06,-0.00178311
2.4543877e-06,0.00218417
2.4544377e-06,0.00285001
2.4544877e-06,-0.000146262
2.4545377e-06,-0.00455744
2.4545877e-06,-0.00480713
2.4546377e-06,0.00254483
2.4546877e-06,0.0113949
2.4547377e-06,0.0101187
2.4547877e-06,-0.00208829
2.4548377e-06,-0.00957897
2.4548877e-06,0.000907981
2.4549377e-06,0.0196069
2.4549877e-06,0.0239071
2.4550377e-06,0.00859286
2.4550877e-06,-0.00705433
2.4551377e-06,-0.00611106
2.4551877e-06,0.00407071
2.4552377e-06,0.00567982
2.4552877e-06,-0.00375289
2.4553377e-06,-0.0105222
2.4553877e-06,-0.00647172
2.4554377e-06,0.00151833
2.4554877e-06,0.00429266
2.4555377e-06,0.00301647
2.4555877e-06,0.00379328
2.4556377e-06,0.00640115
2.4556877e-06,0.00512496
2.4557377e-06,-0.000867587
2.4557877e-06,-0.00538974
2.4558377e-06,-0.00372514
2.4558877e-06,0.000630549
2.4559377e-06,0.000630549
2.4559877e-06,-0.00464067
2.4560377e-06,-0.00805309
2.4560877e-06,-0.00361417
2.4561377e-06,0.00373779
2.4561877e-06,0.00254483
2.4562377e-06,-0.00949574
2.4562877e-06,-0.0201491
2.4563377e-06,-0.0177077
2.4563877e-06,-0.00655495
2.4564377e-06,-0.00108953
2.4564877e-06,-0.00655495
2.4565377e-06,-0.0134075
2.4565877e-06,-0.0116597
2.4566377e-06,-0.00386386
2.4566877e-06,0.000325373
2.4567377e-06,-0.00242121
2.4567877e-06,-0.00591686
2.4568377e-06,-0.00439098
2.4568877e-06,-0.000395952
2.4569377e-06,4.79403e-05
2.4569877e-06,-0.00325351
2.4570377e-06,-0.00461293
2.4570877e-06,-0.00233798
2.4571377e-06,-0.00261541
2.4571877e-06,-0.00993963
2.4572377e-06,-0.0187065
2.4572877e-06,-0.0198717
2.4573377e-06,-0.0131301
2.4573877e-06,-0.00622203
2.4574377e-06,-0.00436324
2.4574877e-06,-0.00538974
2.4575377e-06,-0.00577814
2.4575877e-06,-0.00569491
2.4576377e-06,-0.00647172
2.4576877e-06,-0.00710982
2.4577377e-06,-0.0051123
2.4577877e-06,-3.52894e-05
2.4578377e-06,0.00531916
2.4578877e-06,0.00659535
2.4579377e-06,0.00107444
2.4579877e-06,-0.00941251
2.4580377e-06,-0.0180961
2.4580877e-06,-0.0171529
2.4581377e-06,-0.0047239
2.4581877e-06,0.0108956
2.4582377e-06,0.0165552
2.4582877e-06,0.00662309
2.4583377e-06,-0.0110771
2.4583877e-06,-0.0219247
2.4584377e-06,-0.0178465
2.4584877e-06,-0.00430775
2.4585377e-06,0.00545787
2.4585877e-06,0.00382102
2.4586377e-06,-0.0035032
2.4586877e-06,-0.00502907
2.4587377e-06,0.00193448
2.4587877e-06,0.00801025
2.4588377e-06,0.00415394
2.4588877e-06,-0.00691562
2.4589377e-06,-0.0150721
2.4589877e-06,-0.0155438
2.4590377e-06,-0.0130746
2.4590877e-06,-0.012381
2.4591377e-06,-0.0108829
2.4591877e-06,-0.00502907
2.4592377e-06,0.0010467
2.4592877e-06,0.000380859
2.4593377e-06,-0.00597235
2.4593877e-06,-0.00935702
2.4594377e-06,-0.00477939
2.4594877e-06,0.00357133
2.4595377e-06,0.00845415
2.4595877e-06,0.00698375
2.4596377e-06,0.000880238
2.4596877e-06,-0.00608332
2.4597377e-06,-0.00991189
2.4597877e-06,-0.00860795
2.4598377e-06,-0.00466841
2.4598877e-06,-0.00278187
2.4599377e-06,-0.00433549
2.4599877e-06,-0.00663818
2.4600377e-06,-0.00772017
2.4600877e-06,-0.00788663
2.4601377e-06,-0.00747048
2.4601877e-06,-0.00613881
2.4602377e-06,-0.00444647
2.4602877e-06,-0.00289284
2.4603377e-06,-0.000257235
2.4603877e-06,0.00443137
2.4604377e-06,0.00909224
2.4604877e-06,0.00939742
2.4605377e-06,0.0032939
2.4605877e-06,-0.00586137
2.4606377e-06,-0.011521
2.4606877e-06,-0.0103835
2.4607377e-06,-0.00561168
2.4607877e-06,-0.00255993
2.4608377e-06,-0.00244895
2.4608877e-06,-0.00217152
2.4609377e-06,-6.30327e-05
2.4609877e-06,0.000575062
2.4610377e-06,-0.00411355
2.4610877e-06,-0.0121036
2.4611377e-06,-0.0167367
2.4611877e-06,-0.0158489
2.4612377e-06,-0.0141289
2.4612877e-06,-0.0141843
2.4613377e-06,-0.0112713
2.4613877e-06,-0.00214378
2.4614377e-06,0.00629017
2.4614877e-06,0.00448686
2.4615377e-06,-0.00597235
2.4615877e-06,-0.0131024
2.4616377e-06,-0.00919056
2.4616877e-06,0.000824751
2.4617377e-06,0.00612371
2.4617877e-06,0.001879
2.4618377e-06,-0.0069711
2.4618877e-06,-0.0120204
2.4619377e-06,-0.0101893
2.4619877e-06,-0.00602783
2.4620377e-06,-0.00514005
2.4620877e-06,-0.00741499
2.4621377e-06,-0.00830278
2.4621877e-06,-0.00533425
2.4622377e-06,-0.00139471
2.4622877e-06,-0.00167214
2.4623377e-06,-0.00794212
2.4623877e-06,-0.015738
2.4624377e-06,-0.0180961
2.4624877e-06,-0.0126862
2.4625377e-06,-0.0038916
2.4625877e-06,0.0030997
2.4626377e-06,0.00756636
2.4626877e-06,0.0103684
2.4627377e-06,0.00909224
2.4627877e-06,0.000907981
2.4628377e-06,-0.0102448
2.4628877e-06,-0.0149889
2.4629377e-06,-0.00907959
2.4629877e-06,0.00013117
2.4630377e-06,0.00204545
2.4630877e-06,-0.00447421
2.4631377e-06,-0.0102725
2.4631877e-06,-0.00774791
2.4632377e-06,0.000602805
2.4632877e-06,0.00581854
2.4633377e-06,0.00185125
2.4633877e-06,-0.00899636
2.4634377e-06,-0.0180129
2.4634877e-06,-0.017791
2.4635377e-06,-0.0096622
2.4635877e-06,-0.0024767
2.4636377e-06,-0.00289284
2.4636877e-06,-0.0086357
2.4637377e-06,-0.0118539
2.4637877e-06,-0.00766468
2.4638377e-06,0.00157382
2.4638877e-06,0.00839866
2.4639377e-06,0.00612371
2.4639877e-06,-0.00569491
2.4640377e-06,-0.0193723
2.4640877e-06,-0.0241719
2.4641377e-06,-0.0159877
2.4641877e-06,-0.00194957
2.4642377e-06,0.00620694
2.4642877e-06,0.00212868
2.4643377e-06,-0.0107442
2.4643877e-06,-0.022757
2.4644377e-06,-0.0253371
2.4644877e-06,-0.0179852
2.4645377e-06,-0.00896862
2.4645877e-06,-0.0069711
2.4646377e-06,-0.0109939
2.4646877e-06,-0.0128249
2.4647377e-06,-0.0086357
2.4647877e-06,-0.00328125
2.4648377e-06,-0.00125599
2.4648877e-06,-0.000950817
2.4649377e-06,-0.000146262
2.4649877e-06,-0.000562411
2.4650377e-06,-0.0030593
2.4650877e-06,-0.00411355
2.4651377e-06,-0.00114502
2.4651877e-06,0.00251709
2.4652377e-06,0.001879
2.4652877e-06,-0.00317028
2.4653377e-06,-0.00796986
2.4653877e-06,-0.00852472
2.4654377e-06,-0.00613881
2.4654877e-06,-0.00627752
2.4655377e-06,-0.0120481
2.4655877e-06,-0.0192614
2.4656377e-06,-0.0203156
2.4656877e-06,-0.013574
2.4657377e-06,-0.00577814
2.4657877e-06,-0.00414129
2.4658377e-06,-0.00808083
2.4658877e-06,-0.0116875
2.4659377e-06,-0.0120481
2.4659877e-06,-0.0112436
2.4660377e-06,-0.0106887
2.4660877e-06,-0.00777566
2.4661377e-06,-0.0010063
2.4661877e-06,0.00487527
2.4662377e-06,0.00315518
2.4662877e-06,-0.00563943
2.4663377e-06,-0.0128249
2.4663877e-06,-0.0117429
2.4664377e-06,-0.00611106
2.4664877e-06,-0.00505682
2.4665377e-06,-0.0110494
2.4665877e-06,-0.0167922
2.4666377e-06,-0.0151831
2.4666877e-06,-0.00877441
2.4667377e-06,-0.00616655
2.4667877e-06,-0.0109106
2.4668377e-06,-0.01768
2.4668877e-06,-0.0189839
2.4669377e-06,-0.0128804
2.4669877e-06,-0.00411355
2.4670377e-06,0.000602805
2.4670877e-06,-0.00161665
2.4671377e-06,-0.00710982
2.4671877e-06,-0.00871893
2.4672377e-06,-0.0035032
2.4672877e-06,0.00307195
2.4673377e-06,0.00301647
2.4673877e-06,-0.00375289
2.4674377e-06,-0.0090241
2.4674877e-06,-0.00733176
2.4675377e-06,-0.00289284
2.4675877e-06,-0.00197732
2.4676377e-06,-0.00292059
2.4676877e-06,-9.07759e-05
2.4677377e-06,0.00531916
2.4677877e-06,0.00609597
2.4678377e-06,0.000491832
2.4678877e-06,-0.00500133
2.4679377e-06,-0.00563943
2.4679877e-06,-0.00447421
2.4680377e-06,-0.00563943
2.4680877e-06,-0.00741499
2.4681377e-06,-0.00611106
2.4681877e-06,-0.00322576
2.4682377e-06,-0.00341997
2.4682877e-06,-0.00702659
2.4683377e-06,-0.00899636
2.4683877e-06,-0.00641624
2.4684377e-06,-0.00264316
2.4684877e-06,-0.0016444
2.4685377e-06,-0.00206055
2.4685877e-06,-0.000312722
2.4686377e-06,0.00257258
2.4686877e-06,0.00201771
2.4687377e-06,-0.00217152
2.4687877e-06,-0.00455744
2.4688377e-06,-0.00258767
2.4688877e-06,-0.00133922
2.4689377e-06,-0.00527876
2.4689877e-06,-0.00974543
2.4690377e-06,-0.00733176
2.4690877e-06,-0.000673384
2.4691377e-06,-7.54616e-06
2.4691877e-06,-0.00766468
2.4692377e-06,-0.0142953
2.4692877e-06,-0.0130469
2.4693377e-06,-0.00891313
2.4693877e-06,-0.00874667
2.4694377e-06,-0.0104668
2.4694877e-06,-0.0100229
2.4695377e-06,-0.0103835
2.4695877e-06,-0.0146005
2.4696377e-06,-0.0162096
2.4696877e-06,-0.00808083
2.4697377e-06,0.00371005
2.4697877e-06,0.00587402
2.4698377e-06,-0.00380837
2.4698877e-06,-0.013685
2.4699377e-06,-0.013574
2.4699877e-06,-0.00536199
2.4700377e-06,0.00232289
2.4700877e-06,0.00340487
2.4701377e-06,-0.00225475
2.4701877e-06,-0.00980091
2.4702377e-06,-0.0128527
2.4702877e-06,-0.00977317
2.4703377e-06,-0.00705433
2.4703877e-06,-0.0112713
2.4704377e-06,-0.0187342
2.4704877e-06,-0.0185955
2.4705377e-06,-0.0078034
2.4705877e-06,0.00318293
2.4706377e-06,0.00351585
2.4706877e-06,-0.0040858
2.4707377e-06,-0.00766468
2.4707877e-06,-0.00214378
2.4708377e-06,0.00490301
2.4708877e-06,0.00407071
2.4709377e-06,-0.00378063
2.4709877e-06,-0.00982866
2.4710377e-06,-0.00874667
2.4710877e-06,-0.00347545
2.4711377e-06,0.000491832
2.4711877e-06,0.000880238
2.4712377e-06,-0.00206055
2.4712877e-06,-0.00766468
2.4713377e-06,-0.0135185
2.4713877e-06,-0.0149889
2.4714377e-06,-0.00916282
2.4714877e-06,0.000852495
2.4715377e-06,0.00834317
2.4715877e-06,0.0098968
2.4716377e-06,0.00850963
2.4716877e-06,0.00817671
2.4717377e-06,0.00884255
2.4717877e-06,0.00856512
2.4718377e-06,0.00795477
2.4718877e-06,0.0084264
2.4719377e-06,0.0084264
2.4719877e-06,0.00562433
2.4720377e-06,0.00118541
2.4720877e-06,-0.00158891
2.4721377e-06,-0.00117276
2.4721877e-06,0.0012409
2.4722377e-06,0.00298873
2.4722877e-06,0.00140736
2.4723377e-06,-0.0026709
2.4723877e-06,-0.00361417
2.4724377e-06,0.00171254
2.4724877e-06,0.00651212
2.4725377e-06,0.00176802
2.4725877e-06,-0.0078034
2.4726377e-06,-0.0069711
2.4726877e-06,0.00745539
2.4727377e-06,0.0182753
2.4727877e-06,0.0105349
2.4728377e-06,-0.00636075
2.4728877e-06,-0.0110771
2.4729377e-06,-9.07759e-05
2.4729877e-06,0.00903675
2.4730377e-06,0.00509721
2.4730877e-06,-0.00158891
2.4731377e-06,0.00182351
2.4731877e-06,0.00936967
2.4732377e-06,0.00565208
2.4732877e-06,-0.00910733
2.4733377e-06,-0.0177632
2.4733877e-06,-0.0101338
2.4734377e-06,0.00298873
2.4734877e-06,0.0051527
2.4735377e-06,-0.00405806
2.4735877e-06,-0.0104668
2.4736377e-06,-0.0049181
2.4736877e-06,0.00584628
2.4737377e-06,0.00914773
2.4737877e-06,0.00210094
2.4738377e-06,-0.00624978
2.4738877e-06,-0.00735951
2.4739377e-06,-0.00219926
2.4739877e-06,0.00271129
2.4740377e-06,0.00379328
2.4740877e-06,0.0010467
2.4741377e-06,-0.00505682
2.4741877e-06,-0.0122146
2.4742377e-06,-0.0147392
2.4742877e-06,-0.00930154
2.4743377e-06,-0.0010063
2.4743877e-06,0.001879
2.4744377e-06,-0.00133922
2.4744877e-06,-0.00308705
2.4745377e-06,0.000686035
2.4745877e-06,0.00368231
2.4746377e-06,-0.00169988
2.4746877e-06,-0.0120204
2.4747377e-06,-0.0163761
2.4747877e-06,-0.0114655
2.4748377e-06,-0.00516779
2.4748877e-06,-0.00347545
2.4749377e-06,-0.00264316
2.4749877e-06,0.000852495
2.4750377e-06,0.00137962
2.4750877e-06,-0.0069711
2.4751377e-06,-0.0175135
2.4751877e-06,-0.0178742
2.4752377e-06,-0.00777566
2.4752877e-06,-0.000368208
2.4753377e-06,-0.00530651
2.4753877e-06,-0.0174303
2.4754377e-06,-0.0243661
2.4754877e-06,-0.0200104
2.4755377e-06,-0.00866344
2.4755877e-06,0.000741522
2.4756377e-06,0.00254483
2.4756877e-06,-0.0014502
2.4757377e-06,-0.00447421
2.4757877e-06,-0.00228249
2.4758377e-06,0.00201771
2.4758877e-06,0.00221191
2.4759377e-06,-0.0026709
2.4759877e-06,-0.00702659
2.4760377e-06,-0.00608332
2.4760877e-06,-0.00117276
2.4761377e-06,0.00359908
2.4761877e-06,0.0063734
2.4762377e-06,0.00681729
2.4762877e-06,0.00354359
2.4763377e-06,-0.00428001
2.4763877e-06,-0.0131024
2.4764377e-06,-0.0172084
2.4764877e-06,-0.0143786
2.4765377e-06,-0.00733176
2.4765877e-06,-9.07759e-05
2.4766377e-06,0.00473655
2.4766877e-06,0.00615146
2.4767377e-06,0.00487527
2.4767877e-06,0.0030997
2.4768377e-06,0.00168479
2.4768877e-06,-0.00111728
2.4769377e-06,-0.0057504
2.4769877e-06,-0.00835827
2.4770377e-06,-0.00597235
2.4770877e-06,-0.00222701
2.4771377e-06,-0.00255993
2.4771877e-06,-0.00494585
2.4772377e-06,-0.00239347
2.4772877e-06,0.00468106
2.4773377e-06,0.00653986
2.4773877e-06,-0.00186634
2.4774377e-06,-0.0117152
2.4774877e-06,-0.0114655
2.4775377e-06,-0.00231024
2.4775877e-06,0.00445912
2.4776377e-06,0.00346036
2.4776877e-06,0.000741522
2.4777377e-06,0.00343262
2.4777877e-06,0.00967485
2.4778377e-06,0.0117556
2.4778877e-06,0.00531916
2.4779377e-06,-0.00616655
2.4779877e-06,-0.0151554
2.4780377e-06,-0.0166258
2.4780877e-06,-0.0118817
2.4781377e-06,-0.00588912
2.4781877e-06,-0.000867587
2.4782377e-06,0.00382102
2.4782877e-06,0.00648438
2.4783377e-06,0.00382102
2.4783877e-06,-0.00197732
2.4784377e-06,-0.00394709
2.4784877e-06,-6.30327e-05
2.4785377e-06,0.00373779
2.4785877e-06,0.00265581
2.4786377e-06,-0.000146262
2.4786877e-06,0.00107444
2.4787377e-06,0.00626243
2.4787877e-06,0.00964711
2.4788377e-06,0.00773282
2.4788877e-06,0.00304421
2.4789377e-06,-0.000728871
2.4789877e-06,-0.00394709
2.4790377e-06,-0.00772017
2.4790877e-06,-0.00852472
2.4791377e-06,-0.00197732
2.4791877e-06,0.00831543
2.4792377e-06,0.0123105
2.4792877e-06,0.00620694
2.4793377e-06,-0.00178311
2.4793877e-06,-0.0018386
2.4794377e-06,0.00518044
2.4794877e-06,0.0101465
2.4795377e-06,0.00742765
2.4795877e-06,2.01971e-05
2.4796377e-06,-0.00602783
2.4796877e-06,-0.00794212
2.4797377e-06,-0.00611106
2.4797877e-06,-0.00169988
2.4798377e-06,0.00359908
2.4798877e-06,0.00678955
2.4799377e-06,0.00537464
2.4799877e-06,0.000824751
2.4800377e-06,-0.00181086
2.4800877e-06,0.000519576
2.4801377e-06,0.00373779
2.4801877e-06,0.00140736
2.4802377e-06,-0.00652721
2.4802877e-06,-0.0130746
2.4803377e-06,-0.0132966
2.4803877e-06,-0.00996737
2.4804377e-06,-0.00827504
2.4804877e-06,-0.00846924
2.4805377e-06,-0.00613881
2.4805877e-06,0.00179577
2.4806377e-06,0.0123937
2.4806877e-06,0.0181088
2.4807377e-06,0.0137809
2.4807877e-06,0.00190674
2.4808377e-06,-0.00941251
2.4808877e-06,-0.0132966
2.4809377e-06,-0.00855247
2.4809877e-06,0.000519576
2.4810377e-06,0.00723344
2.4810877e-06,0.00723344
2.4811377e-06,0.0020732
2.4811877e-06,-0.00303156
2.4812377e-06,-0.0047239
2.4812877e-06,-0.00364191
2.4813377e-06,-0.00175537
2.4813877e-06,-0.000229492
2.4814377e-06,-0.000562411
2.4814877e-06,-0.00361417
2.4815377e-06,-0.00611106
2.4815877e-06,-0.00297607
2.4816377e-06,0.00407071
2.4816877e-06,0.00501398
2.4817377e-06,-0.0049181
2.4817877e-06,-0.0155438
2.4818377e-06,-0.013574
2.4818877e-06,-0.00158891
2.4819377e-06,0.00468106
2.4819877e-06,-0.00236572
2.4820377e-06,-0.0136295
2.4820877e-06,-0.0170419
2.4821377e-06,-0.0114378
2.4821877e-06,-0.00311479
2.4822377e-06,0.00318293
2.4822877e-06,0.00570756
2.4823377e-06,0.00415394
2.4823877e-06,0.00149059
2.4824377e-06,0.00243386
2.4824877e-06,0.00648438
2.4825377e-06,0.00662309
2.4825877e-06,-0.000229492
2.4826377e-06,-0.00647172
2.4826877e-06,-0.00383612
2.4827377e-06,0.00390425
2.4827877e-06,0.00543013
2.4828377e-06,-0.0018386
2.4828877e-06,-0.00769243
2.4829377e-06,-0.00314253
2.4829877e-06,0.00684504
2.4830377e-06,0.00992454
2.4830877e-06,0.00268355
2.4831377e-06,-0.00572266
2.4831877e-06,-0.0067769
2.4832377e-06,-0.00255993
2.4832877e-06,0.00013117
2.4833377e-06,-0.000673384
2.4833877e-06,-0.00181086
2.4834377e-06,-0.00106179
2.4834877e-06,0.000242143
2.4835377e-06,-0.00111728
2.4835877e-06,-0.00652721
2.4836377e-06,-0.0124365
2.4836877e-06,-0.0124365
2.4837377e-06,-0.00450195
2.4837877e-06,0.0055411
2.4838377e-06,0.0103129
2.4838877e-06,0.00878706
2.4839377e-06,0.00543013
2.4839877e-06,0.00296098
2.4840377e-06,-0.000340465
2.4840877e-06,-0.00550071
2.4841377e-06,-0.00896862
2.4841877e-06,-0.00686013
2.4842377e-06,-0.00131148
2.4842877e-06,0.00112993
2.4843377e-06,-0.00289284
2.4843877e-06,-0.0101338
2.4844377e-06,-0.0151831
2.4844877e-06,-0.0157657
2.4845377e-06,-0.0131024
2.4845877e-06,-0.00899636
2.4846377e-06,-0.00464067
2.4846877e-06,-0.00192183
2.4847377e-06,-0.00341997
2.4847877e-06,-0.0096622
2.4848377e-06,-0.0165425
2.4848877e-06,-0.0182349
2.4849377e-06,-0.0134353
2.4849877e-06,-0.00727628
2.4850377e-06,-0.00669367
2.4850877e-06,-0.0130746
2.4851377e-06,-0.0197053
2.4851877e-06,-0.0187065
2.4852377e-06,-0.0112991
2.4852877e-06,-0.00766468
2.4853377e-06,-0.0138792
2.4853877e-06,-0.0230899
2.4854377e-06,-0.0240055
2.4854877e-06,-0.0152663
2.4855377e-06,-0.0059446
2.4855877e-06,-0.00294833
2.4856377e-06,-0.00436324
2.4856877e-06,-0.00602783
2.4857377e-06,-0.00833052
2.4857877e-06,-0.0130746
2.4858377e-06,-0.017791
2.4858877e-06,-0.0177355
2.4859377e-06,-0.0120204
2.4859877e-06,-0.00497359
2.4860377e-06,-0.00236572
2.4860877e-06,-0.0065827
2.4861377e-06,-0.0141011
2.4861877e-06,-0.0169864
2.4862377e-06,-0.0106055
2.4862877e-06,-0.000728871
2.4863377e-06,0.000907981
2.4863877e-06,-0.00913508
2.4864377e-06,-0.0201769
2.4864877e-06,-0.0202324
2.4865377e-06,-0.0110771
2.4865877e-06,-0.00464067
2.4866377e-06,-0.00630526
2.4866877e-06,-0.00841375
2.4867377e-06,-0.00308705
2.4867877e-06,0.00479204
2.4868377e-06,0.00312744
2.4868877e-06,-0.00957897
2.4869377e-06,-0.0192891
2.4869877e-06,-0.0139347
2.4870377e-06,-0.000340465
2.4870877e-06,0.00437589
2.4871377e-06,-0.00380837
2.4871877e-06,-0.0115487
2.4872377e-06,-0.00874667
2.4872877e-06,-0.00153343
2.4873377e-06,-0.00106179
2.4873877e-06,-0.00796986
2.4874377e-06,-0.0135463
2.4874877e-06,-0.011632
2.4875377e-06,-0.00536199
2.4875877e-06,-0.00328125
2.4876377e-06,-0.0098564
2.4876877e-06,-0.0194833
2.4877377e-06,-0.0225351
2.4877877e-06,-0.0167367
2.4878377e-06,-0.00888539
2.4878877e-06,-0.00536199
2.4879377e-06,-0.00569491
2.4879877e-06,-0.00619429
2.4880377e-06,-0.0055562
2.4880877e-06,-0.0051123
2.4881377e-06,-0.00622203
2.4881877e-06,-0.00858021
2.4882377e-06,-0.00932928
2.4882877e-06,-0.00583363
2.4883377e-06,-0.000590154
2.4883877e-06,-0.000506925
2.4884377e-06,-0.00791437
2.4884877e-06,-0.0151554
2.4885377e-06,-0.0129082
2.4885877e-06,-0.00211603
2.4886377e-06,0.0063734
2.4886877e-06,0.00368231
2.4887377e-06,-0.00788663
2.4887877e-06,-0.0173748
2.4888377e-06,-0.0166258
2.4888877e-06,-0.00841375
2.4889377e-06,-0.00197732
2.4889877e-06,-0.00153343
2.4890377e-06,-0.00422452
2.4890877e-06,-0.00669367
2.4891377e-06,-0.00738725
2.4891877e-06,-0.00292059
2.4892377e-06,0.00745539
2.4892877e-06,0.0142525
2.4893377e-06,0.00612371
2.4893877e-06,-0.0126307
2.4894377e-06,-0.0233119
2.4894877e-06,-0.0159044
2.4895377e-06,-0.00133922
2.4895877e-06,0.00457009
2.4896377e-06,0.000547319
2.4896877e-06,-0.00416903
2.4897377e-06,-0.00536199
2.4897877e-06,-0.00611106
2.4898377e-06,-0.00699885
2.4898877e-06,-0.00522328
2.4899377e-06,-0.00280961
2.4899877e-06,-0.0051123
2.4900377e-06,-0.0108552
2.4900877e-06,-0.0124088
2.4901377e-06,-0.00830278
2.4901877e-06,-0.00577814
2.4902377e-06,-0.00819181
2.4902877e-06,-0.00858021
2.4903377e-06,-0.00114502
2.4903877e-06,0.00764959
2.4904377e-06,0.00681729
2.4904877e-06,-0.00378063
2.4905377e-06,-0.0133243
2.4905877e-06,-0.0141843
2.4906377e-06,-0.00982866
2.4906877e-06,-0.00702659
2.4907377e-06,-0.00647172
2.4907877e-06,-0.00500133
2.4908377e-06,-0.00328125
2.4908877e-06,-0.00425226
2.4909377e-06,-0.00652721
2.4909877e-06,-0.00541748
2.4910377e-06,-0.0014502
2.4910877e-06,-0.000617898
2.4911377e-06,-0.0040858
2.4911877e-06,-0.00497359
2.4912377e-06,0.000353116
2.4912877e-06,0.00512496
2.4913377e-06,0.00268355
2.4913877e-06,-0.00175537
2.4914377e-06,0.000935724
2.4914877e-06,0.00837092
2.4915377e-06,0.00970259
2.4915877e-06,0.00251709
2.4916377e-06,-0.00364191
2.4916877e-06,-0.00269864
2.4917377e-06,-0.000784357
2.4917877e-06,-0.00486262
2.4918377e-06,-0.0104113
2.4918877e-06,-0.00852472
2.4919377e-06,-0.000451438
2.4919877e-06,0.00407071
2.4920377e-06,0.00190674
2.4920877e-06,0.000880238
2.4921377e-06,0.00717796
2.4921877e-06,0.0154177
2.4922377e-06,0.0149738
2.4922877e-06,0.00373779
2.4923377e-06,-0.0088299
2.4923877e-06,-0.0120481
2.4924377e-06,-0.00505682
2.4924877e-06,0.00323841
2.4925377e-06,0.00506947
2.4925877e-06,0.00201771
2.4926377e-06,0.000408603
2.4926877e-06,0.00149059
2.4927377e-06,0.000769265
2.4927877e-06,-0.00364191
2.4928377e-06,-0.00705433
2.4928877e-06,-0.00458518
2.4929377e-06,0.00193448
2.4929877e-06,0.00659535
2.4930377e-06,0.00709473
2.4930877e-06,0.00626243
2.4931377e-06,0.00590177
2.4931877e-06,0.00373779
2.4932377e-06,-0.00120051
2.4932877e-06,-0.00489036
2.4933377e-06,-0.00325351
2.4933877e-06,0.00137962
2.4934377e-06,0.00287775
2.4934877e-06,-0.00128374
2.4935377e-06,-0.00755371
2.4935877e-06,-0.0104668
2.4936377e-06,-0.00841375
2.4936877e-06,-0.00538974
2.4937377e-06,-0.0065827
2.4937877e-06,-0.0104945
2.4938377e-06,-0.00944025
2.4938877e-06,-0.000867587
2.4939377e-06,0.00590177
2.4939877e-06,0.000575062
2.4940377e-06,-0.0131301
2.4940877e-06,-0.0206485
2.4941377e-06,-0.0139347
2.4941877e-06,-0.000506925
2.4942377e-06,0.00629017
2.4942877e-06,0.00260032
2.4943377e-06,-0.00311479
2.4943877e-06,-0.0018386
2.4944377e-06,0.00407071
2.4944877e-06,0.00476429
2.4945377e-06,-0.00228249
2.4945877e-06,-0.00674916
2.4946377e-06,0.000935724
2.4946877e-06,0.0145022
2.4947377e-06,0.0183585
2.4947877e-06,0.00742765
2.4948377e-06,-0.00669367
2.4948877e-06,-0.0112158
2.4949377e-06,-0.00591686
2.4949877e-06,0.0012409
2.4950377e-06,0.0051527
2.4950877e-06,0.00559659
2.4951377e-06,0.00346036
2.4951877e-06,-0.000534668
2.4952377e-06,-0.00502907
2.4952877e-06,-0.00855247
2.4953377e-06,-0.00971768
2.4953877e-06,-0.00705433
2.4954377e-06,-0.00114502
2.4954877e-06,0.00384877
2.4955377e-06,0.00398748
2.4955877e-06,0.000991211
2.4956377e-06,-0.000368208
2.4956877e-06,0.000741522
2.4957377e-06,0.000630549
2.4957877e-06,-0.00233798
2.4958377e-06,-0.00569491
2.4958877e-06,-0.00741499
2.4959377e-06,-0.00835827
2.4959877e-06,-0.00907959
2.4960377e-06,-0.00874667
2.4960877e-06,-0.00810858
2.4961377e-06,-0.00932928
2.4961877e-06,-0.0110216
2.4962377e-06,-0.00838601
2.4962877e-06,-0.00089533
2.4963377e-06,0.00448686
2.4963877e-06,0.00115767
2.4964377e-06,-0.00713756
2.4964877e-06,-0.0101338
2.4965377e-06,-0.00480713
2.4965877e-06,0.000602805
2.4966377e-06,-0.00108953
2.4966877e-06,-0.00527876
2.4967377e-06,-0.00339222
2.4967877e-06,0.0029055
2.4968377e-06,0.00357133
2.4968877e-06,-0.00403032
2.4969377e-06,-0.0107164
2.4969877e-06,-0.00880216
2.4970377e-06,-0.00311479
2.4970877e-06,-0.0030593
2.4971377e-06,-0.00907959
2.4971877e-06,-0.0135185
2.4972377e-06,-0.0123256
2.4972877e-06,-0.00941251
2.4973377e-06,-0.00871893
2.4973877e-06,-0.00841375
2.4974377e-06,-0.00605558
2.4974877e-06,-0.00425226
2.4975377e-06,-0.00630526
2.4975877e-06,-0.0105222
2.4976377e-06,-0.0133798
2.4976877e-06,-0.0160986
2.4977377e-06,-0.0220634
2.4977877e-06,-0.028056
2.4978377e-06,-0.0250874
2.4978877e-06,-0.0104113
2.4979377e-06,0.00506947
2.4979877e-06,0.0070115
2.4980377e-06,-0.00538974
2.4980877e-06,-0.0174858
2.4981377e-06,-0.015627
2.4981877e-06,-0.00192183
2.4982377e-06,0.00936967
2.4982877e-06,0.00789928
2.4983377e-06,-0.00311479
2.4983877e-06,-0.0120204
2.4984377e-06,-0.0107997
2.4984877e-06,-0.00208829
2.4985377e-06,0.003932
2.4985877e-06,0.000186657
2.4986377e-06,-0.00938477
2.4986877e-06,-0.0138237
2.4987377e-06,-0.00777566
2.4987877e-06,0.00296098
2.4988377e-06,0.00914773
2.4988877e-06,0.00784379
2.4989377e-06,0.00179577
2.4989877e-06,-0.00597235
2.4990377e-06,-0.012492
2.4990877e-06,-0.0129082
2.4991377e-06,-0.00530651
2.4991877e-06,0.00365456
2.4992377e-06,0.00434814
2.4992877e-06,-0.0030593
2.4993377e-06,-0.00783114
2.4993877e-06,-0.00292059
2.4994377e-06,0.00523593
2.4994877e-06,0.00551336
2.4995377e-06,-0.00269864
2.4995877e-06,-0.00905185
2.4996377e-06,-0.00669367
2.4996877e-06,-0.00117276
2.4997377e-06,-0.00089533
2.4997877e-06,-0.0045297
2.4998377e-06,-0.00380837
2.4998877e-06,0.00301647
2.4999377e-06,0.00773282
2.4999877e-06,0.00357133
2.5000377e-06,-0.00514005
2.5000877e-06,-0.00738725
2.5001377e-06,0.00112993
2.5001877e-06,0.0120885
2.5002377e-06,0.0143357
2.5002877e-06,0.00734442
2.5003377e-06,0.00129639
2.5003877e-06,0.00373779
2.5004377e-06,0.0108123
2.5004877e-06,0.0136144
2.5005377e-06,0.00998002
2.5005877e-06,0.00662309
2.5006377e-06,0.00961936
2.5006877e-06,0.0145022
2.5007377e-06,0.0107846
2.5007877e-06,-0.00322576
2.5008377e-06,-0.0149889
2.5008877e-06,-0.0119371
2.5009377e-06,0.00243386
2.5009877e-06,0.0124492
2.5010377e-06,0.00923096
2.5010877e-06,-7.54616e-06
2.5011377e-06,-0.00317028
2.5011877e-06,0.000741522
2.5012377e-06,0.00237837
2.5012877e-06,-0.00289284
2.5013377e-06,-0.00772017
2.5013877e-06,-0.00416903
2.5014377e-06,0.00407071
2.5014877e-06,0.00662309
2.5015377e-06,0.000519576
2.5015877e-06,-0.00683239
2.5016377e-06,-0.00796986
2.5016877e-06,-0.00308705
2.5017377e-06,0.0029055
2.5017877e-06,0.0061792
2.5018377e-06,0.00498624
2.5018877e-06,-0.000340465
2.5019377e-06,-0.00611106
2.5019877e-06,-0.00758145
2.5020377e-06,-0.00508456
2.5020877e-06,-0.00366966
2.5021377e-06,-0.00494585
2.5021877e-06,-0.00397483
2.5022377e-06,0.00235063
2.5022877e-06,0.00873158
2.5023377e-06,0.00792702
2.5023877e-06,0.000907981
2.5024377e-06,-0.00405806
2.5024877e-06,-0.00189409
2.5025377e-06,0.00318293
2.5025877e-06,0.00312744
2.5026377e-06,-0.00336448
2.5026877e-06,-0.00968994
2.5027377e-06,-0.0102448
2.5027877e-06,-0.00630526
2.5028377e-06,-0.00200506
2.5028877e-06,0.00115767
2.5029377e-06,0.00362682
2.5029877e-06,0.00601274
2.5030377e-06,0.00928644
2.5030877e-06,0.0128098
2.5031377e-06,0.0129208
2.5031877e-06,0.00776056
2.5032377e-06,0.00298873
2.5032877e-06,0.0055411
2.5033377e-06,0.0125324
2.5033877e-06,0.0128931
2.5034377e-06,0.00221191
2.5034877e-06,-0.0101616
2.5035377e-06,-0.0123533
2.5035877e-06,-0.00436324
2.5036377e-06,0.00298873
2.5036877e-06,0.00132413
2.5037377e-06,-0.00586137
2.5037877e-06,-0.00730402
2.5038377e-06,0.00260032
2.5038877e-06,0.0153067
2.5039377e-06,0.0163887
2.5039877e-06,0.00357133
2.5040377e-06,-0.00960671
2.5040877e-06,-0.0105222
2.5041377e-06,-0.00311479
2.5041877e-06,-0.00089533
2.5042377e-06,-0.00835827
2.5042877e-06,-0.0155438
2.5043377e-06,-0.0119649
2.5043877e-06,-0.00106179
2.5044377e-06,0.00415394
2.5044877e-06,-0.00169988
2.5045377e-06,-0.00955123
2.5045877e-06,-0.00777566
2.5046377e-06,0.00326616
2.5046877e-06,0.0122272
2.5047377e-06,0.010091
2.5047877e-06,-0.000784357
2.5048377e-06,-0.0112991
2.5048877e-06,-0.0154051
2.5049377e-06,-0.0139901
2.5049877e-06,-0.0105222
2.5050377e-06,-0.00710982
2.5050877e-06,-0.00464067
2.5051377e-06,-0.00441872
2.5051877e-06,-0.0067769
2.5052377e-06,-0.00927379
2.5052877e-06,-0.00913508
2.5053377e-06,-0.00783114
2.5053877e-06,-0.0086357
2.5054377e-06,-0.00957897
2.5054877e-06,-0.00547297
2.5055377e-06,0.00198997
2.5055877e-06,0.00401523
2.5056377e-06,-0.0020328
2.5056877e-06,-0.00710982
2.5057377e-06,-0.00339222
2.5057877e-06,0.00426491
2.5058377e-06,0.00584628
2.5058877e-06,-0.000146262
2.5059377e-06,-0.00674916
2.5059877e-06,-0.00841375
2.5060377e-06,-0.0057504
2.5060877e-06,-0.00294833
2.5061377e-06,-0.00361417
2.5061877e-06,-0.00788663
2.5062377e-06,-0.0115487
2.5062877e-06,-0.0096622
2.5063377e-06,-0.00214378
2.5063877e-06,0.00565208
2.5064377e-06,0.00834317
2.5064877e-06,0.00540239
2.5065377e-06,0.000491832
2.5065877e-06,-0.00222701
2.5066377e-06,-0.00186634
2.5066877e-06,-0.00217152
2.5067377e-06,-0.00752597
2.5067877e-06,-0.0156547
2.5068377e-06,-0.0176523
2.5068877e-06,-0.00885764
2.5069377e-06,0.00287775
2.5069877e-06,0.00579079
2.5070377e-06,-0.00089533
2.5070877e-06,-0.00722079
2.5071377e-06,-0.00713756
2.5071877e-06,-0.00586137
2.5072377e-06,-0.00944025
2.5072877e-06,-0.0138792
2.5073377e-06,-0.0105222
2.5073877e-06,-0.000312722
2.5074377e-06,0.00473655
2.5074877e-06,-0.00283736
2.5075377e-06,-0.0151276
2.5075877e-06,-0.0187342
2.5076377e-06,-0.0126862
2.5076877e-06,-0.00838601
2.5077377e-06,-0.0122978
2.5077877e-06,-0.0168754
2.5078377e-06,-0.0128249
2.5078877e-06,-0.00419678
2.5079377e-06,-0.00322576
2.5079877e-06,-0.0122701
2.5080377e-06,-0.0197885
2.5080877e-06,-0.016487
2.5081377e-06,-0.00777566
2.5081877e-06,-0.00436324
2.5082377e-06,-0.00674916
2.5082877e-06,-0.00652721
2.5083377e-06,-0.000950817
2.5083877e-06,0.00204545
2.5084377e-06,-0.00419678
2.5084877e-06,-0.0148224
2.5085377e-06,-0.018873
2.5085877e-06,-0.0121313
2.5086377e-06,-0.00136697
2.5086877e-06,0.0032939
2.5087377e-06,-0.00150568
2.5087877e-06,-0.00877441
2.5088377e-06,-0.00880216
2.5088877e-06,-0.00125599
2.5089377e-06,0.00340487
2.5089877e-06,-0.00255993
2.5090377e-06,-0.0138237
2.5090877e-06,-0.0194833
2.5091377e-06,-0.0174858
2.5091877e-06,-0.0139624
2.5092377e-06,-0.0120204
2.5092877e-06,-0.00910733
2.5093377e-06,-0.00469616
2.5093877e-06,-0.00197732
2.5094377e-06,-0.00161665
2.5094877e-06,-0.000728871
2.5095377e-06,0.00101895
2.5095877e-06,0.000519576
2.5096377e-06,-0.00311479
2.5096877e-06,-0.00772017
2.5097377e-06,-0.0124365
2.5097877e-06,-0.01768
2.5098377e-06,-0.020593
2.5098877e-06,-0.0166812
2.5099377e-06,-0.00755371
2.5099877e-06,-0.00219926
2.5100377e-06,-0.0067769
2.5100877e-06,-0.0154051
2.5101377e-06,-0.0161819
2.5101877e-06,-0.00663818
2.5102377e-06,0.00198997
2.5102877e-06,-0.000617898
2.5103377e-06,-0.00980091
2.5103877e-06,-0.0127972
2.5104377e-06,-0.00663818
2.5104877e-06,-0.000617898
2.5105377e-06,-0.00147794
2.5105877e-06,-0.00522328
2.5106377e-06,-0.00536199
2.5106877e-06,-0.00222701
2.5107377e-06,-0.000451438
2.5107877e-06,-0.00186634
2.5108377e-06,-0.00552845
2.5108877e-06,-0.0104668
2.5109377e-06,-0.0146837
2.5109877e-06,-0.013574
2.5110377e-06,-0.00533425
2.5110877e-06,0.00390425
2.5111377e-06,0.0051527
2.5111877e-06,-0.00255993
2.5112377e-06,-0.0103003
2.5112877e-06,-0.0100783
2.5113377e-06,-0.00355868
2.5113877e-06,0.00179577
2.5114377e-06,0.00285001
2.5114877e-06,0.00265581
2.5115377e-06,0.00387651
2.5115877e-06,0.00407071
2.5116377e-06,0.0002144
2.5116877e-06,-0.00600009
2.5117377e-06,-0.00968994
2.5117877e-06,-0.0084415
2.5118377e-06,-0.00425226
2.5118877e-06,-0.00122825
2.5119377e-06,-0.00294833
2.5119877e-06,-0.00913508
2.5120377e-06,-0.0140734
2.5120877e-06,-0.0113545
2.5121377e-06,-0.00236572
2.5121877e-06,0.00321067
2.5122377e-06,-0.000423695
2.5122877e-06,-0.00724854
2.5123377e-06,-0.00774791
2.5123877e-06,-0.00228249
2.5124377e-06,2.01971e-05
2.5124877e-06,-0.00527876
2.5125377e-06,-0.0128527
2.5125877e-06,-0.0160986
2.5126377e-06,-0.0146282
2.5126877e-06,-0.0110216
2.5127377e-06,-0.00572266
2.5127877e-06,0.000797008
2.5128377e-06,0.00415394
2.5128877e-06,0.000158913
2.5129377e-06,-0.0079976
2.5129877e-06,-0.0110494
2.5130377e-06,-0.00383612
2.5130877e-06,0.00781605
2.5131377e-06,0.0135589
2.5131877e-06,0.010091
2.5132377e-06,0.00351585
2.5132877e-06,0.000658292
2.5133377e-06,0.00162931
2.5133877e-06,0.00190674
2.5134377e-06,-0.00142245
2.5134877e-06,-0.00683239
2.5135377e-06,-0.0109384
2.5135877e-06,-0.0112991
2.5136377e-06,-0.00788663
2.5136877e-06,-0.00300382
2.5137377e-06,-0.000617898
2.5137877e-06,-0.00336448
2.5138377e-06,-0.00827504
2.5138877e-06,-0.00838601
2.5139377e-06,-0.00197732
2.5139877e-06,0.00379328
2.5140377e-06,0.00221191
2.5140877e-06,-0.00319802
2.5141377e-06,-0.00447421
2.5141877e-06,-0.0018386
2.5142377e-06,-0.00236572
2.5142877e-06,-0.00747048
2.5143377e-06,-0.0101893
2.5143877e-06,-0.00605558
2.5144377e-06,-0.000534668
2.5144877e-06,-0.000950817
2.5145377e-06,-0.00600009
2.5145877e-06,-0.00783114
2.5146377e-06,-0.00328125
2.5146877e-06,0.00140736
2.5147377e-06,-0.000284979
2.5147877e-06,-0.00464067
2.5148377e-06,-0.0018386
2.5148877e-06,0.00881481
2.5149377e-06,0.0142802
2.5149877e-06,0.00443137
2.5150377e-06,-0.0117984
2.5150877e-06,-0.0169587
2.5151377e-06,-0.00930154
2.5151877e-06,-0.00364191
2.5152377e-06,-0.00813632
2.5152877e-06,-0.0132133
2.5153377e-06,-0.00833052
2.5153877e-06,0.0022674
2.5154377e-06,0.00676181
2.5154877e-06,0.000963468
2.5155377e-06,-0.00957897
2.5155877e-06,-0.0176523
2.5156377e-06,-0.0193169
2.5156877e-06,-0.013574
2.5157377e-06,-0.00380837
2.5157877e-06,0.0029055
2.5158377e-06,0.00229514
2.5158877e-06,-0.00147794
2.5159377e-06,-0.00250444
2.5159877e-06,-0.00181086
2.5160377e-06,-0.00353094
2.5160877e-06,-0.00516779
2.5161377e-06,-0.000673384
2.5161877e-06,0.00742765
2.5162377e-06,0.00870384
2.5162877e-06,0.000408603
2.5163377e-06,-0.00686013
2.5163877e-06,-0.00341997
2.5164377e-06,0.00590177
2.5164877e-06,0.00850963
2.5165377e-06,0.000602805
2.5165877e-06,-0.00932928
2.5166377e-06,-0.0119371
2.5166877e-06,-0.00741499
2.5167377e-06,-0.00386386
2.5167877e-06,-0.00785889
2.5168377e-06,-0.0163483
2.5168877e-06,-0.0187897
2.5169377e-06,-0.00896862
2.5169877e-06,0.00623469
2.5170377e-06,0.0130318
2.5170877e-06,0.00645663
2.5171377e-06,-0.0040858
2.5171877e-06,-0.00686013
2.5172377e-06,-0.00122825
2.5172877e-06,0.00426491
2.5173377e-06,0.00468106
2.5173877e-06,0.00268355
2.5174377e-06,0.00118541
2.5174877e-06,-0.0014502
2.5175377e-06,-0.00644398
2.5175877e-06,-0.00996737
2.5176377e-06,-0.00788663
2.5176877e-06,-0.00311479
2.5177377e-06,-0.00328125
2.5177877e-06,-0.00960671
2.5178377e-06,-0.0126862
2.5178877e-06,-0.00422452
2.5179377e-06,0.00950839
2.5179877e-06,0.0140583
2.5180377e-06,0.00595725
2.5180877e-06,-0.00394709
2.5181377e-06,-0.00766468
2.5181877e-06,-0.00977317
2.5182377e-06,-0.0150721
2.5182877e-06,-0.0170142
2.5183377e-06,-0.00824729
2.5183877e-06,0.00409846
2.5184377e-06,0.00479204
2.5184877e-06,-0.00819181
2.5185377e-06,-0.0195111
2.5185877e-06,-0.0167922
2.5186377e-06,-0.00708208
2.5186877e-06,-0.00527876
2.5187377e-06,-0.0124365
2.5187877e-06,-0.0154883
2.5188377e-06,-0.00758145
2.5188877e-06,0.00276678
2.5189377e-06,0.00476429
2.5189877e-06,-0.000590154
2.5190377e-06,-0.00428001
2.5190877e-06,-0.00228249
2.5191377e-06,0.000353116
2.5191877e-06,-0.00242121
2.5192377e-06,-0.00924605
2.5192877e-06,-0.0133798
2.5193377e-06,-0.0105777
2.5193877e-06,-0.00317028
2.5194377e-06,0.00257258
2.5194877e-06,0.00137962
2.5195377e-06,-0.00705433
2.5195877e-06,-0.0171806
2.5196377e-06,-0.0215363
2.5196877e-06,-0.0177355
2.5197377e-06,-0.01055
2.5197877e-06,-0.00583363
2.5198377e-06,-0.00469616
2.5198877e-06,-0.00444647
2.5199377e-06,-0.00344771
2.5199877e-06,-0.00269864
2.5200377e-06,-0.00380837
2.5200877e-06,-0.00669367
2.5201377e-06,-0.00899636
2.5201877e-06,-0.00821955
2.5202377e-06,-0.00508456
2.5202877e-06,-0.0038916
2.5203377e-06,-0.00741499
2.5203877e-06,-0.0118817
2.5204377e-06,-0.0107719
2.5204877e-06,-0.00430775
2.5205377e-06,-0.000839844
2.5205877e-06,-0.00486262
2.5206377e-06,-0.00960671
2.5206877e-06,-0.00747048
2.5207377e-06,-0.00250444
2.5207877e-06,-0.00333674
2.5208377e-06,-0.00774791
2.5208877e-06,-0.00605558
2.5209377e-06,0.00210094
2.5209877e-06,0.00551336
2.5210377e-06,-0.00122825
2.5210877e-06,-0.00896862
2.5211377e-06,-0.00819181
2.5211877e-06,-0.00300382
2.5212377e-06,-0.00344771
2.5212877e-06,-0.00957897
2.5213377e-06,-0.0119371
2.5213877e-06,-0.00544522
2.5214377e-06,0.00526367
2.5214877e-06,0.013004
2.5215377e-06,0.0146686
2.5215877e-06,0.0103407
2.5216377e-06,0.00198997
2.5216877e-06,-0.00536199
2.5217377e-06,-0.00619429
2.5217877e-06,-0.000950817
2.5218377e-06,0.00343262
2.5218877e-06,0.00229514
2.5219377e-06,-0.000451438
2.5219877e-06,0.00132413
2.5220377e-06,0.00604048
2.5220877e-06,0.00620694
2.5221377e-06,-0.000645641
2.5221877e-06,-0.00738725
2.5222377e-06,-0.00608332
2.5222877e-06,0.00218417
2.5223377e-06,0.00923096
2.5223877e-06,0.00998002
2.5224377e-06,0.00692827
2.5224877e-06,0.00423717
2.5225377e-06,0.001879
2.5225877e-06,-0.00142245
2.5226377e-06,-0.00300382
2.5226877e-06,0.000797008
2.5227377e-06,0.00778831
2.5227877e-06,0.0117278
2.5228377e-06,0.0111452
2.5228877e-06,0.0100633
2.5229377e-06,0.00942516
2.5229877e-06,0.00468106
2.5230377e-06,-0.00572266
2.5230877e-06,-0.0146837
2.5231377e-06,-0.0138792
2.5231877e-06,-0.00416903
2.5232377e-06,0.00509721
2.5232877e-06,0.00634566
2.5233377e-06,0.00115767
2.5233877e-06,-0.00253218
2.5234377e-06,0.000630549
2.5234877e-06,0.00751088
2.5235377e-06,0.00975808
2.5235877e-06,0.00340487
2.5236377e-06,-0.00647172
2.5236877e-06,-0.0116042
2.5237377e-06,-0.0101338
2.5237877e-06,-0.00724854
2.5238377e-06,-0.00733176
2.5238877e-06,-0.00919056
2.5239377e-06,-0.00982866
2.5239877e-06,-0.00927379
2.5240377e-06,-0.00885764
2.5240877e-06,-0.00758145
2.5241377e-06,-0.00383612
2.5241877e-06,0.000158913
2.5242377e-06,-0.00139471
2.5242877e-06,-0.01055
2.5243377e-06,-0.0202879
2.5243877e-06,-0.0202046
2.5244377e-06,-0.00858021
2.5244877e-06,0.00468106
2.5245377e-06,0.0094529
2.5245877e-06,0.00665083
2.5246377e-06,0.00407071
2.5246877e-06,0.00437589
2.5247377e-06,0.00296098
2.5247877e-06,-0.00314253
2.5248377e-06,-0.0100783
2.5248877e-06,-0.0127972
2.5249377e-06,-0.0108552
2.5249877e-06,-0.00702659
2.5250377e-06,-0.00416903
2.5250877e-06,-0.00508456
2.5251377e-06,-0.0101893
2.5251877e-06,-0.0129636
2.5252377e-06,-0.00466841
2.5252877e-06,0.012033
2.5253377e-06,0.0210496
2.5253877e-06,0.0110343
2.5254377e-06,-0.00874667
2.5254877e-06,-0.0190394
2.5255377e-06,-0.013574
2.5255877e-06,-0.00300382
2.5256377e-06,0.00154608
2.5256877e-06,-0.00117276
2.5257377e-06,-0.00783114
2.5257877e-06,-0.0154605
2.5258377e-06,-0.0192614
2.5258877e-06,-0.0141011
2.5259377e-06,-0.00239347
2.5259877e-06,0.00551336
2.5260377e-06,0.00265581
2.5260877e-06,-0.00608332
2.5261377e-06,-0.0098564
2.5261877e-06,-0.00483487
2.5262377e-06,0.0020732
2.5262877e-06,0.00193448
2.5263377e-06,-0.00588912
2.5263877e-06,-0.0139624
2.5264377e-06,-0.0150166
2.5264877e-06,-0.00819181
2.5265377e-06,0.000880238
2.5265877e-06,0.00423717
2.5266377e-06,-0.0026709
2.5266877e-06,-0.0165425
2.5267377e-06,-0.027085
2.5267877e-06,-0.0257255
2.5268377e-06,-0.0143786
2.5268877e-06,-0.0036974
2.5269377e-06,-0.00242121
2.5269877e-06,-0.00894087
2.5270377e-06,-0.0144063
2.5270877e-06,-0.0127417
2.5271377e-06,-0.00655495
2.5271877e-06,-0.00269864
2.5272377e-06,-0.00372514
2.5272877e-06,-0.00563943
2.5273377e-06,-0.00403032
2.5273877e-06,0.00029763
2.5274377e-06,0.0024616
2.5274877e-06,0.000103427
2.5275377e-06,-0.00380837
2.5275877e-06,-0.00458518
2.5276377e-06,-0.0014502
2.5276877e-06,0.00179577
2.5277377e-06,0.000991211
2.5277877e-06,-0.00372514
2.5278377e-06,-0.0079976
2.5278877e-06,-0.00766468
2.5279377e-06,-0.00330899
2.5279877e-06,0.000325373
2.5280377e-06,-0.000701127
2.5280877e-06,-0.00538974
2.5281377e-06,-0.009468
2.5281877e-06,-0.00991189
2.5282377e-06,-0.00821955
2.5282877e-06,-0.00877441
2.5283377e-06,-0.0135185
2.5283877e-06,-0.0179852
2.5284377e-06,-0.0152108
2.5284877e-06,-0.00464067
2.5285377e-06,0.0053469
2.5285877e-06,0.00684504
2.5286377e-06,0.00196222
2.5286877e-06,-0.000867587
2.5287377e-06,0.00210094
2.5287877e-06,0.0063734
2.5288377e-06,0.00615146
2.5288877e-06,0.00107444
2.5289377e-06,-0.00489036
2.5289877e-06,-0.00791437
2.5290377e-06,-0.00666593
2.5290877e-06,-0.00255993
2.5291377e-06,0.000713778
2.5291877e-06,-0.000423695
2.5292377e-06,-0.00552845
2.5292877e-06,-0.0102725
2.5293377e-06,-0.0113823
2.5293877e-06,-0.010328
2.5294377e-06,-0.0108829
2.5294877e-06,-0.0137127
2.5295377e-06,-0.0156547
2.5295877e-06,-0.014545
2.5296377e-06,-0.0126307
2.5296877e-06,-0.0130469
2.5297377e-06,-0.0140179
2.5297877e-06,-0.0108829
2.5298377e-06,-0.00428001
2.5298877e-06,-0.00120051
2.5299377e-06,-0.00561168
2.5299877e-06,-0.0125752
2.5300377e-06,-0.0150166
2.5300877e-06,-0.0127972
2.5301377e-06,-0.0114655
2.5301877e-06,-0.0139901
2.5302377e-06,-0.0165703
2.5302877e-06,-0.0141566
2.5303377e-06,-0.00855247
2.5303877e-06,-0.00772017
2.5304377e-06,-0.0147115
2.5304877e-06,-0.020704
2.5305377e-06,-0.0148502
2.5305877e-06,0.000575062
2.5306377e-06,0.0105349
2.5306877e-06,0.00465332
2.5307377e-06,-0.0103003
2.5307877e-06,-0.0179019
2.5308377e-06,-0.0112713
2.5308877e-06,-0.000451438
2.5309377e-06,0.00107444
2.5309877e-06,-0.00644398
2.5310377e-06,-0.0114933
2.5310877e-06,-0.00938477
2.5311377e-06,-0.00785889
2.5311877e-06,-0.0121313
2.5312377e-06,-0.0137127
2.5312877e-06,-0.00255993
2.5313377e-06,0.0145022
2.5313877e-06,0.0182753
2.5314377e-06,0.00165705
2.5314877e-06,-0.0187342
2.5315377e-06,-0.0218415
2.5315877e-06,-0.00783114
2.5316377e-06,0.00409846
2.5316877e-06,0.00168479
2.5317377e-06,-0.00674916
2.5317877e-06,-0.00691562
2.5318377e-06,0.00182351
2.5318877e-06,0.00834317
2.5319377e-06,0.00634566
2.5319877e-06,0.00101895
2.5320377e-06,-0.000562411
2.5320877e-06,0.000935724
2.5321377e-06,0.000436346
2.5321877e-06,-0.00300382
2.5322377e-06,-0.0051123
2.5322877e-06,-0.00303156
2.5323377e-06,-7.54616e-06
2.5323877e-06,-0.00181086
2.5324377e-06,-0.00891313
2.5324877e-06,-0.0141289
2.5325377e-06,-0.0101616
2.5325877e-06,0.000880238
2.5326377e-06,0.00887029
2.5326877e-06,0.00717796
2.5327377e-06,-0.000423695
2.5327877e-06,-0.00605558
2.5328377e-06,-0.00724854
2.5328877e-06,-0.00747048
2.5329377e-06,-0.00974543
2.5329877e-06,-0.0129082
2.5330377e-06,-0.0138514
2.5330877e-06,-0.010328
2.5331377e-06,-0.00228249
2.5331877e-06,0.00692827
2.5332377e-06,0.0115059
2.5332877e-06,0.00875932
2.5333377e-06,0.00315518
2.5333877e-06,0.00140736
2.5334377e-06,0.00384877
2.5334877e-06,0.00429266
2.5335377e-06,-0.00089533
2.5335877e-06,-0.00772017
2.5336377e-06,-0.0102448
2.5336877e-06,-0.00772017
2.5337377e-06,-0.00355868
2.5337877e-06,-0.000506925
2.5338377e-06,0.00029763
2.5338877e-06,-0.0018386
2.5339377e-06,-0.00489036
2.5339877e-06,-0.00383612
2.5340377e-06,0.00215643
2.5340877e-06,0.00567982
2.5341377e-06,0.00029763
2.5341877e-06,-0.00827504
2.5342377e-06,-0.00858021
2.5342877e-06,0.000686035
2.5343377e-06,0.00820446
2.5343877e-06,0.00434814
2.5344377e-06,-0.00741499
2.5344877e-06,-0.0152386
2.5345377e-06,-0.0122701
2.5345877e-06,-0.00317028
2.5346377e-06,0.00237837
2.5346877e-06,0.000519576
2.5347377e-06,-0.00439098
2.5347877e-06,-0.00713756
2.5348377e-06,-0.00724854
2.5348877e-06,-0.00613881
2.5349377e-06,-0.00394709
2.5349877e-06,-0.00128374
2.5350377e-06,-0.000118519
2.5350877e-06,-0.000645641
2.5351377e-06,-0.000257235
2.5351877e-06,0.00165705
2.5352377e-06,0.000991211
2.5352877e-06,-0.00525102
2.5353377e-06,-0.0119926
2.5353877e-06,-0.00960671
2.5354377e-06,0.00326616
2.5354877e-06,0.0143912
2.5355377e-06,0.0106736
2.5355877e-06,-0.00450195
2.5356377e-06,-0.0145728
2.5356877e-06,-0.0111326
2.5357377e-06,-0.00347545
2.5357877e-06,-0.00197732
2.5358377e-06,-0.00264316
2.5358877e-06,0.00282227
2.5359377e-06,0.00950839
2.5359877e-06,0.00501398
2.5360377e-06,-0.0101893
2.5360877e-06,-0.0200382
2.5361377e-06,-0.0129636
2.5361877e-06,0.00379328
2.5362377e-06,0.0137531
2.5362877e-06,0.0098968
2.5363377e-06,-0.000479181
2.5363877e-06,-0.00672141
2.5364377e-06,-0.00619429
2.5364877e-06,-0.00375289
2.5365377e-06,-0.0030593
2.5365877e-06,-0.00242121
2.5366377e-06,0.000186657
2.5366877e-06,0.00243386
2.5367377e-06,0.000907981
2.5367877e-06,-0.00344771
2.5368377e-06,-0.00630526
2.5368877e-06,-0.00525102
2.5369377e-06,-0.00178311
2.5369877e-06,0.000824751
2.5370377e-06,0.000158913
2.5370877e-06,-0.00308705
2.5371377e-06,-0.00428001
2.5371877e-06,0.000519576
2.5372377e-06,0.00709473
2.5372877e-06,0.00459783
2.5373377e-06,-0.0101338
2.5373877e-06,-0.0240055
2.5374377e-06,-0.0211479
2.5374877e-06,-0.00361417
2.5375377e-06,0.00923096
2.5375877e-06,0.00457009
2.5376377e-06,-0.00785889
2.5376877e-06,-0.00957897
2.5377377e-06,0.00212868
2.5377877e-06,0.0119221
2.5378377e-06,0.0084264
2.5378877e-06,-0.00114502
2.5379377e-06,-0.00308705
2.5379877e-06,0.00340487
2.5380377e-06,0.0063734
2.5380877e-06,-0.000534668
2.5381377e-06,-0.00927379
2.5381877e-06,-0.00960671
2.5382377e-06,-0.0040858
2.5382877e-06,-0.00314253
2.5383377e-06,-0.00924605
2.5383877e-06,-0.0139901
2.5384377e-06,-0.0109384
2.5384877e-06,-0.00430775
2.5385377e-06,-0.00156117
2.5385877e-06,-0.00341997
2.5386377e-06,-0.00516779
2.5386877e-06,-0.00475164
2.5387377e-06,-0.00464067
2.5387877e-06,-0.00641624
2.5388377e-06,-0.00824729
2.5388877e-06,-0.00866344
2.5389377e-06,-0.00846924
2.5389877e-06,-0.00744274
2.5390377e-06,-0.00314253
2.5390877e-06,0.00334939
2.5391377e-06,0.00523593
2.5391877e-06,-0.00125599
2.5392377e-06,-0.00905185
2.5392877e-06,-0.00816406
2.5393377e-06,0.000741522
2.5393877e-06,0.00753862
2.5394377e-06,0.00678955
2.5394877e-06,0.0034881
2.5395377e-06,0.00346036
2.5395877e-06,0.00506947
2.5396377e-06,0.00390425
2.5396877e-06,0.000935724
2.5397377e-06,0.000852495
2.5397877e-06,0.00365456
2.5398377e-06,0.00332164
2.5398877e-06,-0.00333674
2.5399377e-06,-0.0107442
2.5399877e-06,-0.01141
2.5400377e-06,-0.00550071
2.5400877e-06,0.000880238
2.5401377e-06,0.00445912
2.5401877e-06,0.00531916
2.5402377e-06,0.00182351
2.5402877e-06,-0.00699885
2.5403377e-06,-0.0152108
2.5403877e-06,-0.0144618
2.5404377e-06,-0.00469616
2.5404877e-06,0.00548562
2.5405377e-06,0.00889804
2.5405877e-06,0.00562433
2.5406377e-06,-0.000118519
2.5406877e-06,-0.00430775
2.5407377e-06,-0.00441872
2.5407877e-06,-0.000368208
2.5408377e-06,0.00465332
2.5408877e-06,0.00673406
2.5409377e-06,0.00504173
2.5409877e-06,0.00215643
2.5410377e-06,0.000380859
2.5410877e-06,-0.00167214
2.5411377e-06,-0.00655495
2.5411877e-06,-0.0122701
2.5412377e-06,-0.0125198
2.5412877e-06,-0.00566717
2.5413377e-06,0.000491832
2.5413877e-06,-0.00219926
2.5414377e-06,-0.0111326
2.5414877e-06,-0.0161819
2.5415377e-06,-0.0129914
2.5415877e-06,-0.00710982
2.5416377e-06,-0.00519553
2.5416877e-06,-0.0078034
2.5417377e-06,-0.0116042
2.5417877e-06,-0.0141843
2.5418377e-06,-0.0148502
2.5418877e-06,-0.0131578
2.5419377e-06,-0.00905185
2.5419877e-06,-0.00317028
2.5420377e-06,0.00301647
2.5420877e-06,0.00623469
2.5421377e-06,0.00198997
2.5421877e-06,-0.0096622
2.5422377e-06,-0.0200659
2.5422877e-06,-0.0191504
2.5423377e-06,-0.00833052
2.5423877e-06,0.000824751
2.5424377e-06,0.00135187
2.5424877e-06,-0.00231024
2.5425377e-06,-0.00394709
2.5425877e-06,-0.00386386
2.5426377e-06,-0.00483487
2.5426877e-06,-0.00669367
2.5427377e-06,-0.00899636
2.5427877e-06,-0.0128804
2.5428377e-06,-0.0172638
2.5428877e-06,-0.0167367
2.5429377e-06,-0.0076092
2.5429877e-06,0.00531916
2.5430377e-06,0.0110065
2.5430877e-06,0.00293324
2.5431377e-06,-0.0127694
2.5431877e-06,-0.0218137
2.5432377e-06,-0.0159877
2.5432877e-06,-0.00133922
2.5433377e-06,0.00873158
2.5433877e-06,0.00756636
2.5434377e-06,-0.000368208
2.5434877e-06,-0.00710982
2.5435377e-06,-0.0101061
2.5435877e-06,-0.0117429
2.5436377e-06,-0.013463
2.5436877e-06,-0.0137682
2.5437377e-06,-0.0109384
2.5437877e-06,-0.00563943
2.5438377e-06,-0.00122825
2.5438877e-06,-0.00169988
2.5439377e-06,-0.0076092
2.5439877e-06,-0.0132688
2.5440377e-06,-0.0117984
2.5440877e-06,-0.00386386
2.5441377e-06,0.00243386
2.5441877e-06,0.00162931
2.5442377e-06,-0.00275413
2.5442877e-06,-0.00514005
2.5443377e-06,-0.00552845
2.5443877e-06,-0.00680464
2.5444377e-06,-0.00821955
2.5444877e-06,-0.00652721
2.5445377e-06,-0.00200506
2.5445877e-06,0.00129639
2.5446377e-06,0.000630549
2.5446877e-06,-0.00328125
2.5447377e-06,-0.00827504
2.5447877e-06,-0.0119649
2.5448377e-06,-0.0113545
2.5448877e-06,-0.00544522
2.5449377e-06,0.00212868
2.5449877e-06,0.00548562
2.5450377e-06,0.00318293
2.5450877e-06,0.000158913
2.5451377e-06,0.00149059
2.5451877e-06,0.005985
2.5452377e-06,0.00789928
2.5452877e-06,0.00440363
2.5453377e-06,-0.000506925
2.5453877e-06,-0.00150568
2.5454377e-06,0.000630549
2.5454877e-06,0.000269886
2.5455377e-06,-0.00466841
2.5455877e-06,-0.00963445
2.5456377e-06,-0.00971768
2.5456877e-06,-0.00533425
2.5457377e-06,-0.00111728
2.5457877e-06,-0.00133922
2.5458377e-06,-0.00683239
2.5458877e-06,-0.0142676
2.5459377e-06,-0.0173471
2.5459877e-06,-0.0123256
2.5460377e-06,-0.00325351
2.5460877e-06,0.00162931
2.5461377e-06,4.79403e-05
2.5461877e-06,-0.0018386
2.5462377e-06,0.000103427
2.5462877e-06,0.00132413
2.5463377e-06,-0.00303156
2.5463877e-06,-0.00852472
2.5464377e-06,-0.00724854
2.5464877e-06,-0.000867587
2.5465377e-06,0.000991211
2.5465877e-06,-0.00477939
2.5466377e-06,-0.00996737
2.5466877e-06,-0.00735951
2.5467377e-06,-0.000728871
2.5467877e-06,0.00198997
2.5468377e-06,0.000269886
2.5468877e-06,-0.000340465
2.5469377e-06,0.00221191
2.5469877e-06,0.00395974
2.5470377e-06,0.00107444
2.5470877e-06,-0.00514005
2.5471377e-06,-0.0107442
2.5471877e-06,-0.0143786
2.5472377e-06,-0.0178187
2.5472877e-06,-0.0212311
2.5473377e-06,-0.0212311
2.5473877e-06,-0.015516
2.5474377e-06,-0.00785889
2.5474877e-06,-0.00550071
2.5475377e-06,-0.0100506
2.5475877e-06,-0.0138514
2.5476377e-06,-0.00838601
2.5476877e-06,0.00362682
2.5477377e-06,0.00967485
2.5477877e-06,0.003932
2.5478377e-06,-0.00433549
2.5478877e-06,-0.00422452
2.5479377e-06,0.000880238
2.5479877e-06,0.000186657
2.5480377e-06,-0.00644398
2.5480877e-06,-0.00871893
2.5481377e-06,-0.00269864
2.5481877e-06,0.00362682
2.5482377e-06,0.00293324
2.5482877e-06,-0.0026709
2.5483377e-06,-0.0076092
2.5483877e-06,-0.0103003
2.5484377e-06,-0.0110494
2.5484877e-06,-0.00810858
2.5485377e-06,-0.000395952
2.5485877e-06,0.00853738
2.5486377e-06,0.0122827
2.5486877e-06,0.00839866
2.5487377e-06,0.00162931
2.5487877e-06,-0.00117276
2.5488377e-06,0.000602805
2.5488877e-06,0.00118541
2.5489377e-06,-0.00258767
2.5489877e-06,-0.00588912
2.5490377e-06,-0.00372514
2.5490877e-06,-0.000174006
2.5491377e-06,-0.00300382
2.5491877e-06,-0.0108552
2.5492377e-06,-0.0132966
2.5492877e-06,-0.00516779
2.5493377e-06,0.00567982
2.5493877e-06,0.00814897
2.5494377e-06,0.00174028
2.5494877e-06,-0.00375289
2.5495377e-06,-0.00111728
2.5495877e-06,0.00665083
2.5496377e-06,0.0112007
2.5496877e-06,0.00781605
2.5497377e-06,-0.00117276
2.5497877e-06,-0.0086357
2.5498377e-06,-0.00841375
2.5498877e-06,-0.00133922
2.5499377e-06,0.00465332
2.5499877e-06,0.00359908
2.5500377e-06,-0.000701127
2.5500877e-06,-0.000146262
2.5501377e-06,0.00531916
2.5501877e-06,0.00778831
2.5502377e-06,0.00418169
2.5502877e-06,0.00029763
2.5503377e-06,-0.000423695
2.5503877e-06,-0.00300382
2.5504377e-06,-0.0096622
2.5504877e-06,-0.0116042
2.5505377e-06,-0.0014502
2.5505877e-06,0.012255
2.5506377e-06,0.0143912
2.5506877e-06,0.00390425
2.5507377e-06,-0.00477939
2.5507877e-06,-0.00120051
2.5508377e-06,0.0082322
2.5508877e-06,0.0100633
2.5509377e-06,0.000991211
2.5509877e-06,-0.00941251
2.5510377e-06,-0.0117707
2.5510877e-06,-0.00727628
2.5511377e-06,-0.00433549
2.5511877e-06,-0.00808083
2.5512377e-06,-0.0148779
2.5512877e-06,-0.0166812
2.5513377e-06,-0.00924605
2.5513877e-06,0.00298873
2.5514377e-06,0.0104794
2.5514877e-06,0.00798251
2.5515377e-06,0.000325373
2.5515877e-06,-0.00319802
2.5516377e-06,0.000713778
2.5516877e-06,0.00642889
2.5517377e-06,0.00703924
2.5517877e-06,0.00262806
2.5518377e-06,-0.000950817
2.5518877e-06,0.000353116
2.5519377e-06,0.00420943
2.5519877e-06,0.00509721
2.5520377e-06,0.00110218
2.5520877e-06,-0.00416903
2.5521377e-06,-0.00633301
2.5521877e-06,-0.0055562
2.5522377e-06,-0.00527876
2.5522877e-06,-0.00686013
2.5523377e-06,-0.00752597
2.5523877e-06,-0.0051123
2.5524377e-06,-0.00294833
2.5524877e-06,-0.00561168
2.5525377e-06,-0.0107719
2.5525877e-06,-0.0104945
2.5526377e-06,-0.00253218
2.5526877e-06,0.00415394
2.5527377e-06,0.000464089
2.5527877e-06,-0.0102725
2.5528377e-06,-0.0164038
2.5528877e-06,-0.0123256
2.5529377e-06,-0.00330899
2.5529877e-06,0.00282227
2.5530377e-06,0.00340487
2.5530877e-06,0.000436346
2.5531377e-06,-0.0026709
2.5531877e-06,-0.00317028
2.5532377e-06,-0.00147794
2.5532877e-06,-0.000923074
2.5533377e-06,-0.00292059
2.5533877e-06,-0.00411355
2.5534377e-06,-0.00172763
2.5534877e-06,2.01971e-05
2.5535377e-06,-0.00566717
2.5535877e-06,-0.017569
2.5536377e-06,-0.0256978
2.5536877e-06,-0.0230067
2.5537377e-06,-0.0133243
2.5537877e-06,-0.00455744
2.5538377e-06,0.00115767
2.5538877e-06,0.00501398
2.5539377e-06,0.00440363
2.5539877e-06,-0.00278187
2.5540377e-06,-0.00952348
2.5540877e-06,-0.00544522
2.5541377e-06,0.00742765
2.5541877e-06,0.0145854
2.5542377e-06,0.0073999
2.5542877e-06,-0.00569491
2.5543377e-06,-0.0106887
2.5543877e-06,-0.00469616
2.5544377e-06,0.00287775
2.5544877e-06,0.00285001
2.5545377e-06,-0.00469616
2.5545877e-06,-0.0121868
2.5546377e-06,-0.0124643
2.5546877e-06,-0.00508456
2.5547377e-06,0.00362682
2.5547877e-06,0.0070115
2.5548377e-06,0.00470881
2.5548877e-06,0.00198997
2.5549377e-06,0.00298873
2.5549877e-06,0.00667858
2.5550377e-06,0.0098968
2.5550877e-06,0.0109788
2.5551377e-06,0.00995228
2.5551877e-06,0.00812123
2.5552377e-06,0.00767733
2.5552877e-06,0.00887029
2.5553377e-06,0.00776056
2.5553877e-06,0.001879
2.5554377e-06,-0.00400257
2.5554877e-06,-0.00394709
2.5555377e-06,-0.00131148
2.5555877e-06,-0.00494585
2.5556377e-06,-0.014767
2.5556877e-06,-0.0191226
2.5557377e-06,-0.0101893
2.5557877e-06,0.00473655
2.5558377e-06,0.0115891
2.5558877e-06,0.00587402
2.5559377e-06,-0.00283736
2.5559877e-06,-0.00344771
2.5560377e-06,0.0030997
2.5560877e-06,0.005985
2.5561377e-06,-0.000590154
2.5561877e-06,-0.00916282
2.5562377e-06,-0.00905185
2.5562877e-06,-0.000257235
2.5563377e-06,0.00728893
2.5563877e-06,0.00676181
2.5564377e-06,0.0010467
2.5564877e-06,-0.00358643
2.5565377e-06,-0.00477939
2.5565877e-06,-0.00341997
2.5566377e-06,-0.00089533
2.5566877e-06,0.00121316
2.5567377e-06,0.00160156
2.5567877e-06,0.000797008
2.5568377e-06,0.000602805
2.5568877e-06,0.00151833
2.5569377e-06,0.00223966
2.5569877e-06,0.00162931
2.5570377e-06,0.000380859
2.5570877e-06,0.00013117
2.5571377e-06,0.00135187
2.5571877e-06,0.00196222
2.5572377e-06,-0.00089533
2.5572877e-06,-0.00710982
2.5573377e-06,-0.0119371
2.5573877e-06,-0.010328
2.5574377e-06,-0.00255993
2.5574877e-06,0.00470881
2.5575377e-06,0.00465332
2.5575877e-06,-0.00236572
2.5576377e-06,-0.00888539
2.5576877e-06,-0.00910733
2.5577377e-06,-0.00541748
2.5577877e-06,-0.00341997
2.5578377e-06,-0.00419678
2.5578877e-06,-0.00558394
2.5579377e-06,-0.00769243
2.5579877e-06,-0.0112436
2.5580377e-06,-0.012714
2.5580877e-06,-0.00846924
2.5581377e-06,-0.00192183
2.5581877e-06,-0.000506925
2.5582377e-06,-0.00464067
2.5582877e-06,-0.00691562
2.5583377e-06,-0.00353094
2.5583877e-06,-0.000201749
2.5584377e-06,-0.00211603
2.5584877e-06,-0.00486262
2.5585377e-06,-0.00194957
2.5585877e-06,0.00312744
2.5586377e-06,0.000602805
2.5586877e-06,-0.0113823
2.5587377e-06,-0.0234229
2.5587877e-06,-0.0263914
2.5588377e-06,-0.020704
2.5588877e-06,-0.0126585
2.5589377e-06,-0.00636075
2.5589877e-06,-0.00236572
2.5590377e-06,-0.000673384
2.5590877e-06,-0.00117276
2.5591377e-06,-0.00189409
2.5591877e-06,-0.000312722
2.5592377e-06,0.0032939
2.5592877e-06,0.00529142
2.5593377e-06,0.00268355
2.5593877e-06,-0.00366966
2.5594377e-06,-0.00907959
2.5594877e-06,-0.00938477
2.5595377e-06,-0.00536199
2.5595877e-06,-0.00255993
2.5596377e-06,-0.00522328
2.5596877e-06,-0.0109661
2.5597377e-06,-0.012492
2.5597877e-06,-0.00688787
2.5598377e-06,-0.00128374
2.5598877e-06,-0.00530651
2.5599377e-06,-0.0178187
2.5599877e-06,-0.0256146
2.5600377e-06,-0.0184291
2.5600877e-06,-0.00189409
2.5601377e-06,0.00939742
2.5601877e-06,0.00895352
2.5602377e-06,0.00395974
2.5602877e-06,0.00376554
2.5603377e-06,0.00859286
2.5603877e-06,0.011173
2.5604377e-06,0.00684504
2.5604877e-06,-0.000534668
2.5605377e-06,-0.00336448
2.5605877e-06,-0.000423695
2.5606377e-06,7.56836e-05
2.5606877e-06,-0.00860795
2.5607377e-06,-0.0192336
2.5607877e-06,-0.0172916
2.5608377e-06,-0.00283736
2.5608877e-06,0.00454235
2.5609377e-06,-0.00855247
2.5609877e-06,-0.026752
2.5610377e-06,-0.0241442
2.5610877e-06,-0.00120051
2.5611377e-06,0.0142802
2.5611877e-06,0.00651212
2.5612377e-06,-0.00785889
2.5612877e-06,-0.00733176
2.5613377e-06,0.00368231
2.5613877e-06,0.005985
2.5614377e-06,-0.00391934
2.5614877e-06,-0.0113545
2.5615377e-06,-0.00763694
2.5615877e-06,-0.000479181
2.5616377e-06,0.000907981
2.5616877e-06,-0.00211603
2.5617377e-06,-0.00405806
2.5617877e-06,-0.00428001
2.5618377e-06,-0.0040858
2.5618877e-06,-0.00175537
2.5619377e-06,0.00346036
2.5619877e-06,0.00695601
2.5620377e-06,0.00379328
2.5620877e-06,-0.00308705
2.5621377e-06,-0.00494585
2.5621877e-06,0.0020732
2.5622377e-06,0.0115059
2.5622877e-06,0.0138086
2.5623377e-06,0.00690052
2.5623877e-06,-0.0026709
2.5624377e-06,-0.00808083
2.5624877e-06,-0.00855247
2.5625377e-06,-0.00688787
2.5625877e-06,-0.00519553
2.5626377e-06,-0.00439098
2.5626877e-06,-0.00547297
2.5627377e-06,-0.00849698
2.5627877e-06,-0.0117984
2.5628377e-06,-0.013574
2.5628877e-06,-0.0132133
2.5629377e-06,-0.0102725
2.5629877e-06,-0.0047239
2.5630377e-06,0.00107444
2.5630877e-06,0.00307195
2.5631377e-06,-7.54616e-06
2.5631877e-06,-0.00416903
2.5632377e-06,-0.0047239
2.5632877e-06,-0.00242121
2.5633377e-06,-0.0020328
2.5633877e-06,-0.00527876
2.5634377e-06,-0.00888539
2.5634877e-06,-0.0101061
2.5635377e-06,-0.00999512
2.5635877e-06,-0.0104668
2.5636377e-06,-0.0116042
2.5636877e-06,-0.0119371
2.5637377e-06,-0.00924605
2.5637877e-06,-0.0024767
2.5638377e-06,0.00437589
2.5638877e-06,0.0032939
2.5639377e-06,-0.00819181
2.5639877e-06,-0.0204266
2.5640377e-06,-0.0199549
2.5640877e-06,-0.00616655
2.5641377e-06,0.00695601
2.5641877e-06,0.00756636
2.5642377e-06,-0.000257235
2.5642877e-06,-0.00444647
2.5643377e-06,-0.00175537
2.5643877e-06,-3.52894e-05
2.5644377e-06,-0.00505682
2.5644877e-06,-0.0127694
2.5645377e-06,-0.0153218
2.5645877e-06,-0.00993963
2.5646377e-06,-0.000534668
2.5646877e-06,0.00595725
2.5647377e-06,0.00420943
2.5647877e-06,-0.00530651
2.5648377e-06,-0.015738
2.5648877e-06,-0.0193446
2.5649377e-06,-0.0142121
2.5649877e-06,-0.00519553
2.5650377e-06,0.000436346
2.5650877e-06,-0.00133922
2.5651377e-06,-0.00744274
2.5651877e-06,-0.00927379
2.5652377e-06,-0.00117276
2.5652877e-06,0.0116446
2.5653377e-06,0.0175539
2.5653877e-06,0.0119221
2.5654377e-06,0.00146285
2.5654877e-06,-0.0051123
2.5655377e-06,-0.00663818
2.5655877e-06,-0.0065827
2.5656377e-06,-0.00563943
2.5656877e-06,-0.00244895
2.5657377e-06,0.00162931
2.5657877e-06,0.0032939
2.5658377e-06,0.00235063
2.5658877e-06,0.00135187
2.5659377e-06,0.0012409
2.5659877e-06,0.00118541
2.5660377e-06,0.00179577
2.5660877e-06,0.00387651
2.5661377e-06,0.00420943
2.5661877e-06,-0.00197732
2.5662377e-06,-0.0125752
2.5662877e-06,-0.0186233
2.5663377e-06,-0.0147115
2.5663877e-06,-0.0057504
2.5664377e-06,-0.000146262
2.5664877e-06,-0.000118519
2.5665377e-06,-0.00147794
2.5665877e-06,-3.52894e-05
2.5666377e-06,0.00448686
2.5666877e-06,0.0094529
2.5667377e-06,0.0118388
2.5667877e-06,0.0103407
2.5668377e-06,0.00670632
2.5668877e-06,0.00337713
2.5669377e-06,0.00029763
2.5669877e-06,-0.00336448
2.5670377e-06,-0.00522328
2.5670877e-06,-0.00219926
2.5671377e-06,0.00351585
2.5671877e-06,0.00634566
2.5672377e-06,0.00470881
2.5672877e-06,0.00140736
2.5673377e-06,-0.00197732
2.5673877e-06,-0.00536199
2.5674377e-06,-0.00710982
2.5674877e-06,-0.0059446
2.5675377e-06,-0.00403032
2.5675877e-06,-0.00358643
2.5676377e-06,-0.00300382
2.5676877e-06,-0.000506925
2.5677377e-06,0.000852495
2.5677877e-06,-0.00375289
2.5678377e-06,-0.0132411
2.5678877e-06,-0.0197885
2.5679377e-06,-0.0170419
2.5679877e-06,-0.00758145
2.5680377e-06,0.00029763
2.5680877e-06,0.00176802
2.5681377e-06,-0.000673384
2.5681877e-06,-0.00192183
2.5682377e-06,-0.000617898
2.5682877e-06,0.000158913
2.5683377e-06,-0.00233798
2.5683877e-06,-0.00649947
2.5684377e-06,-0.00816406
2.5684877e-06,-0.0055562
2.5685377e-06,-0.00142245
2.5685877e-06,0.000769265
2.5686377e-06,0.000935724
2.5686877e-06,0.00101895
2.5687377e-06,0.000769265
2.5687877e-06,-0.0018386
2.5688377e-06,-0.00577814
2.5688877e-06,-0.00719305
2.5689377e-06,-0.00497359
2.5689877e-06,-0.00272638
2.5690377e-06,-0.00361417
2.5690877e-06,-0.00608332
2.5691377e-06,-0.00716531
2.5691877e-06,-0.00763694
2.5692377e-06,-0.0100229
2.5692877e-06,-0.0124088
2.5693377e-06,-0.010439
2.5693877e-06,-0.00502907
2.5694377e-06,-0.00239347
2.5694877e-06,-0.00433549
2.5695377e-06,-0.00536199
2.5695877e-06,-0.0020328
2.5696377e-06,0.000880238
2.5696877e-06,-0.00189409
2.5697377e-06,-0.00766468
2.5697877e-06,-0.00919056
2.5698377e-06,-0.00494585
2.5698877e-06,-0.00136697
2.5699377e-06,-0.00436324
2.5699877e-06,-0.0117707
2.5700377e-06,-0.0154328
2.5700877e-06,-0.0110771
2.5701377e-06,-0.00314253
2.5701877e-06,0.000630549
2.5702377e-06,-0.00255993
2.5702877e-06,-0.00891313
2.5703377e-06,-0.0127694
2.5703877e-06,-0.0109661
2.5704377e-06,-0.00486262
2.5704877e-06,-0.000284979
2.5705377e-06,-0.00300382
2.5705877e-06,-0.011632
2.5706377e-06,-0.0175135
2.5706877e-06,-0.0152108
2.5707377e-06,-0.00977317
2.5707877e-06,-0.00866344
2.5708377e-06,-0.0100783
2.5708877e-06,-0.00699885
2.5709377e-06,0.000158913
2.5709877e-06,0.00351585
2.5710377e-06,0.000158913
2.5710877e-06,-0.00458518
2.5711377e-06,-0.0065827
2.5711877e-06,-0.00730402
2.5712377e-06,-0.00777566
2.5712877e-06,-0.00588912
2.5713377e-06,-0.0016444
2.5713877e-06,0.000852495
2.5714377e-06,-0.0010063
2.5714877e-06,-0.00480713
2.5715377e-06,-0.00766468
2.5715877e-06,-0.0100506
2.5716377e-06,-0.0126862
2.5716877e-06,-0.0129082
2.5717377e-06,-0.00874667
2.5717877e-06,-0.00422452
2.5718377e-06,-0.00591686
2.5718877e-06,-0.0132966
2.5719377e-06,-0.0172638
2.5719877e-06,-0.0107719
2.5720377e-06,0.0010467
2.5720877e-06,0.0055411
2.5721377e-06,-0.0014502
2.5721877e-06,-0.00935702
2.5722377e-06,-0.00608332
2.5722877e-06,0.00584628
2.5723377e-06,0.0132815
2.5723877e-06,0.0104239
2.5724377e-06,0.00443137
2.5724877e-06,0.00204545
2.5725377e-06,0.000436346
2.5725877e-06,-0.00458518
2.5726377e-06,-0.00927379
2.5726877e-06,-0.00747048
2.5727377e-06,-0.000839844
2.5727877e-06,0.00323841
2.5728377e-06,0.00185125
2.5728877e-06,-0.00114502
2.5729377e-06,-0.00228249
2.5729877e-06,-0.00233798
2.5730377e-06,-0.00231024
2.5730877e-06,-0.00139471
2.5731377e-06,-0.000645641
2.5731877e-06,-0.00308705
2.5732377e-06,-0.00788663
2.5732877e-06,-0.00846924
2.5733377e-06,-0.00111728
2.5733877e-06,0.00795477
2.5734377e-06,0.00812123
2.5734877e-06,-0.00278187
2.5735377e-06,-0.0144895
2.5735877e-06,-0.0152108
2.5736377e-06,-0.00550071
2.5736877e-06,0.00179577
2.5737377e-06,-0.00297607
2.5737877e-06,-0.0137682
2.5738377e-06,-0.0159322
2.5738877e-06,-0.00458518
2.5739377e-06,0.00931419
2.5739877e-06,0.0123659
2.5740377e-06,0.00346036
2.5740877e-06,-0.00713756
2.5741377e-06,-0.0104668
2.5741877e-06,-0.00702659
2.5742377e-06,-0.00378063
2.5742877e-06,-0.0051123
2.5743377e-06,-0.00871893
2.5743877e-06,-0.00955123
2.5744377e-06,-0.0067769
2.5744877e-06,-0.00486262
2.5745377e-06,-0.00735951
2.5745877e-06,-0.0117429
2.5746377e-06,-0.0120481
2.5746877e-06,-0.00688787
2.5747377e-06,-0.00275413
2.5747877e-06,-0.00705433
2.5748377e-06,-0.0180407
2.5748877e-06,-0.0251984
2.5749377e-06,-0.0208427
2.5749877e-06,-0.00921831
2.5750377e-06,-0.00136697
2.5750877e-06,-0.00261541
2.5751377e-06,-0.00874667
2.5751877e-06,-0.0138237
2.5752377e-06,-0.0174303
2.5752877e-06,-0.021786
2.5753377e-06,-0.0253371
2.5753877e-06,-0.0237003
2.5754377e-06,-0.016709
2.5754877e-06,-0.00955123
2.5755377e-06,-0.0059446
2.5755877e-06,-0.00414129
2.5756377e-06,-0.00242121
2.5756877e-06,-0.00366966
2.5757377e-06,-0.0098564
2.5757877e-06,-0.0151554
2.5758377e-06,-0.0127694
2.5758877e-06,-0.00619429
2.5759377e-06,-0.00552845
2.5759877e-06,-0.0119649
2.5760377e-06,-0.0152663
2.5760877e-06,-0.00941251
2.5761377e-06,-0.00225475
2.5761877e-06,-0.00297607
2.5762377e-06,-0.00791437
2.5762877e-06,-0.00802535
2.5763377e-06,-0.00447421
2.5763877e-06,-0.00580589
2.5764377e-06,-0.0127972
2.5764877e-06,-0.0169587
2.5765377e-06,-0.0145728
2.5765877e-06,-0.0117984
2.5766377e-06,-0.013463
2.5766877e-06,-0.0152108
2.5767377e-06,-0.0118539
2.5767877e-06,-0.00633301
2.5768377e-06,-0.00508456
2.5768877e-06,-0.00805309
2.5769377e-06,-0.00913508
2.5769877e-06,-0.00527876
2.5770377e-06,-0.000617898
2.5770877e-06,-0.000784357
2.5771377e-06,-0.00600009
2.5771877e-06,-0.0110771
2.5772377e-06,-0.0120481
2.5772877e-06,-0.0103558
2.5773377e-06,-0.0100783
2.5773877e-06,-0.0126862
2.5774377e-06,-0.0159044
2.5774877e-06,-0.0172361
2.5775377e-06,-0.0162096
2.5775877e-06,-0.0127694
2.5776377e-06,-0.00630526
2.5776877e-06,0.00162931
2.5777377e-06,0.00620694
2.5777877e-06,0.00473655
2.5778377e-06,0.00107444
2.5778877e-06,-0.000118519
2.5779377e-06,-0.00117276
2.5779877e-06,-0.00805309
2.5780377e-06,-0.0188175
2.5780877e-06,-0.0228125
2.5781377e-06,-0.0141566
2.5781877e-06,-0.000590154
2.5782377e-06,0.00562433
2.5782877e-06,0.00154608
2.5783377e-06,-0.00586137
2.5783877e-06,-0.00991189
2.5784377e-06,-0.0101061
2.5784877e-06,-0.00907959
2.5785377e-06,-0.00830278
2.5785877e-06,-0.00785889
2.5786377e-06,-0.00730402
2.5786877e-06,-0.00547297
2.5787377e-06,-0.00200506
2.5787877e-06,0.000186657
2.5788377e-06,-0.00289284
2.5788877e-06,-0.0107719
2.5789377e-06,-0.0171251
2.5789877e-06,-0.0162096
2.5790377e-06,-0.0098564
2.5790877e-06,-0.00558394
2.5791377e-06,-0.00730402
2.5791877e-06,-0.0109384
2.5792377e-06,-0.0112158
2.5792877e-06,-0.00919056
2.5793377e-06,-0.009468
2.5793877e-06,-0.0117984
2.5794377e-06,-0.0113823
2.5794877e-06,-0.00722079
2.5795377e-06,-0.00447421
2.5795877e-06,-0.00680464
2.5796377e-06,-0.0109661
2.5796877e-06,-0.0122146
2.5797377e-06,-0.0112991
2.5797877e-06,-0.0117429
2.5798377e-06,-0.0138792
2.5798877e-06,-0.0147947
2.5799377e-06,-0.0130469
2.5799877e-06,-0.0101893
2.5800377e-06,-0.00830278
2.5800877e-06,-0.00802535
2.5801377e-06,-0.00891313
2.5801877e-06,-0.00991189
2.5802377e-06,-0.00996737
2.5802877e-06,-0.00952348
2.5803377e-06,-0.0100783
2.5803877e-06,-0.0114933
2.5804377e-06,-0.0115765
2.5804877e-06,-0.00935702
2.5805377e-06,-0.00710982
2.5805877e-06,-0.00794212
2.5806377e-06,-0.0123256
2.5806877e-06,-0.0176245
2.5807377e-06,-0.0194833
2.5807877e-06,-0.0149334
2.5808377e-06,-0.00600009
2.5808877e-06,0.000630549
2.5809377e-06,-0.00103405
2.5809877e-06,-0.0109661
2.5810377e-06,-0.0236171
2.5810877e-06,-0.0319955
2.5811377e-06,-0.0313019
2.5811877e-06,-0.0218137
2.5812377e-06,-0.00952348
2.5812877e-06,-0.00131148
2.5813377e-06,0.000935724
2.5813877e-06,-9.07759e-05
2.5814377e-06,-0.0020328
2.5814877e-06,-0.00430775
2.5815377e-06,-0.00580589
2.5815877e-06,-0.00536199
2.5816377e-06,-0.00416903
2.5816877e-06,-0.00469616
2.5817377e-06,-0.00686013
2.5817877e-06,-0.0084415
2.5818377e-06,-0.00877441
2.5818877e-06,-0.00988414
2.5819377e-06,-0.0128527
2.5819877e-06,-0.0149334
2.5820377e-06,-0.0117707
2.5820877e-06,-0.00308705
2.5821377e-06,0.00490301
2.5821877e-06,0.00518044
2.5822377e-06,-0.00208829
2.5822877e-06,-0.00921831
2.5823377e-06,-0.00916282
2.5823877e-06,-0.00280961
2.5824377e-06,0.00287775
2.5824877e-06,0.00268355
2.5825377e-06,-0.00231024
2.5825877e-06,-0.00766468
2.5826377e-06,-0.0111603
2.5826877e-06,-0.0142398
2.5827377e-06,-0.0183181
2.5827877e-06,-0.0208705
2.5828377e-06,-0.0181239
2.5828877e-06,-0.0113268
2.5829377e-06,-0.00744274
2.5829877e-06,-0.0104668
2.5830377e-06,-0.0156547
2.5830877e-06,-0.0159599
2.5831377e-06,-0.0111881
2.5831877e-06,-0.00619429
2.5832377e-06,-0.00242121
2.5832877e-06,0.00223966
2.5833377e-06,0.00640115
2.5833877e-06,0.00509721
2.5834377e-06,-0.00178311
2.5834877e-06,-0.00794212
2.5835377e-06,-0.00888539
2.5835877e-06,-0.00735951
2.5836377e-06,-0.00830278
2.5836877e-06,-0.0116875
2.5837377e-06,-0.0133243
2.5837877e-06,-0.0103835
2.5838377e-06,-0.00469616
2.5838877e-06,-0.0010063
2.5839377e-06,-0.00308705
2.5839877e-06,-0.00957897
2.5840377e-06,-0.014434
2.5840877e-06,-0.013685
2.5841377e-06,-0.0106332
2.5841877e-06,-0.0111326
2.5842377e-06,-0.0143508
2.5842877e-06,-0.0135463
2.5843377e-06,-0.0067769
2.5843877e-06,-0.00133922
2.5844377e-06,-0.00419678
2.5844877e-06,-0.0123533
2.5845377e-06,-0.0169864
2.5845877e-06,-0.0141843
2.5846377e-06,-0.00802535
2.5846877e-06,-0.00414129
2.5847377e-06,-0.00505682
2.5847877e-06,-0.00952348
2.5848377e-06,-0.0133798
2.5848877e-06,-0.0120481
2.5849377e-06,-0.00605558
2.5849877e-06,-0.00214378
2.5850377e-06,-0.00563943
2.5850877e-06,-0.0139347
2.5851377e-06,-0.0195665
2.5851877e-06,-0.0181794
2.5852377e-06,-0.0116875
2.5852877e-06,-0.00591686
2.5853377e-06,-0.00666593
2.5853877e-06,-0.0138237
2.5854377e-06,-0.0192614
2.5854877e-06,-0.0152386
2.5855377e-06,-0.00536199
2.5855877e-06,-0.00192183
2.5856377e-06,-0.0101338
2.5856877e-06,-0.0207595
2.5857377e-06,-0.0212034
2.5857877e-06,-0.0106332
2.5858377e-06,-0.000146262
2.5858877e-06,7.56836e-05
2.5859377e-06,-0.00955123
2.5859877e-06,-0.0203988
2.5860377e-06,-0.0249487
2.5860877e-06,-0.022646
2.5861377e-06,-0.0177632
2.5861877e-06,-0.0131578
2.5862377e-06,-0.00849698
2.5862877e-06,-0.00428001
2.5863377e-06,-0.00447421
2.5863877e-06,-0.0108274
2.5864377e-06,-0.0169864
2.5864877e-06,-0.0144618
2.5865377e-06,-0.00475164
2.5865877e-06,0.00129639
2.5866377e-06,-0.00228249
2.5866877e-06,-0.00880216
2.5867377e-06,-0.00858021
2.5867877e-06,-0.0024767
2.5868377e-06,-9.07759e-05
2.5868877e-06,-0.00611106
2.5869377e-06,-0.0129914
2.5869877e-06,-0.0110771
2.5870377e-06,-0.0024767
2.5870877e-06,0.00146285
2.5871377e-06,-0.00391934
2.5871877e-06,-0.0106332
2.5872377e-06,-0.00971768
2.5872877e-06,-0.00231024
2.5873377e-06,0.00409846
2.5873877e-06,0.00437589
2.5874377e-06,-0.00117276
2.5874877e-06,-0.00794212
2.5875377e-06,-0.00927379
2.5875877e-06,-0.00242121
2.5876377e-06,0.00665083
2.5876877e-06,0.00831543
2.5877377e-06,0.000547319
2.5877877e-06,-0.0076092
2.5878377e-06,-0.00580589
2.5878877e-06,0.00570756
2.5879377e-06,0.0151125
2.5879877e-06,0.0116446
2.5880377e-06,-0.00169988
2.5880877e-06,-0.0112991
2.5881377e-06,-0.00949574
2.5881877e-06,-0.00294833
2.5882377e-06,-0.00153343
2.5882877e-06,-0.00411355
2.5883377e-06,-0.00169988
2.5883877e-06,0.00690052
2.5884377e-06,0.0108123
2.5884877e-06,0.00174028
2.5885377e-06,-0.0126585
2.5885877e-06,-0.0162928
2.5886377e-06,-0.0051123
2.5886877e-06,0.00745539
2.5887377e-06,0.00753862
2.5887877e-06,-0.00175537
2.5888377e-06,-0.00674916
2.5888877e-06,-0.00255993
2.5889377e-06,0.00279452
2.5889877e-06,0.0024616
2.5890377e-06,-0.00133922
2.5890877e-06,-0.00477939
2.5891377e-06,-0.00838601
2.5891877e-06,-0.0117707
2.5892377e-06,-0.0110494
2.5892877e-06,-0.00563943
2.5893377e-06,-0.00097856
2.5893877e-06,-0.00128374
2.5894377e-06,-0.00378063
2.5894877e-06,-0.00403032
2.5895377e-06,-0.0030593
2.5895877e-06,-0.00544522
2.5896377e-06,-0.0109939
2.5896877e-06,-0.0130746
2.5897377e-06,-0.00710982
2.5897877e-06,0.00257258
2.5898377e-06,0.00789928
2.5898877e-06,0.00703924
2.5899377e-06,0.00420943
2.5899877e-06,0.00185125
2.5900377e-06,-0.00147794
2.5900877e-06,-0.00558394
2.5901377e-06,-0.00688787
2.5901877e-06,-0.00425226
2.5902377e-06,-0.00194957
2.5902877e-06,-0.00403032
2.5903377e-06,-0.00808083
2.5903877e-06,-0.00880216
2.5904377e-06,-0.00608332
2.5904877e-06,-0.00480713
2.5905377e-06,-0.00538974
2.5905877e-06,-0.00242121
2.5906377e-06,0.00440363
2.5906877e-06,0.00612371
2.5907377e-06,-0.00206055
2.5907877e-06,-0.0109661
2.5908377e-06,-0.00944025
2.5908877e-06,-0.0010063
2.5909377e-06,0.00265581
2.5909877e-06,0.000464089
2.5910377e-06,0.00282227
2.5910877e-06,0.0126711
2.5911377e-06,0.0183862
2.5911877e-06,0.00986905
2.5912377e-06,-0.00586137
2.5912877e-06,-0.0127694
2.5913377e-06,-0.00580589
2.5913877e-06,0.00429266
2.5914377e-06,0.00590177
2.5914877e-06,0.000630549
2.5915377e-06,-0.000673384
2.5915877e-06,0.00673406
2.5916377e-06,0.0153622
2.5916877e-06,0.0153622
2.5917377e-06,0.00690052
2.5917877e-06,-0.000728871
2.5918377e-06,-0.00142245
2.5918877e-06,-0.000229492
2.5919377e-06,-0.00597235
2.5919877e-06,-0.0172638
2.5920377e-06,-0.0218415
2.5920877e-06,-0.0131024
2.5921377e-06,-0.00125599
2.5921877e-06,-0.000534668
2.5922377e-06,-0.00899636
2.5922877e-06,-0.0112436
2.5923377e-06,-0.000867587
2.5923877e-06,0.0107846
2.5924377e-06,0.0111175
2.5924877e-06,0.00268355
2.5925377e-06,-0.0026709
2.5925877e-06,-6.30327e-05
2.5926377e-06,0.00390425
2.5926877e-06,0.000935724
2.5927377e-06,-0.00896862
2.5927877e-06,-0.0177077
2.5928377e-06,-0.0177355
2.5928877e-06,-0.0101338
2.5929377e-06,-0.00383612
2.5929877e-06,-0.00605558
2.5930377e-06,-0.0141566
2.5930877e-06,-0.0183736
2.5931377e-06,-0.0132133
2.5931877e-06,-0.00411355
2.5932377e-06,-0.000784357
2.5932877e-06,-0.00552845
2.5933377e-06,-0.0117429
2.5933877e-06,-0.012714
2.5934377e-06,-0.0084415
2.5934877e-06,-0.00361417
2.5935377e-06,-0.00214378
2.5935877e-06,-0.00375289
2.5936377e-06,-0.0045297
2.5936877e-06,-0.0010063
2.5937377e-06,0.00473655
2.5937877e-06,0.0061792
2.5938377e-06,0.000713778
2.5938877e-06,-0.00588912
2.5939377e-06,-0.00647172
2.5939877e-06,-0.00289284
2.5940377e-06,-0.00441872
2.5940877e-06,-0.0145173
2.5941377e-06,-0.023728
2.5941877e-06,-0.0205653
2.5942377e-06,-0.00744274
2.5942877e-06,0.00118541
2.5943377e-06,-0.00253218
2.5943877e-06,-0.0104668
2.5944377e-06,-0.0116597
2.5944877e-06,-0.00708208
2.5945377e-06,-0.00497359
2.5945877e-06,-0.00672141
2.5946377e-06,-0.00652721
2.5946877e-06,-0.00289284
2.5947377e-06,-0.0014502
2.5947877e-06,-0.00533425
2.5948377e-06,-0.00988414
2.5948877e-06,-0.0090241
2.5949377e-06,-0.00244895
2.5949877e-06,0.00476429
2.5950377e-06,0.00640115
2.5950877e-06,-0.00106179
2.5951377e-06,-0.0143786
2.5951877e-06,-0.0233674
2.5952377e-06,-0.0198717
2.5952877e-06,-0.00777566
2.5953377e-06,4.79403e-05
2.5953877e-06,-0.00314253
2.5954377e-06,-0.0101338
2.5954877e-06,-0.0106055
2.5955377e-06,-0.0047239
2.5955877e-06,-0.00189409
2.5956377e-06,-0.00772017
2.5956877e-06,-0.0162373
2.5957377e-06,-0.0169864
2.5957877e-06,-0.0079976
2.5958377e-06,0.000991211
2.5958877e-06,0.000103427
2.5959377e-06,-0.00808083
2.5959877e-06,-0.0119371
2.5960377e-06,-0.0059446
2.5960877e-06,0.00312744
2.5961377e-06,0.00629017
2.5961877e-06,0.00351585
2.5962377e-06,0.000408603
2.5962877e-06,-0.00131148
2.5963377e-06,-0.00480713
2.5963877e-06,-0.0107719
2.5964377e-06,-0.0154605
2.5964877e-06,-0.0163483
2.5965377e-06,-0.0145728
2.5965877e-06,-0.0114378
2.5966377e-06,-0.00733176
2.5966877e-06,-0.00477939
2.5967377e-06,-0.00705433
2.5967877e-06,-0.0118262
2.5968377e-06,-0.0122146
2.5968877e-06,-0.00716531
2.5969377e-06,-0.00508456
2.5969877e-06,-0.0117707
2.5970377e-06,-0.0203988
2.5970877e-06,-0.0203711
2.5971377e-06,-0.0121591
2.5971877e-06,-0.00561168
2.5972377e-06,-0.00544522
2.5972877e-06,-0.00636075
2.5973377e-06,-0.00294833
2.5973877e-06,0.00218417
2.5974377e-06,0.00285001
2.5974877e-06,-0.00142245
2.5975377e-06,-0.00494585
2.5975877e-06,-0.00403032
2.5976377e-06,-0.00158891
2.5976877e-06,-0.00156117
2.5977377e-06,-0.00214378
2.5977877e-06,0.000380859
2.5978377e-06,0.00334939
2.5978877e-06,0.000186657
2.5979377e-06,-0.00955123
2.5979877e-06,-0.0174026
2.5980377e-06,-0.0159044
2.5980877e-06,-0.0067769
2.5981377e-06,0.00146285
2.5981877e-06,0.00168479
2.5982377e-06,-0.00622203
2.5982877e-06,-0.0144895
2.5983377e-06,-0.0137405
2.5983877e-06,-0.00319802
2.5984377e-06,0.00698375
2.5984877e-06,0.0070115
2.5985377e-06,-0.000562411
2.5985877e-06,-0.0051123
2.5986377e-06,-0.00206055
2.5986877e-06,0.0030997
2.5987377e-06,0.00365456
2.5987877e-06,-0.000257235
2.5988377e-06,-0.00419678
2.5988877e-06,-0.00558394
2.5989377e-06,-0.00494585
2.5989877e-06,-0.00341997
2.5990377e-06,-0.00194957
2.5990877e-06,-0.00222701
2.5991377e-06,-0.00538974
2.5991877e-06,-0.00957897
2.5992377e-06,-0.0105777
2.5992877e-06,-0.00688787
2.5993377e-06,-0.00297607
2.5993877e-06,-0.00416903
2.5994377e-06,-0.0086357
2.5994877e-06,-0.00919056
2.5995377e-06,-0.0038916
2.5995877e-06,0.0002144
2.5996377e-06,-0.00255993
2.5996877e-06,-0.00791437
2.5997377e-06,-0.00741499
2.5997877e-06,0.000242143
2.5998377e-06,0.00834317
2.5998877e-06,0.0104239
2.5999377e-06,0.0063734
2.5999877e-06,0.000741522
2.6000377e-06,-0.00211603
2.6000877e-06,-0.00197732
2.6001377e-06,-0.00228249
2.6001877e-06,-0.00591686
2.6002377e-06,-0.0107997
2.6002877e-06,-0.0117152
2.6003377e-06,-0.00708208
2.6003877e-06,-0.00158891
2.6004377e-06,7.56836e-05
2.6004877e-06,-0.000451438
2.6005377e-06,0.000741522
2.6005877e-06,0.00285001
2.6006377e-06,0.00190674
2.6006877e-06,-0.00228249
2.6007377e-06,-0.00558394
2.6007877e-06,-0.00580589
2.6008377e-06,-0.00444647
2.6008877e-06,-0.00272638
2.6009377e-06,-0.000229492
2.6009877e-06,0.00151833
2.6010377e-06,-0.000506925
2.6010877e-06,-0.00522328
2.6011377e-06,-0.00694336
2.6011877e-06,-0.00289284
2.6012377e-06,0.00223966
2.6012877e-06,0.00201771
2.6013377e-06,-0.00347545
2.6013877e-06,-0.00783114
2.6014377e-06,-0.00602783
2.6014877e-06,-0.000784357
2.6015377e-06,0.000186657
2.6015877e-06,-0.00641624
2.6016377e-06,-0.0146282
2.6016877e-06,-0.0152941
2.6017377e-06,-0.0065827
2.6017877e-06,0.00357133
2.6018377e-06,0.00640115
2.6018877e-06,0.00140736
2.6019377e-06,-0.00466841
2.6019877e-06,-0.00655495
2.6020377e-06,-0.00597235
2.6020877e-06,-0.00838601
2.6021377e-06,-0.0149612
2.6021877e-06,-0.0194001
2.6022377e-06,-0.0154051
2.6022877e-06,-0.00600009
2.6023377e-06,-0.000756614
2.6023877e-06,-0.00269864
2.6024377e-06,-0.00419678
2.6024877e-06,0.00165705
2.6025377e-06,0.00981357
2.6025877e-06,0.00936967
2.6026377e-06,-0.00117276
2.6026877e-06,-0.0109939
2.6027377e-06,-0.0104113
2.6027877e-06,-0.00278187
2.6028377e-06,0.00129639
2.6028877e-06,-0.00167214
2.6029377e-06,-0.00475164
2.6029877e-06,-0.00120051
2.6030377e-06,0.00690052
2.6030877e-06,0.012255
2.6031377e-06,0.0107846
2.6031877e-06,0.00429266
2.6032377e-06,-0.00250444
2.6032877e-06,-0.00530651
2.6033377e-06,-0.00280961
2.6033877e-06,0.00212868
2.6034377e-06,0.00479204
2.6034877e-06,0.00357133
2.6035377e-06,0.00110218
2.6035877e-06,-0.000312722
2.6036377e-06,-0.00122825
2.6036877e-06,-0.00292059
2.6037377e-06,-0.0049181
2.6037877e-06,-0.0059446
2.6038377e-06,-0.00502907
2.6038877e-06,-0.0020328
2.6039377e-06,0.000658292
2.6039877e-06,-0.000839844
2.6040377e-06,-0.00663818
2.6040877e-06,-0.0109106
2.6041377e-06,-0.00819181
2.6041877e-06,-0.0008121
2.6042377e-06,0.0030997
2.6042877e-06,-0.00103405
2.6043377e-06,-0.00949574
2.6043877e-06,-0.0140456
2.6044377e-06,-0.00996737
2.6044877e-06,-0.000395952
2.6045377e-06,0.00606823
2.6045877e-06,0.00340487
2.6046377e-06,-0.00552845
2.6046877e-06,-0.0121591
2.6047377e-06,-0.0120204
2.6047877e-06,-0.00874667
2.6048377e-06,-0.00783114
2.6048877e-06,-0.009468
2.6049377e-06,-0.0106332
2.6049877e-06,-0.0106055
2.6050377e-06,-0.0101616
2.6050877e-06,-0.00813632
2.6051377e-06,-0.0036974
2.6051877e-06,-0.000201749
2.6052377e-06,-0.00161665
2.6052877e-06,-0.00624978
2.6053377e-06,-0.00808083
2.6053877e-06,-0.00380837
2.6054377e-06,0.00390425
2.6054877e-06,0.00859286
2.6055377e-06,0.00479204
2.6055877e-06,-0.00605558
2.6056377e-06,-0.014656
2.6056877e-06,-0.0126307
2.6057377e-06,-0.00269864
2.6057877e-06,0.00506947
2.6058377e-06,0.00565208
2.6058877e-06,0.00254483
2.6059377e-06,-0.000146262
2.6059877e-06,-0.00225475
2.6060377e-06,-0.00375289
2.6060877e-06,-0.00366966
2.6061377e-06,-0.00347545
2.6061877e-06,-0.00591686
2.6062377e-06,-0.00952348
2.6062877e-06,-0.00974543
2.6063377e-06,-0.00566717
2.6063877e-06,-0.00150568
2.6064377e-06,-0.00111728
2.6064877e-06,-0.00477939
2.6065377e-06,-0.0098564
2.6065877e-06,-0.0115487
2.6066377e-06,-0.00633301
2.6066877e-06,0.00248935
2.6067377e-06,0.00615146
2.6067877e-06,0.00135187
2.6068377e-06,-0.00527876
2.6068877e-06,-0.00674916
2.6069377e-06,-0.00530651
2.6069877e-06,-0.00674916
2.6070377e-06,-0.00993963
2.6070877e-06,-0.00880216
2.6071377e-06,-0.00228249
2.6071877e-06,0.00343262
2.6072377e-06,0.00351585
2.6072877e-06,0.000519576
2.6073377e-06,-0.000284979
2.6073877e-06,0.00110218
2.6074377e-06,0.00029763
2.6074877e-06,-0.00372514
2.6075377e-06,-0.00605558
2.6075877e-06,-0.00308705
2.6076377e-06,0.00126864
2.6076877e-06,0.000380859
2.6077377e-06,-0.00550071
2.6077877e-06,-0.00924605
2.6078377e-06,-0.00738725
2.6078877e-06,-0.00580589
2.6079377e-06,-0.0112991
2.6079877e-06,-0.0197607
2.6080377e-06,-0.0195111
2.6080877e-06,-0.00688787
2.6081377e-06,0.00723344
2.6081877e-06,0.0109233
2.6082377e-06,0.0053469
2.6082877e-06,0.000464089
2.6083377e-06,0.000103427
2.6083877e-06,-0.00128374
2.6084377e-06,-0.00749822
2.6084877e-06,-0.0129636
2.6085377e-06,-0.0109106
2.6085877e-06,-0.00444647
2.6086377e-06,-0.00255993
2.6086877e-06,-0.00719305
2.6087377e-06,-0.0110494
2.6087877e-06,-0.00941251
2.6088377e-06,-0.00672141
2.6088877e-06,-0.00816406
2.6089377e-06,-0.0112436
2.6089877e-06,-0.0106055
2.6090377e-06,-0.00752597
2.6090877e-06,-0.00783114
2.6091377e-06,-0.0112436
2.6091877e-06,-0.0104945
2.6092377e-06,-0.00283736
2.6092877e-06,0.00448686
2.6093377e-06,0.00423717
2.6093877e-06,-0.00139471
2.6094377e-06,-0.00624978
2.6094877e-06,-0.00960671
2.6095377e-06,-0.013685
2.6095877e-06,-0.0159877
2.6096377e-06,-0.0117152
2.6096877e-06,-0.00333674
2.6097377e-06,2.01971e-05
2.6097877e-06,-0.00561168
2.6098377e-06,-0.0131301
2.6098877e-06,-0.0137959
2.6099377e-06,-0.00741499
2.6099877e-06,-0.000146262
2.6100377e-06,0.00395974
2.6100877e-06,0.00545787
2.6101377e-06,0.00526367
2.6101877e-06,0.0029055
2.6102377e-06,-0.00097856
2.6102877e-06,-0.00383612
2.6103377e-06,-0.00477939
2.6103877e-06,-0.00541748
2.6104377e-06,-0.00605558
2.6104877e-06,-0.00422452
2.6105377e-06,0.00029763
2.6105877e-06,0.00326616
2.6106377e-06,0.000907981
2.6106877e-06,-0.00483487
2.6107377e-06,-0.00896862
2.6107877e-06,-0.00924605
2.6108377e-06,-0.00699885
2.6108877e-06,-0.0045297
2.6109377e-06,-0.00361417
2.6109877e-06,-0.00489036
2.6110377e-06,-0.00627752
2.6110877e-06,-0.00466841
2.6111377e-06,-0.000562411
2.6111877e-06,0.00262806
2.6112377e-06,0.00357133
2.6112877e-06,0.00382102
2.6113377e-06,0.00298873
2.6113877e-06,-0.00133922
2.6114377e-06,-0.00802535
2.6114877e-06,-0.0119094
2.6115377e-06,-0.0109384
2.6115877e-06,-0.00858021
2.6116377e-06,-0.00727628
2.6116877e-06,-0.00419678
2.6117377e-06,0.00257258
2.6117877e-06,0.00789928
2.6118377e-06,0.00487527
2.6118877e-06,-0.00416903
2.6119377e-06,-0.00846924
2.6119877e-06,-0.00300382
2.6120377e-06,0.00454235
2.6120877e-06,0.00548562
2.6121377e-06,0.00265581
2.6121877e-06,0.00362682
2.6122377e-06,0.00670632
2.6122877e-06,0.00340487
2.6123377e-06,-0.00616655
2.6123877e-06,-0.0111048
2.6124377e-06,-0.00444647
2.6124877e-06,0.00690052
2.6125377e-06,0.0107846
2.6125877e-06,0.00384877
2.6126377e-06,-0.00627752
2.6126877e-06,-0.010328
2.6127377e-06,-0.00649947
2.6127877e-06,-0.0008121
2.6128377e-06,0.000713778
2.6128877e-06,-0.00167214
2.6129377e-06,-0.00353094
2.6129877e-06,-0.00317028
2.6130377e-06,-0.00272638
2.6130877e-06,-0.00314253
2.6131377e-06,-0.00231024
2.6131877e-06,0.000686035
2.6132377e-06,0.00285001
2.6132877e-06,0.000575062
2.6133377e-06,-0.0051123
2.6133877e-06,-0.00930154
2.6134377e-06,-0.00899636
2.6134877e-06,-0.00636075
2.6135377e-06,-0.00508456
2.6135877e-06,-0.00552845
2.6136377e-06,-0.00600009
2.6136877e-06,-0.00674916
2.6137377e-06,-0.00866344
2.6137877e-06,-0.0100783
2.6138377e-06,-0.00866344
2.6138877e-06,-0.00552845
2.6139377e-06,-0.00416903
2.6139877e-06,-0.00552845
2.6140377e-06,-0.00663818
2.6140877e-06,-0.00486262
2.6141377e-06,-0.00211603
2.6141877e-06,-0.00366966
2.6142377e-06,-0.01141
2.6142877e-06,-0.0192614
2.6143377e-06,-0.0186788
2.6143877e-06,-0.00977317
2.6144377e-06,-0.00278187
2.6144877e-06,-0.00516779
2.6145377e-06,-0.0111048
2.6145877e-06,-0.00996737
2.6146377e-06,-0.00175537
2.6146877e-06,0.00287775
2.6147377e-06,-0.00136697
2.6147877e-06,-0.00644398
2.6148377e-06,-0.00264316
2.6148877e-06,0.00687278
2.6149377e-06,0.00914773
2.6149877e-06,-0.00131148
2.6150377e-06,-0.0141289
2.6150877e-06,-0.0153773
2.6151377e-06,-0.0051123
2.6151877e-06,0.00382102
2.6152377e-06,0.00379328
2.6152877e-06,0.000852495
2.6153377e-06,0.00315518
2.6153877e-06,0.00770508
2.6154377e-06,0.0055411
2.6154877e-06,-0.00414129
2.6155377e-06,-0.0121036
2.6155877e-06,-0.0112158
2.6156377e-06,-0.00541748
2.6156877e-06,-0.00394709
2.6157377e-06,-0.00899636
2.6157877e-06,-0.0123533
2.6158377e-06,-0.00663818
2.6158877e-06,0.00285001
2.6159377e-06,0.00315518
2.6159877e-06,-0.0088299
2.6160377e-06,-0.0198717
2.6160877e-06,-0.0164038
2.6161377e-06,-0.00225475
2.6161877e-06,0.00645663
2.6162377e-06,0.00215643
2.6162877e-06,-0.00624978
2.6163377e-06,-0.00752597
2.6163877e-06,-0.00317028
2.6164377e-06,-0.00283736
2.6164877e-06,-0.00874667
2.6165377e-06,-0.0124365
2.6165877e-06,-0.00763694
2.6166377e-06,0.000436346
2.6166877e-06,0.0022674
2.6167377e-06,-0.00344771
2.6167877e-06,-0.00871893
2.6168377e-06,-0.00641624
2.6168877e-06,0.00185125
2.6169377e-06,0.00862061
2.6169877e-06,0.00814897
2.6170377e-06,0.00101895
2.6170877e-06,-0.00730402
2.6171377e-06,-0.0121591
2.6171877e-06,-0.0133243
2.6172377e-06,-0.0125752
2.6172877e-06,-0.00866344
2.6173377e-06,-0.000257235
2.6173877e-06,0.00712247
2.6174377e-06,0.00409846
2.6174877e-06,-0.00977317
2.6175377e-06,-0.0226738
2.6175877e-06,-0.0240609
2.6176377e-06,-0.0166258
2.6176877e-06,-0.0100229
2.6177377e-06,-0.00702659
2.6177877e-06,-0.00292059
2.6178377e-06,0.00362682
2.6178877e-06,0.0065676
2.6179377e-06,0.0022674
2.6179877e-06,-0.00386386
2.6180377e-06,-0.00436324
2.6180877e-06,0.000380859
2.6181377e-06,0.00371005
2.6181877e-06,0.00176802
2.6182377e-06,-0.00333674
2.6182877e-06,-0.00821955
2.6183377e-06,-0.0109939
2.6183877e-06,-0.010661
2.6184377e-06,-0.00855247
2.6184877e-06,-0.00927379
2.6185377e-06,-0.015627
2.6185877e-06,-0.0224241
2.6186377e-06,-0.0210369
2.6186877e-06,-0.0107719
2.6187377e-06,-0.000784357
2.6187877e-06,0.0012409
2.6188377e-06,-0.00225475
2.6188877e-06,-0.00378063
2.6189377e-06,-0.00108953
2.6189877e-06,0.000741522
2.6190377e-06,-0.00175537
2.6190877e-06,-0.0045297
2.6191377e-06,-0.0024767
2.6191877e-06,0.000963468
2.6192377e-06,-0.00167214
2.6192877e-06,-0.00919056
2.6193377e-06,-0.0121313
2.6193877e-06,-0.00727628
2.6194377e-06,-0.00275413
2.6194877e-06,-0.00508456
2.6195377e-06,-0.00891313
2.6195877e-06,-0.00569491
2.6196377e-06,0.00273904
2.6196877e-06,0.00642889
2.6197377e-06,0.000325373
2.6197877e-06,-0.0102448
2.6198377e-06,-0.0165703
2.6198877e-06,-0.014767
2.6199377e-06,-0.00738725
2.6199877e-06,-7.54616e-06
2.6200377e-06,0.00351585
2.6200877e-06,0.00296098
2.6201377e-06,0.000436346
2.6201877e-06,-0.00181086
2.6202377e-06,-0.00181086
2.6202877e-06,0.00029763
2.6203377e-06,0.00112993
2.6203877e-06,-0.00156117
2.6204377e-06,-0.0035032
2.6204877e-06,0.000658292
2.6205377e-06,0.00670632
2.6205877e-06,0.00479204
2.6206377e-06,-0.00519553
2.6206877e-06,-0.0113268
2.6207377e-06,-0.0065827
2.6207877e-06,0.000991211
2.6208377e-06,0.0012409
2.6208877e-06,-0.00278187
2.6209377e-06,-0.000562411
2.6209877e-06,0.00884255
2.6210377e-06,0.0137809
2.6210877e-06,0.00523593
2.6211377e-06,-0.0100229
2.6211877e-06,-0.0163761
2.6212377e-06,-0.00791437
2.6212877e-06,0.00481978
2.6213377e-06,0.00748313
2.6213877e-06,-0.00228249
2.6214377e-06,-0.0141289
2.6214877e-06,-0.0179019
2.6215377e-06,-0.0134353
2.6215877e-06,-0.00833052
2.6216377e-06,-0.00821955
2.6216877e-06,-0.0106887
2.6217377e-06,-0.00907959
2.6217877e-06,-0.00122825
2.6218377e-06,0.00670632
2.6218877e-06,0.00703924
2.6219377e-06,-3.52894e-05
2.6219877e-06,-0.0067769
2.6220377e-06,-0.00802535
2.6220877e-06,-0.00636075
2.6221377e-06,-0.00566717
2.6221877e-06,-0.00494585
2.6222377e-06,-0.00244895
2.6222877e-06,-0.00120051
2.6223377e-06,-0.00533425
2.6223877e-06,-0.0122978
2.6224377e-06,-0.0150166
2.6224877e-06,-0.0110771
2.6225377e-06,-0.00569491
2.6225877e-06,-0.00391934
2.6226377e-06,-0.00416903
2.6226877e-06,-0.00233798
2.6227377e-06,0.0010467
2.6227877e-06,0.00218417
2.6228377e-06,0.000325373
2.6228877e-06,-0.00200506
2.6229377e-06,-0.00397483
2.6229877e-06,-0.00705433
2.6230377e-06,-0.0110494
2.6230877e-06,-0.0134908
2.6231377e-06,-0.0127417
2.6231877e-06,-0.00905185
2.6232377e-06,-0.00314253
2.6232877e-06,0.00315518
2.6233377e-06,0.0070115
2.6233877e-06,0.00723344
2.6234377e-06,0.00559659
2.6234877e-06,0.00401523
2.6235377e-06,0.00240612
2.6235877e-06,0.000408603
2.6236377e-06,-0.00120051
2.6236877e-06,-0.00225475
2.6237377e-06,-0.0040858
2.6237877e-06,-0.00699885
2.6238377e-06,-0.00888539
2.6238877e-06,-0.00758145
2.6239377e-06,-0.0038916
2.6239877e-06,-0.000617898
2.6240377e-06,0.000852495
2.6240877e-06,0.00115767
2.6241377e-06,0.00029763
2.6241877e-06,-0.00261541
2.6242377e-06,-0.00613881
2.6242877e-06,-0.00661044
2.6243377e-06,-0.00380837
2.6243877e-06,-0.00197732
2.6244377e-06,-0.00311479
2.6244877e-06,-0.00328125
2.6245377e-06,0.000436346
2.6245877e-06,0.00476429
2.6246377e-06,0.00506947
2.6246877e-06,0.0010467
2.6247377e-06,-0.00461293
2.6247877e-06,-0.00907959
2.6248377e-06,-0.00949574
2.6248877e-06,-0.00464067
2.6249377e-06,0.00132413
2.6249877e-06,0.00196222
2.6250377e-06,-0.0038916
2.6250877e-06,-0.0113823
2.6251377e-06,-0.0152663
2.6251877e-06,-0.0131856
2.6252377e-06,-0.00591686
2.6252877e-06,0.000686035
2.6253377e-06,-0.00120051
2.6253877e-06,-0.011521
2.6254377e-06,-0.0190394
2.6254877e-06,-0.0144895
2.6255377e-06,-0.00272638
2.6255877e-06,0.00401523
2.6256377e-06,0.00179577
2.6256877e-06,-0.0028651
2.6257377e-06,-0.0036974
2.6257877e-06,-0.000784357
2.6258377e-06,0.00248935
2.6258877e-06,0.00321067
2.6259377e-06,-9.07759e-05
2.6259877e-06,-0.00561168
2.6260377e-06,-0.00871893
2.6260877e-06,-0.00638849
2.6261377e-06,-0.00131148
2.6261877e-06,0.00132413
2.6262377e-06,4.79403e-05
2.6262877e-06,-0.00233798
2.6263377e-06,-0.00339222
2.6263877e-06,-0.00397483
2.6264377e-06,-0.00586137
2.6264877e-06,-0.00849698
2.6265377e-06,-0.00910733
2.6265877e-06,-0.00619429
2.6266377e-06,-0.0020328
2.6266877e-06,-0.00108953
2.6267377e-06,-0.0047239
2.6267877e-06,-0.00827504
2.6268377e-06,-0.00569491
2.6268877e-06,0.00235063
2.6269377e-06,0.008038
2.6269877e-06,0.00642889
2.6270377e-06,0.00196222
2.6270877e-06,0.001879
2.6271377e-06,0.00551336
2.6271877e-06,0.00595725
2.6272377e-06,0.000380859
2.6272877e-06,-0.00591686
2.6273377e-06,-0.00591686
2.6273877e-06,0.00160156
2.6274377e-06,0.0104794
2.6274877e-06,0.0118111
2.6275377e-06,0.0030997
2.6275877e-06,-0.00691562
2.6276377e-06,-0.00672141
2.6276877e-06,0.00326616
2.6277377e-06,0.010091
2.6277877e-06,0.00476429
2.6278377e-06,-0.00694336
2.6278877e-06,-0.0134075
2.6279377e-06,-0.0113823
2.6279877e-06,-0.00616655
2.6280377e-06,-0.00275413
2.6280877e-06,-0.00175537
2.6281377e-06,-0.00217152
2.6281877e-06,-0.00339222
2.6282377e-06,-0.00477939
2.6282877e-06,-0.00608332
2.6283377e-06,-0.00727628
2.6283877e-06,-0.0078034
2.6284377e-06,-0.00747048
2.6284877e-06,-0.00788663
2.6285377e-06,-0.00999512
2.6285877e-06,-0.0111048
2.6286377e-06,-0.00880216
2.6286877e-06,-0.00669367
2.6287377e-06,-0.0106887
2.6287877e-06,-0.0190672
2.6288377e-06,-0.022757
2.6288877e-06,-0.0175413
2.6289377e-06,-0.0108274
2.6289877e-06,-0.0118817
2.6290377e-06,-0.0191226
2.6290877e-06,-0.0225073
2.6291377e-06,-0.0163483
2.6291877e-06,-0.00538974
2.6292377e-06,0.00162931
2.6292877e-06,-0.000479181
2.6293377e-06,-0.00993963
2.6293877e-06,-0.0183458
2.6294377e-06,-0.015738
2.6294877e-06,-0.0016444
2.6295377e-06,0.0106736
2.6295877e-06,0.00773282
2.6296377e-06,-0.00683239
2.6296877e-06,-0.0162651
2.6297377e-06,-0.0123533
2.6297877e-06,-0.00430775
2.6298377e-06,-0.00339222
2.6298877e-06,-0.00749822
2.6299377e-06,-0.00733176
2.6299877e-06,-0.00142245
2.6300377e-06,0.00326616
2.6300877e-06,0.00198997
2.6301377e-06,-0.00344771
2.6301877e-06,-0.00910733
2.6302377e-06,-0.0128527
2.6302877e-06,-0.0143508
2.6303377e-06,-0.0144895
2.6303877e-06,-0.0142398
2.6304377e-06,-0.0122701
2.6304877e-06,-0.00611106
2.6305377e-06,0.00271129
2.6305877e-06,0.00759411
2.6306377e-06,0.00398748
2.6306877e-06,-0.00461293
2.6307377e-06,-0.00949574
2.6307877e-06,-0.0059446
2.6308377e-06,0.00101895
2.6308877e-06,0.00185125
2.6309377e-06,-0.00580589
2.6309877e-06,-0.0126862
2.6310377e-06,-0.00833052
2.6310877e-06,0.00462558
2.6311377e-06,0.011284
2.6311877e-06,0.00212868
2.6312377e-06,-0.013574
2.6312877e-06,-0.0179297
2.6313377e-06,-0.00705433
2.6313877e-06,0.00429266
2.6314377e-06,0.00315518
2.6314877e-06,-0.00525102
2.6315377e-06,-0.00777566
2.6315877e-06,-0.00208829
2.6316377e-06,0.00273904
2.6316877e-06,0.000880238
2.6317377e-06,-0.00314253
2.6317877e-06,-0.00197732
2.6318377e-06,0.00465332
2.6318877e-06,0.00995228
2.6319377e-06,0.0073999
2.6319877e-06,-0.00261541
2.6320377e-06,-0.0129636
2.6320877e-06,-0.0160709
2.6321377e-06,-0.0108552
2.6321877e-06,-0.00319802
2.6322377e-06,-0.000284979
2.6322877e-06,-0.00414129
2.6323377e-06,-0.0104113
2.6323877e-06,-0.0128249
2.6324377e-06,-0.00924605
2.6324877e-06,-0.00339222
2.6325377e-06,-0.000229492
2.6325877e-06,-0.000312722
2.6326377e-06,-0.000451438
2.6326877e-06,0.000158913
2.6327377e-06,-0.00153343
2.6327877e-06,-0.00661044
2.6328377e-06,-0.0112436
2.6328877e-06,-0.0122701
2.6329377e-06,-0.0120759
2.6329877e-06,-0.013685
2.6330377e-06,-0.0148779
2.6330877e-06,-0.0123533
2.6331377e-06,-0.00858021
2.6331877e-06,-0.00888539
2.6332377e-06,-0.0123256
2.6332877e-06,-0.0122423
2.6333377e-06,-0.00586137
2.6333877e-06,0.00140736
2.6334377e-06,0.00257258
2.6334877e-06,-0.00300382
2.6335377e-06,-0.00896862
2.6335877e-06,-0.00821955
2.6336377e-06,-0.000257235
2.6336877e-06,0.00690052
2.6337377e-06,0.00473655
2.6337877e-06,-0.00514005
2.6338377e-06,-0.011632
2.6338877e-06,-0.00827504
2.6339377e-06,-0.00189409
2.6339877e-06,-0.00233798
2.6340377e-06,-0.00913508
2.6340877e-06,-0.0145173
2.6341377e-06,-0.0153773
2.6341877e-06,-0.0145728
2.6342377e-06,-0.012714
2.6342877e-06,-0.00749822
2.6343377e-06,-0.000534668
2.6343877e-06,0.00165705
2.6344377e-06,-0.00497359
2.6344877e-06,-0.0162651
2.6345377e-06,-0.0232841
2.6345877e-06,-0.0212311
2.6346377e-06,-0.0141843
2.6346877e-06,-0.0105222
2.6347377e-06,-0.0137959
2.6347877e-06,-0.0192891
2.6348377e-06,-0.0202601
2.6348877e-06,-0.0163483
2.6349377e-06,-0.0129914
2.6349877e-06,-0.0126862
2.6350377e-06,-0.0116597
2.6350877e-06,-0.00741499
2.6351377e-06,-0.00477939
2.6351877e-06,-0.00835827
2.6352377e-06,-0.0131301
2.6352877e-06,-0.0108274
2.6353377e-06,-0.00319802
2.6353877e-06,-0.000923074
2.6354377e-06,-0.00894087
2.6354877e-06,-0.0204266
2.6355377e-06,-0.0260585
2.6355877e-06,-0.0236171
2.6356377e-06,-0.0172916
2.6356877e-06,-0.0129359
2.6357377e-06,-0.0137682
2.6357877e-06,-0.0176523
2.6358377e-06,-0.0184291
2.6358877e-06,-0.0131856
2.6359377e-06,-0.00638849
2.6359877e-06,-0.00372514
2.6360377e-06,-0.00505682
2.6360877e-06,-0.00672141
2.6361377e-06,-0.00727628
2.6361877e-06,-0.00672141
2.6362377e-06,-0.00380837
2.6362877e-06,0.000408603
2.6363377e-06,0.000519576
2.6363877e-06,-0.00572266
2.6364377e-06,-0.0118539
2.6364877e-06,-0.01055
2.6365377e-06,-0.00425226
2.6365877e-06,-0.00169988
2.6366377e-06,-0.00580589
2.6366877e-06,-0.0112436
2.6367377e-06,-0.0134353
2.6367877e-06,-0.0139069
2.6368377e-06,-0.0150444
2.6368877e-06,-0.0150444
2.6369377e-06,-0.0119371
2.6369877e-06,-0.00874667
2.6370377e-06,-0.0088299
2.6370877e-06,-0.0090241
2.6371377e-06,-0.00361417
2.6371877e-06,0.00570756
2.6372377e-06,0.0108123
2.6372877e-06,0.00778831
2.6373377e-06,0.000547319
2.6373877e-06,-0.0057504
2.6374377e-06,-0.00980091
2.6374877e-06,-0.0122701
2.6375377e-06,-0.0124643
2.6375877e-06,-0.00982866
2.6376377e-06,-0.00666593
2.6376877e-06,-0.00647172
2.6377377e-06,-0.00871893
2.6377877e-06,-0.00874667
2.6378377e-06,-0.00533425
2.6378877e-06,-0.0045297
2.6379377e-06,-0.0104945
2.6379877e-06,-0.0162651
2.6380377e-06,-0.0117984
2.6380877e-06,0.00013117
2.6381377e-06,0.00551336
2.6381877e-06,-0.0020328
2.6382377e-06,-0.0119926
2.6382877e-06,-0.0111881
2.6383377e-06,-0.000229492
2.6383877e-06,0.00884255
2.6384377e-06,0.00784379
2.6384877e-06,-0.000146262
2.6385377e-06,-0.00710982
2.6385877e-06,-0.00860795
2.6386377e-06,-0.00674916
2.6386877e-06,-0.00627752
2.6387377e-06,-0.00805309
2.6387877e-06,-0.0067769
2.6388377e-06,0.00176802
2.6388877e-06,0.0126989
2.6389377e-06,0.0155287
2.6389877e-06,0.00678955
2.6390377e-06,-0.00544522
2.6390877e-06,-0.0112991
2.6391377e-06,-0.00924605
2.6391877e-06,-0.00477939
2.6392377e-06,-0.00217152
2.6392877e-06,-0.0016444
2.6393377e-06,-0.00225475
2.6393877e-06,-0.00391934
2.6394377e-06,-0.00544522
2.6394877e-06,-0.00400257
2.6395377e-06,0.000963468
2.6395877e-06,0.00465332
2.6396377e-06,0.00179577
2.6396877e-06,-0.0051123
2.6397377e-06,-0.0069711
2.6397877e-06,-9.07759e-05
2.6398377e-06,0.0072057
2.6398877e-06,0.00418169
2.6399377e-06,-0.00846924
2.6399877e-06,-0.0200659
2.6400377e-06,-0.0233674
2.6400877e-06,-0.0210369
2.6401377e-06,-0.0174858
2.6401877e-06,-0.0111881
2.6402377e-06,-0.000590154
2.6402877e-06,0.0084264
2.6403377e-06,0.00801025
2.6403877e-06,-3.52894e-05
2.6404377e-06,-0.00686013
2.6404877e-06,-0.00907959
2.6405377e-06,-0.0112991
2.6405877e-06,-0.0153218
2.6406377e-06,-0.0155715
2.6406877e-06,-0.00919056
2.6407377e-06,-0.00319802
2.6407877e-06,-0.0047239
2.6408377e-06,-0.00996737
2.6408877e-06,-0.0107442
2.6409377e-06,-0.00749822
2.6409877e-06,-0.00669367
2.6410377e-06,-0.00830278
2.6410877e-06,-0.00611106
2.6411377e-06,0.000630549
2.6411877e-06,0.00551336
2.6412377e-06,0.003932
2.6412877e-06,-0.00208829
2.6413377e-06,-0.0076092
2.6413877e-06,-0.00835827
2.6414377e-06,-0.00217152
2.6414877e-06,0.00673406
2.6415377e-06,0.00814897
2.6415877e-06,-0.00314253
2.6416377e-06,-0.0180129
2.6416877e-06,-0.0218415
2.6417377e-06,-0.0120759
2.6417877e-06,-3.52894e-05
2.6418377e-06,0.00407071
2.6418877e-06,0.00129639
2.6419377e-06,-0.00228249
2.6419877e-06,-0.00422452
2.6420377e-06,-0.00588912
2.6420877e-06,-0.00777566
2.6421377e-06,-0.00838601
2.6421877e-06,-0.00591686
2.6422377e-06,7.56836e-05
2.6422877e-06,0.00751088
2.6423377e-06,0.012033
2.6423877e-06,0.0106181
2.6424377e-06,0.00490301
2.6424877e-06,-0.000146262
2.6425377e-06,-0.00120051
2.6425877e-06,0.000380859
2.6426377e-06,0.000408603
2.6426877e-06,-0.00358643
2.6427377e-06,-0.00957897
2.6427877e-06,-0.0122978
2.6428377e-06,-0.00941251
2.6428877e-06,-0.00600009
2.6429377e-06,-0.00813632
2.6429877e-06,-0.0129636
2.6430377e-06,-0.0118817
2.6430877e-06,-0.0045297
2.6431377e-06,-0.0008121
2.6431877e-06,-0.00541748
2.6432377e-06,-0.0103558
2.6432877e-06,-0.00796986
2.6433377e-06,-0.00278187
2.6433877e-06,-0.00292059
2.6434377e-06,-0.00699885
2.6434877e-06,-0.00849698
2.6435377e-06,-0.00722079
2.6435877e-06,-0.00752597
2.6436377e-06,-0.00877441
2.6436877e-06,-0.00666593
2.6437377e-06,-0.00300382
2.6437877e-06,-0.00508456
2.6438377e-06,-0.0140456
2.6438877e-06,-0.0202601
2.6439377e-06,-0.0149334
2.6439877e-06,-0.00186634
2.6440377e-06,0.00631792
2.6440877e-06,0.00196222
2.6441377e-06,-0.00977317
2.6441877e-06,-0.0172638
2.6442377e-06,-0.0152108
2.6442877e-06,-0.0096622
2.6443377e-06,-0.00935702
2.6443877e-06,-0.0139624
2.6444377e-06,-0.0143231
2.6444877e-06,-0.00489036
2.6445377e-06,0.00812123
2.6445877e-06,0.0137809
2.6446377e-06,0.00884255
2.6446877e-06,-0.000451438
2.6447377e-06,-0.00752597
2.6447877e-06,-0.0114655
2.6448377e-06,-0.0140456
2.6448877e-06,-0.014656
2.6449377e-06,-0.0113545
2.6449877e-06,-0.00480713
2.6450377e-06,0.00112993
2.6450877e-06,0.00254483
2.6451377e-06,-0.00153343
2.6451877e-06,-0.00794212
2.6452377e-06,-0.0113545
2.6452877e-06,-0.00877441
2.6453377e-06,-0.00261541
2.6453877e-06,0.00254483
2.6454377e-06,0.00443137
2.6454877e-06,0.00293324
2.6455377e-06,-0.0016444
2.6455877e-06,-0.00722079
2.6456377e-06,-0.00982866
2.6456877e-06,-0.00819181
2.6457377e-06,-0.00649947
2.6457877e-06,-0.00821955
2.6458377e-06,-0.00977317
2.6458877e-06,-0.00608332
2.6459377e-06,-0.000174006
2.6459877e-06,0.000103427
2.6460377e-06,-0.00597235
2.6460877e-06,-0.0106332
2.6461377e-06,-0.00907959
2.6461877e-06,-0.00469616
2.6462377e-06,-0.00239347
2.6462877e-06,-0.00253218
2.6463377e-06,-0.00378063
2.6463877e-06,-0.00622203
2.6464377e-06,-0.00919056
2.6464877e-06,-0.0103003
2.6465377e-06,-0.00894087
2.6465877e-06,-0.00796986
2.6466377e-06,-0.00993963
2.6466877e-06,-0.0135185
2.6467377e-06,-0.0146282
2.6467877e-06,-0.0109106
2.6468377e-06,-0.00391934
2.6468877e-06,0.00154608
2.6469377e-06,0.00112993
2.6469877e-06,-0.00455744
2.6470377e-06,-0.0105777
2.6470877e-06,-0.0131024
2.6471377e-06,-0.0125752
2.6471877e-06,-0.0107719
2.6472377e-06,-0.00871893
2.6472877e-06,-0.0076092
2.6473377e-06,-0.00813632
2.6473877e-06,-0.00805309
2.6474377e-06,-0.00469616
2.6474877e-06,4.79403e-05
2.6475377e-06,0.00115767
2.6475877e-06,-0.00233798
2.6476377e-06,-0.00583363
2.6476877e-06,-0.00552845
2.6477377e-06,-0.00222701
2.6477877e-06,0.00240612
2.6478377e-06,0.00781605
2.6478877e-06,0.0113672
2.6479377e-06,0.00862061
2.6479877e-06,0.0002144
2.6480377e-06,-0.00591686
2.6480877e-06,-0.00516779
2.6481377e-06,-0.00394709
2.6481877e-06,-0.0105222
2.6482377e-06,-0.0213144
2.6482877e-06,-0.0248932
2.6483377e-06,-0.0182903
2.6483877e-06,-0.0107719
2.6484377e-06,-0.0103558
2.6484877e-06,-0.0146005
2.6485377e-06,-0.0163483
2.6485877e-06,-0.0135463
2.6486377e-06,-0.00993963
2.6486877e-06,-0.0090241
2.6487377e-06,-0.0100229
2.6487877e-06,-0.00930154
2.6488377e-06,-0.00405806
2.6488877e-06,0.00470881
2.6489377e-06,0.0116169
2.6489877e-06,0.0104517
2.6490377e-06,0.00101895
2.6490877e-06,-0.00819181
2.6491377e-06,-0.00763694
2.6491877e-06,0.00185125
2.6492377e-06,0.00936967
2.6492877e-06,0.00695601
2.6493377e-06,-0.000673384
2.6493877e-06,-0.00341997
2.6494377e-06,-0.000340465
2.6494877e-06,-0.000784357
2.6495377e-06,-0.00916282
2.6495877e-06,-0.0157935
2.6496377e-06,-0.00905185
2.6496877e-06,0.00712247
2.6497377e-06,0.0159448
2.6497877e-06,0.00820446
2.6498377e-06,-0.00735951
2.6498877e-06,-0.015738
2.6499377e-06,-0.012492
2.6499877e-06,-0.00430775
2.6500377e-06,0.00135187
2.6500877e-06,0.00171254
2.6501377e-06,-0.00255993
2.6501877e-06,-0.00788663
2.6502377e-06,-0.00869118
2.6502877e-06,-0.0038916
2.6503377e-06,0.000408603
2.6503877e-06,-0.00108953
2.6504377e-06,-0.00516779
2.6504877e-06,-0.00525102
2.6505377e-06,-0.00158891
2.6505877e-06,-0.000950817
2.6506377e-06,-0.00652721
2.6506877e-06,-0.0131301
2.6507377e-06,-0.0139624
2.6507877e-06,-0.00927379
2.6508377e-06,-0.00536199
2.6508877e-06,-0.00494585
2.6509377e-06,-0.00325351
2.6509877e-06,0.00407071
2.6510377e-06,0.0125047
2.6510877e-06,0.0135312
2.6511377e-06,0.00565208
2.6511877e-06,-0.00430775
2.6512377e-06,-0.0100229
2.6512877e-06,-0.0113545
2.6513377e-06,-0.0110216
2.6513877e-06,-0.00988414
2.6514377e-06,-0.00663818
2.6514877e-06,-0.00120051
2.6515377e-06,0.00298873
2.6515877e-06,0.000963468
2.6516377e-06,-0.00858021
2.6516877e-06,-0.0199549
2.6517377e-06,-0.0240609
2.6517877e-06,-0.016709
2.6518377e-06,-0.00317028
2.6518877e-06,0.00692827
2.6519377e-06,0.00862061
2.6519877e-06,0.00440363
2.6520377e-06,-0.000756614
2.6520877e-06,-0.00366966
2.6521377e-06,-0.00339222
2.6521877e-06,-0.00133922
2.6522377e-06,-0.0014502
2.6522877e-06,-0.00577814
2.6523377e-06,-0.0100783
2.6523877e-06,-0.00766468
2.6524377e-06,0.000408603
2.6524877e-06,0.00398748
2.6525377e-06,-0.00341997
2.6525877e-06,-0.014434
2.6526377e-06,-0.0158767
2.6526877e-06,-0.00577814
2.6527377e-06,0.00401523
2.6527877e-06,0.00373779
2.6528377e-06,-0.00317028
2.6528877e-06,-0.00777566
2.6529377e-06,-0.00819181
2.6529877e-06,-0.00871893
2.6530377e-06,-0.0109384
2.6530877e-06,-0.0118539
2.6531377e-06,-0.00949574
2.6531877e-06,-0.00566717
2.6532377e-06,-0.00394709
2.6532877e-06,-0.00666593
2.6533377e-06,-0.0119094
2.6533877e-06,-0.0138237
2.6534377e-06,-0.00988414
2.6534877e-06,-0.00597235
2.6535377e-06,-0.00927379
2.6535877e-06,-0.01682
2.6536377e-06,-0.0186788
2.6536877e-06,-0.0114933
2.6537377e-06,-0.00214378
2.6537877e-06,0.0032939
2.6538377e-06,0.00590177
2.6538877e-06,0.00745539
2.6539377e-06,0.00620694
2.6539877e-06,0.00240612
2.6540377e-06,0.000686035
2.6540877e-06,0.00251709
2.6541377e-06,0.0024616
2.6541877e-06,-0.00275413
2.6542377e-06,-0.0069711
2.6542877e-06,-0.00358643
2.6543377e-06,0.00268355
2.6543877e-06,0.000963468
2.6544377e-06,-0.00930154
2.6544877e-06,-0.015627
2.6545377e-06,-0.00919056
2.6545877e-06,0.00268355
2.6546377e-06,0.00642889
2.6546877e-06,0.000491832
2.6547377e-06,-0.00436324
2.6547877e-06,-0.00208829
2.6548377e-06,0.000491832
2.6548877e-06,-0.0040858
2.6549377e-06,-0.0109939
2.6549877e-06,-0.00935702
2.6550377e-06,0.00101895
2.6550877e-06,0.00795477
2.6551377e-06,0.00276678
2.6551877e-06,-0.00819181
2.6552377e-06,-0.012492
2.6552877e-06,-0.00719305
2.6553377e-06,-0.000201749
2.6553877e-06,0.00132413
2.6554377e-06,-0.00197732
2.6554877e-06,-0.00597235
2.6555377e-06,-0.00752597
2.6555877e-06,-0.00458518
2.6556377e-06,0.00237837
2.6556877e-06,0.00776056
2.6557377e-06,0.00537464
2.6557877e-06,-0.00255993
2.6558377e-06,-0.00680464
2.6558877e-06,-0.00394709
2.6559377e-06,-0.00128374
2.6559877e-06,-0.00597235
2.6560377e-06,-0.0141566
2.6560877e-06,-0.0160431
2.6561377e-06,-0.00849698
2.6561877e-06,0.00162931
2.6562377e-06,0.00626243
2.6562877e-06,0.00504173
2.6563377e-06,0.00334939
2.6563877e-06,0.00384877
2.6564377e-06,0.00357133
2.6564877e-06,0.00013117
2.6565377e-06,-0.00458518
2.6565877e-06,-0.00849698
2.6566377e-06,-0.0119926
2.6566877e-06,-0.0141843
2.6567377e-06,-0.0114378
2.6567877e-06,-0.00466841
2.6568377e-06,-0.00208829
2.6568877e-06,-0.00802535
2.6569377e-06,-0.0132688
2.6569877e-06,-0.00602783
2.6570377e-06,0.00834317
2.6570877e-06,0.0107846
2.6571377e-06,-0.00538974
2.6571877e-06,-0.0225906
2.6572377e-06,-0.020815
2.6572877e-06,-0.00361417
2.6573377e-06,0.00839866
2.6573877e-06,0.00540239
2.6574377e-06,-0.00272638
2.6574877e-06,-0.00430775
2.6575377e-06,-0.00131148
2.6575877e-06,-0.00147794
2.6576377e-06,-0.00372514
2.6576877e-06,-0.000923074
2.6577377e-06,0.0061792
2.6577877e-06,0.00770508
2.6578377e-06,-0.000784357
2.6578877e-06,-0.0110771
2.6579377e-06,-0.013463
2.6579877e-06,-0.00935702
2.6580377e-06,-0.0067769
2.6580877e-06,-0.00769243
2.6581377e-06,-0.00710982
2.6581877e-06,-0.00283736
2.6582377e-06,0.000380859
2.6582877e-06,-0.00214378
2.6583377e-06,-0.00871893
2.6583877e-06,-0.0135463
2.6584377e-06,-0.0134075
2.6584877e-06,-0.00974543
2.6585377e-06,-0.00583363
2.6585877e-06,-0.00328125
2.6586377e-06,-0.00200506
2.6586877e-06,-0.00272638
2.6587377e-06,-0.0069711
2.6587877e-06,-0.012714
2.6588377e-06,-0.0136017
2.6588877e-06,-0.00611106
2.6589377e-06,0.00415394
2.6589877e-06,0.00798251
2.6590377e-06,0.00293324
2.6590877e-06,-0.00586137
2.6591377e-06,-0.0133521
2.6591877e-06,-0.0175413
2.6592377e-06,-0.0167922
2.6592877e-06,-0.010328
2.6593377e-06,-0.00239347
2.6593877e-06,0.00029763
2.6594377e-06,-0.00255993
2.6594877e-06,-0.00380837
2.6595377e-06,0.000658292
2.6595877e-06,0.00465332
2.6596377e-06,7.56836e-05
2.6596877e-06,-0.0103835
2.6597377e-06,-0.0154605
2.6597877e-06,-0.0101061
2.6598377e-06,-0.00231024
2.6598877e-06,-0.00178311
2.6599377e-06,-0.00669367
2.6599877e-06,-0.00747048
2.6600377e-06,-0.00219926
2.6600877e-06,0.000158913
2.6601377e-06,-0.00500133
2.6601877e-06,-0.00910733
2.6602377e-06,-0.00378063
2.6602877e-06,0.0049585
2.6603377e-06,0.00590177
2.6603877e-06,-0.000257235
2.6604377e-06,-0.00386386
2.6604877e-06,-0.00219926
2.6605377e-06,-0.00122825
2.6605877e-06,-0.00292059
2.6606377e-06,-0.0030593
2.6606877e-06,-0.00169988
2.6607377e-06,-0.00516779
2.6607877e-06,-0.013685
2.6608377e-06,-0.0169864
2.6608877e-06,-0.00816406
2.6609377e-06,0.0055411
2.6609877e-06,0.0120885
2.6610377e-06,0.00928644
2.6610877e-06,0.00346036
2.6611377e-06,-0.00108953
2.6611877e-06,-0.00400257
2.6612377e-06,-0.00400257
2.6612877e-06,0.000242143
2.6613377e-06,0.00543013
2.6613877e-06,0.00681729
2.6614377e-06,0.00423717
2.6614877e-06,0.000991211
2.6615377e-06,-0.00189409
2.6615877e-06,-0.00497359
2.6616377e-06,-0.00624978
2.6616877e-06,-0.00272638
2.6617377e-06,0.00420943
2.6617877e-06,0.00903675
2.6618377e-06,0.00828769
2.6618877e-06,0.00343262
2.6619377e-06,-0.0016444
2.6619877e-06,-0.00358643
2.6620377e-06,-0.00142245
2.6620877e-06,0.00190674
2.6621377e-06,0.0014351
2.6621877e-06,-0.00330899
2.6622377e-06,-0.00583363
2.6622877e-06,-0.00150568
2.6623377e-06,0.00407071
2.6623877e-06,0.0012409
2.6624377e-06,-0.00952348
2.6624877e-06,-0.016598
2.6625377e-06,-0.0123533
2.6625877e-06,-0.00339222
2.6626377e-06,-0.00108953
2.6626877e-06,-0.00591686
2.6627377e-06,-0.00788663
2.6627877e-06,-0.00225475
2.6628377e-06,0.00301647
2.6628877e-06,-0.00136697
2.6629377e-06,-0.0120204
2.6629877e-06,-0.0163206
2.6630377e-06,-0.00869118
2.6630877e-06,0.00229514
2.6631377e-06,0.00481978
2.6631877e-06,-0.00258767
2.6632377e-06,-0.0111326
2.6632877e-06,-0.0137959
2.6633377e-06,-0.0114378
2.6633877e-06,-0.00752597
2.6634377e-06,-0.00303156
2.6634877e-06,0.000797008
2.6635377e-06,0.000436346
2.6635877e-06,-0.00466841
2.6636377e-06,-0.00899636
2.6636877e-06,-0.00752597
2.6637377e-06,-0.00253218
2.6637877e-06,-0.000257235
2.6638377e-06,-0.00239347
2.6638877e-06,-0.00458518
2.6639377e-06,-0.00181086
2.6639877e-06,0.00587402
2.6640377e-06,0.0125324
2.6640877e-06,0.0111175
2.6641377e-06,0.00140736
2.6641877e-06,-0.00819181
2.6642377e-06,-0.00935702
2.6642877e-06,-0.0038916
2.6643377e-06,-0.000839844
2.6643877e-06,-0.00361417
2.6644377e-06,-0.0059446
2.6644877e-06,-0.0024767
2.6645377e-06,0.00251709
2.6645877e-06,0.00174028
2.6646377e-06,-0.00380837
2.6646877e-06,-0.00591686
2.6647377e-06,-0.0010063
2.6647877e-06,0.00440363
2.6648377e-06,0.0020732
2.6648877e-06,-0.00663818
2.6649377e-06,-0.0112713
2.6649877e-06,-0.00591686
2.6650377e-06,0.00129639
2.6650877e-06,-0.00189409
2.6651377e-06,-0.014434
2.6651877e-06,-0.0221189
2.6652377e-06,-0.0164316
2.6652877e-06,-0.00516779
2.6653377e-06,-0.000395952
2.6653877e-06,-0.00261541
2.6654377e-06,-0.00289284
2.6654877e-06,0.00235063
2.6655377e-06,0.00631792
2.6655877e-06,0.00254483
2.6656377e-06,-0.00502907
2.6656877e-06,-0.00713756
2.6657377e-06,-0.0018386
2.6657877e-06,0.0032939
2.6658377e-06,0.00154608
2.6658877e-06,-0.0051123
2.6659377e-06,-0.00960671
2.6659877e-06,-0.00816406
2.6660377e-06,-0.00325351
2.6660877e-06,0.000991211
2.6661377e-06,0.0034881
2.6661877e-06,0.00565208
2.6662377e-06,0.00717796
2.6662877e-06,0.00509721
2.6663377e-06,-0.00217152
2.6663877e-06,-0.0104668
2.6664377e-06,-0.0127972
2.6664877e-06,-0.00716531
2.6665377e-06,-7.54616e-06
2.6665877e-06,0.000907981
2.6666377e-06,-0.00386386
2.6666877e-06,-0.00649947
2.6667377e-06,-0.00231024
2.6667877e-06,0.00382102
2.6668377e-06,0.0034881
2.6668877e-06,-0.00444647
2.6669377e-06,-0.0120204
2.6669877e-06,-0.0118539
2.6670377e-06,-0.00586137
2.6670877e-06,-0.00175537
2.6671377e-06,-0.00255993
2.6671877e-06,-0.00411355
2.6672377e-06,-0.00250444
2.6672877e-06,0.000380859
2.6673377e-06,0.000880238
2.6673877e-06,-0.000867587
2.6674377e-06,-0.00206055
2.6674877e-06,-0.00108953
2.6675377e-06,0.00237837
2.6675877e-06,0.00762185
2.6676377e-06,0.0109788
2.6676877e-06,0.0070115
2.6677377e-06,-0.00419678
2.6677877e-06,-0.0143786
2.6678377e-06,-0.0157657
2.6678877e-06,-0.0101616
2.6679377e-06,-0.00502907
2.6679877e-06,-0.00275413
2.6680377e-06,0.0002144
2.6680877e-06,0.00473655
2.6681377e-06,0.00587402
2.6681877e-06,0.000575062
2.6682377e-06,-0.00669367
2.6682877e-06,-0.00952348
2.6683377e-06,-0.00819181
2.6683877e-06,-0.00788663
2.6684377e-06,-0.0106332
2.6684877e-06,-0.0129914
2.6685377e-06,-0.0116875
2.6685877e-06,-0.00733176
2.6686377e-06,-0.00231024
2.6686877e-06,0.00126864
2.6687377e-06,0.00110218
2.6687877e-06,-0.00358643
2.6688377e-06,-0.00858021
2.6688877e-06,-0.00661044
2.6689377e-06,0.00423717
2.6689877e-06,0.0158616
2.6690377e-06,0.0176926
2.6690877e-06,0.00831543
2.6691377e-06,-0.00311479
2.6691877e-06,-0.00702659
2.6692377e-06,-0.00208829
2.6692877e-06,0.00670632
2.6693377e-06,0.0143912
2.6693877e-06,0.0176372
2.6694377e-06,0.0129208
2.6694877e-06,-0.000284979
2.6695377e-06,-0.0139069
2.6695877e-06,-0.015516
2.6696377e-06,-0.00258767
2.6696877e-06,0.0111452
2.6697377e-06,0.0100078
2.6697877e-06,-0.00505682
2.6698377e-06,-0.0182349
2.6698877e-06,-0.0183458
2.6699377e-06,-0.00996737
2.6699877e-06,-0.00403032
2.6700377e-06,-0.0036974
2.6700877e-06,-0.00416903
2.6701377e-06,-0.00167214
2.6701877e-06,0.00240612
2.6702377e-06,0.0051527
2.6702877e-06,0.00587402
2.6703377e-06,0.00548562
2.6703877e-06,0.00462558
2.6704377e-06,0.00343262
2.6704877e-06,0.00204545
2.6705377e-06,0.000519576
2.6705877e-06,-0.00108953
2.6706377e-06,-0.00250444
2.6706877e-06,-0.00383612
2.6707377e-06,-0.00597235
2.6707877e-06,-0.00838601
2.6708377e-06,-0.00827504
2.6708877e-06,-0.00414129
2.6709377e-06,0.000380859
2.6709877e-06,0.000491832
2.6710377e-06,-0.00269864
2.6710877e-06,-0.00336448
2.6711377e-06,0.000242143
2.6711877e-06,0.00285001
2.6712377e-06,0.000602805
2.6712877e-06,-0.00328125
2.6713377e-06,-0.00405806
2.6713877e-06,-0.00200506
2.6714377e-06,0.000380859
2.6714877e-06,0.00287775
2.6715377e-06,0.00579079
2.6715877e-06,0.00673406
2.6716377e-06,0.00404297
2.6716877e-06,0.000852495
2.6717377e-06,0.0022674
2.6717877e-06,0.0073999
2.6718377e-06,0.00859286
2.6718877e-06,0.00118541
2.6719377e-06,-0.00810858
2.6719877e-06,-0.00833052
2.6720377e-06,0.000991211
2.6720877e-06,0.00831543
2.6721377e-06,0.00454235
2.6721877e-06,-0.0057504
2.6722377e-06,-0.0107442
2.6722877e-06,-0.00577814
2.6723377e-06,0.00179577
2.6723877e-06,0.00218417
2.6724377e-06,-0.00605558
2.6724877e-06,-0.0150999
2.6725377e-06,-0.0162928
2.6725877e-06,-0.00819181
2.6726377e-06,0.00204545
2.6726877e-06,0.00529142
2.6727377e-06,0.000325373
2.6727877e-06,-0.00489036
2.6728377e-06,-0.00430775
2.6728877e-06,-0.00294833
2.6729377e-06,-0.00852472
2.6729877e-06,-0.0176523
2.6730377e-06,-0.0193169
2.6730877e-06,-0.0120759
2.6731377e-06,-0.00722079
2.6731877e-06,-0.0111603
2.6732377e-06,-0.0152941
2.6732877e-06,-0.00949574
2.6733377e-06,0.0014351
2.6733877e-06,0.00440363
2.6734377e-06,-0.00355868
2.6734877e-06,-0.0116597
2.6735377e-06,-0.00957897
2.6735877e-06,0.000380859
2.6736377e-06,0.00667858
2.6736877e-06,0.00107444
2.6737377e-06,-0.0125475
2.6737877e-06,-0.0214808
2.6738377e-06,-0.017791
2.6738877e-06,-0.00722079
2.6739377e-06,-0.00219926
2.6739877e-06,-0.00702659
2.6740377e-06,-0.0148502
2.6740877e-06,-0.0184291
2.6741377e-06,-0.0175135
2.6741877e-06,-0.0148779
2.6742377e-06,-0.011632
2.6742877e-06,-0.00932928
2.6743377e-06,-0.0107997
2.6743877e-06,-0.0151831
2.6744377e-06,-0.0169032
2.6744877e-06,-0.0133798
2.6745377e-06,-0.00888539
2.6745877e-06,-0.00752597
2.6746377e-06,-0.00683239
2.6746877e-06,-0.00311479
2.6747377e-06,7.56836e-05
2.6747877e-06,-0.00411355
2.6748377e-06,-0.0136017
2.6748877e-06,-0.0169309
2.6749377e-06,-0.00830278
2.6749877e-06,0.0029055
2.6750377e-06,0.00401523
2.6750877e-06,-0.00372514
2.6751377e-06,-0.00755371
2.6751877e-06,-0.00128374
2.6752377e-06,0.0082322
2.6752877e-06,0.0126156
2.6753377e-06,0.0113117
2.6753877e-06,0.00731667
2.6754377e-06,0.0002144
2.6754877e-06,-0.0115765
2.6755377e-06,-0.0250597
2.6755877e-06,-0.0338543
2.6756377e-06,-0.0350473
2.6756877e-06,-0.0318845
2.6757377e-06,-0.028916
2.6757877e-06,-0.0273624
2.6758377e-06,-0.0260862
2.6758877e-06,-0.0249765
2.6759377e-06,-0.025032
2.6759877e-06,-0.0270295
2.6760377e-06,-0.0306084
2.6760877e-06,-0.0335769
2.6761377e-06,-0.0332717
2.6761877e-06,-0.0296373
2.6762377e-06,-0.0263081
2.6762877e-06,-0.0271127
2.6763377e-06,-0.032051
2.6763877e-06,-0.0376274
2.6764377e-06,-0.040485
2.6764877e-06,-0.040152
2.6765377e-06,-0.039181
2.6765877e-06,-0.0411785
2.6766377e-06,-0.0477259
2.6766877e-06,-0.0562709
2.6767377e-06,-0.0620415
2.6767877e-06,-0.0631234
2.6768377e-06,-0.0622634
2.6768877e-06,-0.0623744
2.6769377e-06,-0.0625131
2.6769877e-06,-0.061015
2.6770377e-06,-0.0607375
2.6770877e-06,-0.0667578
2.6771377e-06,-0.0780493
2.6771877e-06,-0.0866497
2.6772377e-06,-0.0873988
2.6772877e-06,-0.084458
2.6773377e-06,-0.0842083
2.6773877e-06,-0.0859839
2.6774377e-06,-0.0857619
2.6774877e-06,-0.0850406
2.6775377e-06,-0.0890911
2.6775877e-06,-0.0972476
2.6776377e-06,-0.103323
2.6776877e-06,-0.105182
2.6777377e-06,-0.106347
2.6777877e-06,-0.107596
2.6778377e-06,-0.105682
2.6778877e-06,-0.102241
2.6779377e-06,-0.10496
2.6779877e-06,-0.11578
2.6780377e-06,-0.125241
2.6780877e-06,-0.123826
2.6781377e-06,-0.114254
2.6781877e-06,-0.10754
2.6782377e-06,-0.110398
2.6782877e-06,-0.120774
2.6783377e-06,-0.133009
2.6783877e-06,-0.142414
2.6784377e-06,-0.146603
2.6784877e-06,-0.14602
2.6785377e-06,-0.14344
2.6785877e-06,-0.141165
2.6786377e-06,-0.139556
2.6786877e-06,-0.138918
2.6787377e-06,-0.140444
2.6787877e-06,-0.144467
2.6788377e-06,-0.149294
2.6788877e-06,-0.152346
2.6789377e-06,-0.152484
2.6789877e-06,-0.151319
2.6790377e-06,-0.151569
2.6790877e-06,-0.15365
2.6791377e-06,-0.155148
2.6791877e-06,-0.155176
2.6792377e-06,-0.157534
2.6792877e-06,-0.165635
2.6793377e-06,-0.175817
2.6793877e-06,-0.179784
2.6794377e-06,-0.175234
2.6794877e-06,-0.169796
2.6795377e-06,-0.171239
2.6795877e-06,-0.176399
2.6796377e-06,-0.175983
2.6796877e-06,-0.169325
2.6797377e-06,-0.16705
2.6797877e-06,-0.176122
2.6798377e-06,-0.189355
2.6798877e-06,-0.194848
2.6799377e-06,-0.191464
2.6799877e-06,-0.188717
2.6800377e-06,-0.192795
2.6800877e-06,-0.199426
2.6801377e-06,-0.201784
2.6801877e-06,-0.199981
2.6802377e-06,-0.198427
2.6802877e-06,-0.19754
2.6803377e-06,-0.194571
2.6803877e-06,-0.191519
2.6804377e-06,-0.194377
2.6804877e-06,-0.202617
2.6805377e-06,-0.206445
2.6805877e-06,-0.200009
2.6806377e-06,-0.191686
2.6806877e-06,-0.194432
2.6807377e-06,-0.207416
2.6807877e-06,-0.216544
2.6808377e-06,-0.213908
2.6808877e-06,-0.208387
2.6809377e-06,-0.211633
2.6809877e-06,-0.221094
2.6810377e-06,-0.224672
2.6810877e-06,-0.219068
2.6811377e-06,-0.214713
2.6811877e-06,-0.221315
2.6812377e-06,-0.234077
2.6812877e-06,-0.23982
2.6813377e-06,-0.235187
2.6813877e-06,-0.230665
2.6814377e-06,-0.233994
2.6814877e-06,-0.238461
2.6815377e-06,-0.234854
2.6815877e-06,-0.227502
2.6816377e-06,-0.228279
2.6816877e-06,-0.237684
2.6817377e-06,-0.243482
2.6817877e-06,-0.239127
2.6818377e-06,-0.233966
2.6818877e-06,-0.239349
2.6819377e-06,-0.251445
2.6819877e-06,-0.256744
2.6820377e-06,-0.252166
2.6820877e-06,-0.250002
2.6821377e-06,-0.25913
2.6821877e-06,-0.270615
2.6822377e-06,-0.27006
2.6822877e-06,-0.259268
2.6823377e-06,-0.254191
2.6823877e-06,-0.262126
2.6824377e-06,-0.271669
2.6824877e-06,-0.269367
2.6825377e-06,-0.258797
2.6825877e-06,-0.254718
2.6826377e-06,-0.262514
2.6826877e-06,-0.273001
2.6827377e-06,-0.277246
2.6827877e-06,-0.276996
2.6828377e-06,-0.277496
2.6828877e-06,-0.278938
2.6829377e-06,-0.28088
2.6829877e-06,-0.286984
2.6830377e-06,-0.298414
2.6830877e-06,-0.306848
2.6831377e-06,-0.303103
2.6831877e-06,-0.29084
2.6832377e-06,-0.283599
2.6832877e-06,-0.287872
2.6833377e-06,-0.2965
2.6833877e-06,-0.300633
2.6834377e-06,-0.300744
2.6834877e-06,-0.301993
2.6835377e-06,-0.305045
2.6835877e-06,-0.307819
2.6836377e-06,-0.311786
2.6836877e-06,-0.318972
2.6837377e-06,-0.324909
2.6837877e-06,-0.322689
2.6838377e-06,-0.313811
2.6838877e-06,-0.30793
2.6839377e-06,-0.310344
2.6839877e-06,-0.316253
2.6840377e-06,-0.31911
2.6840877e-06,-0.318583
2.6841377e-06,-0.316808
2.6841877e-06,-0.31359
2.6842377e-06,-0.310288
2.6842877e-06,-0.313062
2.6843377e-06,-0.324076
2.6843877e-06,-0.33412
2.6844377e-06,-0.332732
2.6844877e-06,-0.324187
2.6845377e-06,-0.323494
2.6845877e-06,-0.335423
2.6846377e-06,-0.346798
2.6846877e-06,-0.344551
2.6847377e-06,-0.334314
2.6847877e-06,-0.333065
2.6848377e-06,-0.346521
2.6848877e-06,-0.361419
2.6849377e-06,-0.362584
2.6849877e-06,-0.351709
2.6850377e-06,-0.344551
2.6850877e-06,-0.350765
2.6851377e-06,-0.362418
2.6851877e-06,-0.365331
2.6852377e-06,-0.358145
2.6852877e-06,-0.353595
2.6853377e-06,-0.361058
2.6853877e-06,-0.37357
2.6854377e-06,-0.376705
2.6854877e-06,-0.367911
2.6855377e-06,-0.359782
2.6855877e-06,-0.362334
2.6856377e-06,-0.36977
2.6856877e-06,-0.370269
2.6857377e-06,-0.362834
2.6857877e-06,-0.357257
2.6858377e-06,-0.359671
2.6858877e-06,-0.366385
2.6859377e-06,-0.371185
2.6859877e-06,-0.372488
2.6860377e-06,-0.372544
2.6860877e-06,-0.373293
2.6861377e-06,-0.375318
2.6861877e-06,-0.37862
2.6862377e-06,-0.382559
2.6862877e-06,-0.385195
2.6863377e-06,-0.385028
2.6863877e-06,-0.38353
2.6864377e-06,-0.383697
2.6864877e-06,-0.385805
2.6865377e-06,-0.387581
2.6865877e-06,-0.388829
2.6866377e-06,-0.392713
2.6866877e-06,-0.400287
2.6867377e-06,-0.407168
2.6867877e-06,-0.407251
2.6868377e-06,-0.400676
2.6868877e-06,-0.395349
2.6869377e-06,-0.398983
2.6869877e-06,-0.409637
2.6870377e-06,-0.417654
2.6870877e-06,-0.416767
2.6871377e-06,-0.410413
2.6871877e-06,-0.40578
2.6872377e-06,-0.406113
2.6872877e-06,-0.411052
2.6873377e-06,-0.41943
2.6873877e-06,-0.427753
2.6874377e-06,-0.430694
2.6874877e-06,-0.427115
2.6875377e-06,-0.423897
2.6875877e-06,-0.427947
2.6876377e-06,-0.435993
2.6876877e-06,-0.438295
2.6877377e-06,-0.431859
2.6877877e-06,-0.424202
2.6878377e-06,-0.421844
2.6878877e-06,-0.422121
2.6879377e-06,-0.420568
2.6879877e-06,-0.420568
2.6880377e-06,-0.428225
2.6880877e-06,-0.439516
2.6881377e-06,-0.441625
2.6881877e-06,-0.429667
2.6882377e-06,-0.415518
2.6882877e-06,-0.41463
2.6883377e-06,-0.427392
2.6883877e-06,-0.440404
2.6884377e-06,-0.444427
2.6884877e-06,-0.443123
2.6885377e-06,-0.44304
2.6885877e-06,-0.443095
2.6886377e-06,-0.439932
2.6886877e-06,-0.437519
2.6887377e-06,-0.442734
2.6887877e-06,-0.452555
2.6888377e-06,-0.455385
2.6888877e-06,-0.447367
2.6889377e-06,-0.439599
2.6889877e-06,-0.444011
2.6890377e-06,-0.4573
2.6890877e-06,-0.465567
2.6891377e-06,-0.461322
2.6891877e-06,-0.45053
2.6892377e-06,-0.443067
2.6892877e-06,-0.443317
2.6893377e-06,-0.450613
2.6893877e-06,-0.462099
2.6894377e-06,-0.471643
2.6894877e-06,-0.471726
2.6895377e-06,-0.462238
2.6895877e-06,-0.454858
2.6896377e-06,-0.461045
2.6896877e-06,-0.476609
2.6897377e-06,-0.485875
2.6897877e-06,-0.481797
2.6898377e-06,-0.474334
2.6898877e-06,-0.475749
2.6899377e-06,-0.484238
2.6899877e-06,-0.48754
2.6900377e-06,-0.479439
2.6900877e-06,-0.467259
2.6901377e-06,-0.463181
2.6901877e-06,-0.470922
2.6902377e-06,-0.482601
2.6902877e-06,-0.486624
2.6903377e-06,-0.47955
2.6903877e-06,-0.470589
2.6904377e-06,-0.471948
2.6904877e-06,-0.484266
2.6905377e-06,-0.494476
2.6905877e-06,-0.491008
2.6906377e-06,-0.478273
2.6906877e-06,-0.47242
2.6907377e-06,-0.481741
2.6907877e-06,-0.496168
2.6908377e-06,-0.500024
2.6908877e-06,-0.492062
2.6909377e-06,-0.485098
2.6909877e-06,-0.487262
2.6910377e-06,-0.492728
2.6910877e-06,-0.494531
2.6911377e-06,-0.496001
2.6911877e-06,-0.502826
2.6912377e-06,-0.510317
2.6912877e-06,-0.509318
2.6913377e-06,-0.501356
2.6913877e-06,-0.498082
2.6914377e-06,-0.503881
2.6914877e-06,-0.509263
2.6915377e-06,-0.505573
2.6915877e-06,-0.497722
2.6916377e-06,-0.496168
2.6916877e-06,-0.50302
2.6917377e-06,-0.512148
2.6917877e-06,-0.518862
2.6918377e-06,-0.523023
2.6918877e-06,-0.52466
2.6919377e-06,-0.52183
2.6919877e-06,-0.514562
2.6920377e-06,-0.508458
2.6920877e-06,-0.510622
2.6921377e-06,-0.52036
2.6921877e-06,-0.527767
2.6922377e-06,-0.525548
2.6922877e-06,-0.518862
2.6923377e-06,-0.518141
2.6923877e-06,-0.524521
2.6924377e-06,-0.528822
2.6924877e-06,-0.525576
2.6925377e-06,-0.521248
2.6925877e-06,-0.525021
2.6926377e-06,-0.535896
2.6926877e-06,-0.543442
2.6927377e-06,-0.541195
2.6927877e-06,-0.533788
2.6928377e-06,-0.530209
2.6928877e-06,-0.533122
2.6929377e-06,-0.537061
2.6929877e-06,-0.535647
2.6930377e-06,-0.528211
2.6930877e-06,-0.519694
2.6931377e-06,-0.516615
2.6931877e-06,-0.522496
2.6932377e-06,-0.534814
2.6932877e-06,-0.545162
2.6933377e-06,-0.546217
2.6933877e-06,-0.539891
2.6934377e-06,-0.536534
2.6934877e-06,-0.543664
2.6935377e-06,-0.556759
2.6935877e-06,-0.563556
2.6936377e-06,-0.558535
2.6936877e-06,-0.550961
2.6937377e-06,-0.554179
2.6937877e-06,-0.56794
2.6938377e-06,-0.576401
2.6938877e-06,-0.568134
2.6939377e-06,-0.552154
2.6939877e-06,-0.546799
2.6940377e-06,-0.555788
2.6940877e-06,-0.564916
2.6941377e-06,-0.562779
2.6941877e-06,-0.554456
2.6942377e-06,-0.551571
2.6942877e-06,-0.556509
2.6943377e-06,-0.562835
2.6943877e-06,-0.566636
2.6944377e-06,-0.569493
2.6944877e-06,-0.571408
2.6945377e-06,-0.568633
2.6945877e-06,-0.561808
2.6946377e-06,-0.559395
2.6946877e-06,-0.566691
2.6947377e-06,-0.576623
2.6947877e-06,-0.578316
2.6948377e-06,-0.572573
2.6948877e-06,-0.569909
2.6949377e-06,-0.574154
2.6949877e-06,-0.577345
2.6950377e-06,-0.573239
2.6950877e-06,-0.566913
2.6951377e-06,-0.566497
2.6951877e-06,-0.57224
2.6952377e-06,-0.578621
2.6952877e-06,-0.581617
2.6953377e-06,-0.580591
2.6953877e-06,-0.57715
2.6954377e-06,-0.576096
2.6954877e-06,-0.582782
2.6955377e-06,-0.595433
2.6955877e-06,-0.603562
2.6956377e-06,-0.59929
2.6956877e-06,-0.587859
2.6957377e-06,-0.58195
2.6957877e-06,-0.586278
2.6958377e-06,-0.592603
2.6958877e-06,-0.591355
2.6959377e-06,-0.583531
2.6959877e-06,-0.578288
2.6960377e-06,-0.580924
2.6960877e-06,-0.587526
2.6961377e-06,-0.591854
2.6961877e-06,-0.592659
2.6962377e-06,-0.592603
2.6962877e-06,-0.59302
2.6963377e-06,-0.592825
2.6963877e-06,-0.590717
2.6964377e-06,-0.587055
2.6964877e-06,-0.584502
2.6965377e-06,-0.586084
2.6965877e-06,-0.590994
2.6966377e-06,-0.594573
2.6966877e-06,-0.594656
2.6967377e-06,-0.594795
2.6967877e-06,-0.598208
2.6968377e-06,-0.602314
2.6968877e-06,-0.602508
2.6969377e-06,-0.59929
2.6969877e-06,-0.597514
2.6970377e-06,-0.600455
2.6970877e-06,-0.607002
2.6971377e-06,-0.613217
2.6971877e-06,-0.615159
2.6972377e-06,-0.61183
2.6972877e-06,-0.606364
2.6973377e-06,-0.603146
2.6973877e-06,-0.603617
2.6974377e-06,-0.606281
2.6974877e-06,-0.609832
2.6975377e-06,-0.613938
2.6975877e-06,-0.618377
2.6976377e-06,-0.622871
2.6976877e-06,-0.627393
2.6977377e-06,-0.630223
2.6977877e-06,-0.627532
2.6978377e-06,-0.617989
2.6978877e-06,-0.607918
2.6979377e-06,-0.606447
2.6979877e-06,-0.614382
2.6980377e-06,-0.62215
2.6980877e-06,-0.623482
2.6981377e-06,-0.624952
2.6981877e-06,-0.634329
2.6982377e-06,-0.64379
2.6982877e-06,-0.637159
2.6983377e-06,-0.614632
2.6983877e-06,-0.598152
2.6984377e-06,-0.604921
2.6984877e-06,-0.625035
2.6985377e-06,-0.63469
2.6985877e-06,-0.625979
2.6986377e-06,-0.614049
2.6986877e-06,-0.615547
2.6987377e-06,-0.629058
2.6987877e-06,-0.640433
2.6988377e-06,-0.64243
2.6988877e-06,-0.641015
2.6989377e-06,-0.642597
2.6989877e-06,-0.643374
2.6990377e-06,-0.638519
2.6990877e-06,-0.633636
2.6991377e-06,-0.637242
2.6991877e-06,-0.645343
2.6992377e-06,-0.646148
2.6992877e-06,-0.638907
2.6993377e-06,-0.635578
2.6993877e-06,-0.642125
2.6994377e-06,-0.649477
2.6994877e-06,-0.647646
2.6995377e-06,-0.640128
2.6995877e-06,-0.637437
2.6996377e-06,-0.642514
2.6996877e-06,-0.649366
2.6997377e-06,-0.653028
2.6997877e-06,-0.653972
2.6998377e-06,-0.653611
2.6998877e-06,-0.650615
2.6999377e-06,-0.643845
2.6999877e-06,-0.63616
2.7000377e-06,-0.632887
2.7000877e-06,-0.636105
2.7001377e-06,-0.641543
2.7001877e-06,-0.643623
2.7002377e-06,-0.642042
2.7002877e-06,-0.641487
2.7003377e-06,-0.644733
2.7003877e-06,-0.649505
2.7004377e-06,-0.652557
2.7004877e-06,-0.653861
2.7005377e-06,-0.65436
2.7005877e-06,-0.652113
2.7006377e-06,-0.645538
2.7006877e-06,-0.639406
2.7007377e-06,-0.641459
2.7007877e-06,-0.652002
2.7008377e-06,-0.6621
2.7008877e-06,-0.664431
2.7009377e-06,-0.661518
2.7009877e-06,-0.659853
2.7010377e-06,-0.660685
2.7010877e-06,-0.661018
2.7011377e-06,-0.660297
2.7011877e-06,-0.660935
2.7012377e-06,-0.664209
2.7012877e-06,-0.66887
2.7013377e-06,-0.672865
2.7013877e-06,-0.673697
2.7014377e-06,-0.669286
2.7014877e-06,-0.661268
2.7015377e-06,-0.656413
2.7015877e-06,-0.660547
2.7016377e-06,-0.670645
2.7016877e-06,-0.676555
2.7017377e-06,-0.672393
2.7017877e-06,-0.662822
2.7018377e-06,-0.656801
2.7018877e-06,-0.658299
2.7019377e-06,-0.663987
2.7019877e-06,-0.668481
2.7020377e-06,-0.669646
2.7020877e-06,-0.669813
2.7021377e-06,-0.672171
2.7021877e-06,-0.676665
2.7022377e-06,-0.680383
2.7022877e-06,-0.681937
2.7023377e-06,-0.682908
2.7023877e-06,-0.685016
2.7024377e-06,-0.687596
2.7024877e-06,-0.688762
2.7025377e-06,-0.688401
2.7025877e-06,-0.689261
2.7026377e-06,-0.693395
2.7026877e-06,-0.698028
2.7027377e-06,-0.696974
2.7027877e-06,-0.688151
2.7028377e-06,-0.678302
2.7028877e-06,-0.675889
2.7029377e-06,-0.680938
2.7029877e-06,-0.686043
2.7030377e-06,-0.68657
2.7030877e-06,-0.685405
2.7031377e-06,-0.685848
2.7031877e-06,-0.685432
2.7032377e-06,-0.680855
2.7032877e-06,-0.675778
2.7033377e-06,-0.676943
2.7033877e-06,-0.682214
2.7034377e-06,-0.68116
2.7034877e-06,-0.671866
2.7035377e-06,-0.667399
2.7035877e-06,-0.677331
2.7036377e-06,-0.691369
2.7036877e-06,-0.692784
2.7037377e-06,-0.682159
2.7037877e-06,-0.674502
2.7038377e-06,-0.676638
2.7038877e-06,-0.682159
2.7039377e-06,-0.685599
2.7039877e-06,-0.688956
2.7040377e-06,-0.693533
2.7040877e-06,-0.696752
2.7041377e-06,-0.697251
2.7041877e-06,-0.695864
2.7042377e-06,-0.692257
2.7042877e-06,-0.687347
2.7043377e-06,-0.686792
2.7043877e-06,-0.694948
2.7044377e-06,-0.706573
2.7044877e-06,-0.710485
2.7045377e-06,-0.702689
2.7045877e-06,-0.69198
2.7046377e-06,-0.689788
2.7046877e-06,-0.696585
2.7047377e-06,-0.702716
2.7047877e-06,-0.702023
2.7048377e-06,-0.699221
2.7048877e-06,-0.701191
2.7049377e-06,-0.706434
2.7049877e-06,-0.708321
2.7050377e-06,-0.705574
2.7050877e-06,-0.703327
2.7051377e-06,-0.704686
2.7051877e-06,-0.7071
2.7052377e-06,-0.707904
2.7052877e-06,-0.708348
2.7053377e-06,-0.709791
2.7053877e-06,-0.710318
2.7054377e-06,-0.708265
2.7054877e-06,-0.70624
2.7055377e-06,-0.707183
2.7055877e-06,-0.708182
2.7056377e-06,-0.703604
2.7056877e-06,-0.694726
2.7057377e-06,-0.690898
2.7057877e-06,-0.698194
2.7058377e-06,-0.710512
2.7058877e-06,-0.716005
2.7059377e-06,-0.710817
2.7059877e-06,-0.703077
2.7060377e-06,-0.702911
2.7060877e-06,-0.711566
2.7061377e-06,-0.721249
2.7061877e-06,-0.723468
2.7062377e-06,-0.717226
2.7062877e-06,-0.709597
2.7063377e-06,-0.707877
2.7063877e-06,-0.711899
2.7064377e-06,-0.716338
2.7064877e-06,-0.718586
2.7065377e-06,-0.720056
2.7065877e-06,-0.720195
2.7066377e-06,-0.716976
2.7066877e-06,-0.713564
2.7067377e-06,-0.71656
2.7067877e-06,-0.725188
2.7068377e-06,-0.729711
2.7068877e-06,-0.72419
2.7069377e-06,-0.715229
2.7069877e-06,-0.713065
2.7070377e-06,-0.71828
2.7070877e-06,-0.721831
2.7071377e-06,-0.717698
2.7071877e-06,-0.710568
2.7072377e-06,-0.70857
2.7072877e-06,-0.71312
2.7073377e-06,-0.719279
2.7073877e-06,-0.723607
2.7074377e-06,-0.726742
2.7074877e-06,-0.729183
2.7075377e-06,-0.728767
2.7075877e-06,-0.724606
2.7076377e-06,-0.720056
2.7076877e-06,-0.719806
2.7077377e-06,-0.72419
2.7077877e-06,-0.728906
2.7078377e-06,-0.730265
2.7078877e-06,-0.728684
2.7079377e-06,-0.726714
2.7079877e-06,-0.725244
2.7080377e-06,-0.724134
2.7080877e-06,-0.723857
2.7081377e-06,-0.724273
2.7081877e-06,-0.722719
2.7082377e-06,-0.717171
2.7082877e-06,-0.711317
2.7083377e-06,-0.712343
2.7083877e-06,-0.721915
2.7084377e-06,-0.732152
2.7084877e-06,-0.733872
2.7085377e-06,-0.727991
2.7085877e-06,-0.724606
2.7086377e-06,-0.729489
2.7086877e-06,-0.736535
2.7087377e-06,-0.736979
2.7087877e-06,-0.731847
2.7088377e-06,-0.728906
2.7088877e-06,-0.730182
2.7089377e-06,-0.730848
2.7089877e-06,-0.729933
2.7090377e-06,-0.733345
2.7090877e-06,-0.74336
2.7091377e-06,-0.752238
2.7091877e-06,-0.751683
2.7092377e-06,-0.744304
2.7092877e-06,-0.741002
2.7093377e-06,-0.746995
2.7093877e-06,-0.75529
2.7094377e-06,-0.7559
2.7094877e-06,-0.749408
2.7095377e-06,-0.745219
2.7095877e-06,-0.746911
2.7096377e-06,-0.746662
2.7096877e-06,-0.738422
2.7097377e-06,-0.729267
2.7097877e-06,-0.731153
2.7098377e-06,-0.744942
2.7098877e-06,-0.759146
2.7099377e-06,-0.763363
2.7099877e-06,-0.75848
2.7100377e-06,-0.752765
2.7100877e-06,-0.752127
2.7101377e-06,-0.755429
2.7101877e-06,-0.757315
2.7102377e-06,-0.754374
2.7102877e-06,-0.748964
2.7103377e-06,-0.746939
2.7103877e-06,-0.750934
2.7104377e-06,-0.756927
2.7104877e-06,-0.759035
2.7105377e-06,-0.756039
2.7105877e-06,-0.750906
2.7106377e-06,-0.745774
2.7106877e-06,-0.740614
2.7107377e-06,-0.737063
2.7107877e-06,-0.739254
2.7108377e-06,-0.748604
2.7108877e-06,-0.759562
2.7109377e-06,-0.763807
2.7109877e-06,-0.758536
2.7110377e-06,-0.749547
2.7110877e-06,-0.745607
2.7111377e-06,-0.749381
2.7111877e-06,-0.755401
2.7112377e-06,-0.756566
2.7112877e-06,-0.752266
2.7113377e-06,-0.747466
2.7113877e-06,-0.745718
2.7114377e-06,-0.745469
2.7114877e-06,-0.744692
2.7115377e-06,-0.745441
2.7115877e-06,-0.750185
2.7116377e-06,-0.755872
2.7116877e-06,-0.755567
2.7117377e-06,-0.747605
2.7117877e-06,-0.740225
2.7118377e-06,-0.74422
2.7118877e-06,-0.759007
2.7119377e-06,-0.770771
2.7119877e-06,-0.767913
2.7120377e-06,-0.755595
2.7120877e-06,-0.749075
2.7121377e-06,-0.753958
2.7121877e-06,-0.760728
2.7122377e-06,-0.760339
2.7122877e-06,-0.756122
2.7123377e-06,-0.756816
2.7123877e-06,-0.763641
2.7124377e-06,-0.770327
2.7124877e-06,-0.772685
2.7125377e-06,-0.772407
2.7125877e-06,-0.772518
2.7126377e-06,-0.772768
2.7126877e-06,-0.770882
2.7127377e-06,-0.766914
2.7127877e-06,-0.764168
2.7128377e-06,-0.764612
2.7128877e-06,-0.765472
2.7129377e-06,-0.762975
2.7129877e-06,-0.758647
2.7130377e-06,-0.758314
2.7130877e-06,-0.76389
2.7131377e-06,-0.770216
2.7131877e-06,-0.771991
2.7132377e-06,-0.770937
2.7132877e-06,-0.77213
2.7133377e-06,-0.775709
2.7133877e-06,-0.77729
2.7134377e-06,-0.775431
2.7134877e-06,-0.774377
2.7135377e-06,-0.777152
2.7135877e-06,-0.779648
2.7136377e-06,-0.774904
2.7136877e-06,-0.762836
2.7137377e-06,-0.752432
2.7137877e-06,-0.752516
2.7138377e-06,-0.762031
2.7138877e-06,-0.771742
2.7139377e-06,-0.774849
2.7139877e-06,-0.773018
2.7140377e-06,-0.771686
2.7140877e-06,-0.77238
2.7141377e-06,-0.772629
2.7141877e-06,-0.771964
2.7142377e-06,-0.7736
2.7142877e-06,-0.778705
2.7143377e-06,-0.782922
2.7143877e-06,-0.782617
2.7144377e-06,-0.780869
2.7144877e-06,-0.782756
2.7145377e-06,-0.786501
2.7145877e-06,-0.785918
2.7146377e-06,-0.780231
2.7146877e-06,-0.775681
2.7147377e-06,-0.776181
2.7147877e-06,-0.778899
2.7148377e-06,-0.780647
2.7148877e-06,-0.782506
2.7149377e-06,-0.78553
2.7149877e-06,-0.787805
2.7150377e-06,-0.787999
2.7150877e-06,-0.787222
2.7151377e-06,-0.786446
2.7151877e-06,-0.785696
2.7152377e-06,-0.785364
2.7152877e-06,-0.785003
2.7153377e-06,-0.782118
2.7153877e-06,-0.775737
2.7154377e-06,-0.7698
2.7154877e-06,-0.769605
2.7155377e-06,-0.775626
2.7155877e-06,-0.783671
2.7156377e-06,-0.789886
2.7156877e-06,-0.792771
2.7157377e-06,-0.791966
2.7157877e-06,-0.788193
2.7158377e-06,-0.784087
2.7158877e-06,-0.782423
2.7159377e-06,-0.783394
2.7159877e-06,-0.784614
2.7160377e-06,-0.783727
2.7160877e-06,-0.780925
2.7161377e-06,-0.778733
2.7161877e-06,-0.778788
2.7162377e-06,-0.779232
2.7162877e-06,-0.777817
2.7163377e-06,-0.776874
2.7163877e-06,-0.78123
2.7164377e-06,-0.789719
2.7164877e-06,-0.793243
2.7165377e-06,-0.785946
2.7165877e-06,-0.774377
2.7166377e-06,-0.770299
2.7166877e-06,-0.775903
2.7167377e-06,-0.782478
2.7167877e-06,-0.783144
2.7168377e-06,-0.780314
2.7168877e-06,-0.779205
2.7169377e-06,-0.780675
2.7169877e-06,-0.783061
2.7170377e-06,-0.786584
2.7170877e-06,-0.79119
2.7171377e-06,-0.793298
2.7171877e-06,-0.789886
2.7172377e-06,-0.785114
2.7172877e-06,-0.786862
2.7173377e-06,-0.795296
2.7173877e-06,-0.801122
2.7174377e-06,-0.798375
2.7174877e-06,-0.793187
2.7175377e-06,-0.793908
2.7175877e-06,-0.798292
2.7176377e-06,-0.79746
2.7176877e-06,-0.790441
2.7177377e-06,-0.786113
2.7177877e-06,-0.789664
2.7178377e-06,-0.794879
2.7178877e-06,-0.793631
2.7179377e-06,-0.787916
2.7179877e-06,-0.785364
2.7180377e-06,-0.786834
2.7180877e-06,-0.787084
2.7181377e-06,-0.785613
2.7181877e-06,-0.787222
2.7182377e-06,-0.791717
2.7182877e-06,-0.792854
2.7183377e-06,-0.78872
2.7183877e-06,-0.78553
2.7184377e-06,-0.787694
2.7184877e-06,-0.791134
2.7185377e-06,-0.790801
2.7185877e-06,-0.788693
2.7186377e-06,-0.78947
2.7186877e-06,-0.792632
2.7187377e-06,-0.794658
2.7187877e-06,-0.795767
2.7188377e-06,-0.798292
2.7188877e-06,-0.801149
2.7189377e-06,-0.801427
2.7189877e-06,-0.799929
2.7190377e-06,-0.799818
2.7190877e-06,-0.801149
2.7191377e-06,-0.802204
2.7191877e-06,-0.804007
2.7192377e-06,-0.807586
2.7192877e-06,-0.808363
2.7193377e-06,-0.8009
2.7193877e-06,-0.789414
2.7194377e-06,-0.785447
2.7194877e-06,-0.79241
2.7195377e-06,-0.799485
2.7195877e-06,-0.796294
2.7196377e-06,-0.788027
2.7196877e-06,-0.788277
2.7197377e-06,-0.799318
2.7197877e-06,-0.808501
2.7198377e-06,-0.806587
2.7198877e-06,-0.801066
2.7199377e-06,-0.803452
2.7199877e-06,-0.810471
2.7200377e-06,-0.809167
2.7200877e-06,-0.798347
2.7201377e-06,-0.791356
2.7201877e-06,-0.79635
2.7202377e-06,-0.805866
2.7202877e-06,-0.809778
2.7203377e-06,-0.807891
2.7203877e-06,-0.805283
2.7204377e-06,-0.804368
2.7204877e-06,-0.805477
2.7205377e-06,-0.809223
2.7205877e-06,-0.813717
2.7206377e-06,-0.815215
2.7206877e-06,-0.81319
2.7207377e-06,-0.810443
2.7207877e-06,-0.807475
2.7208377e-06,-0.802759
2.7208877e-06,-0.79918
2.7209377e-06,-0.803036
2.7209877e-06,-0.813662
2.7210377e-06,-0.819876
2.7210877e-06,-0.81233
2.7211377e-06,-0.796378
2.7211877e-06,-0.787805
2.7212377e-06,-0.794796
2.7212877e-06,-0.807641
2.7213377e-06,-0.809667
2.7213877e-06,-0.797182
2.7214377e-06,-0.784393
2.7214877e-06,-0.786418
2.7215377e-06,-0.802065
2.7215877e-06,-0.816797
2.7216377e-06,-0.819821
2.7216877e-06,-0.813273
2.7217377e-06,-0.805616
2.7217877e-06,-0.801704
2.7218377e-06,-0.80065
2.7218877e-06,-0.800317
2.7219377e-06,-0.801149
2.7219877e-06,-0.805339
2.7220377e-06,-0.812885
2.7220877e-06,-0.819932
2.7221377e-06,-0.821679
2.7221877e-06,-0.817851
2.7222377e-06,-0.813578
2.7222877e-06,-0.813578
2.7223377e-06,-0.816297
2.7223877e-06,-0.816214
2.7224377e-06,-0.811276
2.7224877e-06,-0.80495
2.7225377e-06,-0.801344
2.7225877e-06,-0.801205
2.7226377e-06,-0.80262
2.7226877e-06,-0.803702
2.7227377e-06,-0.804534
2.7227877e-06,-0.806448
2.7228377e-06,-0.80975
2.7228877e-06,-0.81258
2.7229377e-06,-0.812635
2.7229877e-06,-0.810249
2.7230377e-06,-0.809167
2.7230877e-06,-0.81344
2.7231377e-06,-0.821957
2.7231877e-06,-0.827866
2.7232377e-06,-0.825453
2.7232877e-06,-0.816852
2.7233377e-06,-0.809694
2.7233877e-06,-0.808945
2.7234377e-06,-0.813051
2.7234877e-06,-0.81713
2.7235377e-06,-0.81835
2.7235877e-06,-0.817851
2.7236377e-06,-0.818239
2.7236877e-06,-0.820154
2.7237377e-06,-0.822318
2.7237877e-06,-0.823705
2.7238377e-06,-0.823871
2.7238877e-06,-0.821818
2.7239377e-06,-0.817546
2.7239877e-06,-0.814633
2.7240377e-06,-0.817462
2.7240877e-06,-0.824648
2.7241377e-06,-0.828393
2.7241877e-06,-0.823705
2.7242377e-06,-0.816381
2.7242877e-06,-0.816741
2.7243377e-06,-0.825924
2.7243877e-06,-0.833304
2.7244377e-06,-0.830169
2.7244877e-06,-0.820431
2.7245377e-06,-0.814799
2.7245877e-06,-0.817268
2.7246377e-06,-0.82265
2.7246877e-06,-0.824731
2.7247377e-06,-0.82229
2.7247877e-06,-0.81749
2.7248377e-06,-0.813051
2.7248877e-06,-0.81122
2.7249377e-06,-0.81294
2.7249877e-06,-0.816741
2.7250377e-06,-0.819432
2.7250877e-06,-0.819321
2.7251377e-06,-0.818295
2.7251877e-06,-0.820487
2.7252377e-06,-0.826784
2.7252877e-06,-0.831639
2.7253377e-06,-0.828393
2.7253877e-06,-0.818544
2.7254377e-06,-0.812053
2.7254877e-06,-0.816131
2.7255377e-06,-0.826063
2.7255877e-06,-0.830946
2.7256377e-06,-0.82659
2.7256877e-06,-0.819155
2.7257377e-06,-0.816159
2.7257877e-06,-0.818517
2.7258377e-06,-0.821596
2.7258877e-06,-0.820986
2.7259377e-06,-0.816242
2.7259877e-06,-0.810721
2.7260377e-06,-0.807475
2.7260877e-06,-0.805727
2.7261377e-06,-0.803008
2.7261877e-06,-0.800706
2.7262377e-06,-0.803979
2.7262877e-06,-0.814272
2.7263377e-06,-0.825258
2.7263877e-06,-0.829309
2.7264377e-06,-0.826396
2.7264877e-06,-0.822928
2.7265377e-06,-0.823649
2.7265877e-06,-0.826701
2.7266377e-06,-0.827284
2.7266877e-06,-0.823816
2.7267377e-06,-0.8186
2.7267877e-06,-0.814272
2.7268377e-06,-0.81208
2.7268877e-06,-0.812663
2.7269377e-06,-0.814993
2.7269877e-06,-0.815382
2.7270377e-06,-0.812774
2.7270877e-06,-0.813051
2.7271377e-06,-0.821291
2.7271877e-06,-0.830724
2.7272377e-06,-0.828504
2.7272877e-06,-0.814189
2.7273377e-06,-0.803424
2.7273877e-06,-0.808779
2.7274377e-06,-0.824204
2.7274877e-06,-0.834219
2.7275377e-06,-0.833082
2.7275877e-06,-0.828199
2.7276377e-06,-0.827672
2.7276877e-06,-0.831639
2.7277377e-06,-0.835579
2.7277877e-06,-0.836272
2.7278377e-06,-0.832832
2.7278877e-06,-0.82659
2.7279377e-06,-0.821402
2.7279877e-06,-0.82093
2.7280377e-06,-0.824731
2.7280877e-06,-0.828699
2.7281377e-06,-0.830086
2.7281877e-06,-0.829281
2.7282377e-06,-0.828282
2.7282877e-06,-0.829392
2.7283377e-06,-0.835385
2.7283877e-06,-0.845983
2.7284377e-06,-0.854417
2.7284877e-06,-0.852447
2.7285377e-06,-0.841017
2.7285877e-06,-0.831251
2.7286377e-06,-0.832472
2.7286877e-06,-0.842043
2.7287377e-06,-0.849645
2.7287877e-06,-0.848979
2.7288377e-06,-0.842959
2.7288877e-06,-0.838076
2.7289377e-06,-0.835745
2.7289877e-06,-0.832388
2.7290377e-06,-0.82806
2.7290877e-06,-0.829087
2.7291377e-06,-0.837826
2.7291877e-06,-0.845261
2.7292377e-06,-0.841821
2.7292877e-06,-0.831861
2.7293377e-06,-0.828338
2.7293877e-06,-0.83397
2.7294377e-06,-0.837826
2.7294877e-06,-0.833054
2.7295377e-06,-0.828171
2.7295877e-06,-0.834497
2.7296377e-06,-0.847952
2.7296877e-06,-0.853085
2.7297377e-06,-0.843291
2.7297877e-06,-0.829115
2.7298377e-06,-0.824703
2.7298877e-06,-0.831612
2.7299377e-06,-0.838797
2.7299877e-06,-0.836661
2.7300377e-06,-0.827866
2.7300877e-06,-0.823427
2.7301377e-06,-0.828699
2.7301877e-06,-0.836994
2.7302377e-06,-0.839047
2.7302877e-06,-0.835357
2.7303377e-06,-0.833359
2.7303877e-06,-0.834885
2.7304377e-06,-0.83483
2.7304877e-06,-0.832333
2.7305377e-06,-0.83311
2.7305877e-06,-0.837771
2.7306377e-06,-0.838547
2.7306877e-06,-0.832805
2.7307377e-06,-0.829198
2.7307877e-06,-0.83347
2.7308377e-06,-0.837687
2.7308877e-06,-0.832194
2.7309377e-06,-0.821846
2.7309877e-06,-0.819737
2.7310377e-06,-0.82806
2.7310877e-06,-0.834913
2.7311377e-06,-0.830779
2.7311877e-06,-0.820736
2.7312377e-06,-0.817684
2.7312877e-06,-0.826646
2.7313377e-06,-0.83888
2.7313877e-06,-0.841627
2.7314377e-06,-0.832166
2.7314877e-06,-0.820903
2.7315377e-06,-0.819737
2.7315877e-06,-0.828782
2.7316377e-06,-0.836966
2.7316877e-06,-0.835829
2.7317377e-06,-0.828782
2.7317877e-06,-0.824731
2.7318377e-06,-0.825674
2.7318877e-06,-0.826618
2.7319377e-06,-0.826673
2.7319877e-06,-0.831168
2.7320377e-06,-0.840961
2.7320877e-06,-0.847869
2.7321377e-06,-0.844762
2.7321877e-06,-0.834885
2.7322377e-06,-0.826978
2.7322877e-06,-0.825674
2.7323377e-06,-0.829309
2.7323877e-06,-0.833914
2.7324377e-06,-0.836217
2.7324877e-06,-0.835301
2.7325377e-06,-0.833581
2.7325877e-06,-0.834025
2.7326377e-06,-0.835496
2.7326877e-06,-0.833359
2.7327377e-06,-0.826535
2.7327877e-06,-0.820431
2.7328377e-06,-0.820459
2.7328877e-06,-0.825369
2.7329377e-06,-0.829586
2.7329877e-06,-0.829975
2.7330377e-06,-0.828255
2.7330877e-06,-0.82856
2.7331377e-06,-0.833165
2.7331877e-06,-0.83913
2.7332377e-06,-0.840267
2.7332877e-06,-0.834747
2.7333377e-06,-0.827727
2.7333877e-06,-0.824426
2.7334377e-06,-0.824731
2.7334877e-06,-0.82745
2.7335377e-06,-0.83372
2.7335877e-06,-0.84232
2.7336377e-06,-0.84773
2.7336877e-06,-0.847453
2.7337377e-06,-0.845123
2.7337877e-06,-0.842653
2.7338377e-06,-0.836716
2.7338877e-06,-0.826867
2.7339377e-06,-0.821374
2.7339877e-06,-0.828033
2.7340377e-06,-0.842709
2.7340877e-06,-0.852752
2.7341377e-06,-0.851614
2.7341877e-06,-0.844928
2.7342377e-06,-0.841738
2.7342877e-06,-0.842848
2.7343377e-06,-0.841849
2.7343877e-06,-0.836189
2.7344377e-06,-0.831972
2.7344877e-06,-0.835634
2.7345377e-06,-0.844179
2.7345877e-06,-0.847508
2.7346377e-06,-0.840434
2.7346877e-06,-0.829503
2.7347377e-06,-0.826007
2.7347877e-06,-0.832832
2.7348377e-06,-0.84196
2.7348877e-06,-0.844734
2.7349377e-06,-0.841488
2.7349877e-06,-0.83827
2.7350377e-06,-0.838131
2.7350877e-06,-0.838825
2.7351377e-06,-0.837854
2.7351877e-06,-0.836134
2.7352377e-06,-0.836272
2.7352877e-06,-0.838964
2.7353377e-06,-0.842154
2.7353877e-06,-0.843458
2.7354377e-06,-0.842487
2.7354877e-06,-0.840267
2.7355377e-06,-0.837299
2.7355877e-06,-0.833748
2.7356377e-06,-0.830918
2.7356877e-06,-0.83089
2.7357377e-06,-0.83372
2.7357877e-06,-0.836689
2.7358377e-06,-0.837882
2.7358877e-06,-0.83888
2.7359377e-06,-0.84232
2.7359877e-06,-0.847148
2.7360377e-06,-0.848285
2.7360877e-06,-0.843042
2.7361377e-06,-0.835967
2.7361877e-06,-0.834663
2.7362377e-06,-0.840795
2.7362877e-06,-0.847925
2.7363377e-06,-0.848424
2.7363877e-06,-0.8406
2.7364377e-06,-0.829975
2.7364877e-06,-0.825397
2.7365377e-06,-0.831806
2.7365877e-06,-0.844207
2.7366377e-06,-0.851226
2.7366877e-06,-0.847592
2.7367377e-06,-0.841072
2.7367877e-06,-0.842515
2.7368377e-06,-0.852058
2.7368877e-06,-0.860021
2.7369377e-06,-0.860021
2.7369877e-06,-0.854333
2.7370377e-06,-0.847675
2.7370877e-06,-0.842376
2.7371377e-06,-0.840517
2.7371877e-06,-0.843541
2.7372377e-06,-0.848091
2.7372877e-06,-0.847592
2.7373377e-06,-0.840378
2.7373877e-06,-0.832805
2.7374377e-06,-0.832721
2.7374877e-06,-0.840822
2.7375377e-06,-0.849589
2.7375877e-06,-0.850033
2.7376377e-06,-0.840989
2.7376877e-06,-0.831362
2.7377377e-06,-0.830058
2.7377877e-06,-0.834747
2.7378377e-06,-0.835829
2.7378877e-06,-0.832139
2.7379377e-06,-0.833637
2.7379877e-06,-0.84393
2.7380377e-06,-0.851254
2.7380877e-06,-0.845233
2.7381377e-06,-0.833665
2.7381877e-06,-0.830973
2.7382377e-06,-0.836994
2.7382877e-06,-0.839657
2.7383377e-06,-0.834691
2.7383877e-06,-0.82967
2.7384377e-06,-0.830557
2.7384877e-06,-0.834164
2.7385377e-06,-0.83569
2.7385877e-06,-0.835357
2.7386377e-06,-0.835718
2.7386877e-06,-0.837438
2.7387377e-06,-0.83974
2.7387877e-06,-0.842293
2.7388377e-06,-0.844013
2.7388877e-06,-0.842959
2.7389377e-06,-0.839241
2.7389877e-06,-0.837188
2.7390377e-06,-0.8406
2.7390877e-06,-0.847065
2.7391377e-06,-0.850144
2.7391877e-06,-0.847592
2.7392377e-06,-0.844179
2.7392877e-06,-0.844679
2.7393377e-06,-0.847314
2.7393877e-06,-0.846426
2.7394377e-06,-0.840878
2.7394877e-06,-0.836328
2.7395377e-06,-0.837854
2.7395877e-06,-0.843652
2.7396377e-06,-0.848646
2.7396877e-06,-0.851753
2.7397377e-06,-0.854694
2.7397877e-06,-0.855887
2.7398377e-06,-0.851698
2.7398877e-06,-0.843846
2.7399377e-06,-0.839269
2.7399877e-06,-0.841349
2.7400377e-06,-0.845733
2.7400877e-06,-0.845844
2.7401377e-06,-0.839629
2.7401877e-06,-0.831473
2.7402377e-06,-0.828477
2.7402877e-06,-0.833304
2.7403377e-06,-0.840517
2.7403877e-06,-0.842154
2.7404377e-06,-0.837465
2.7404877e-06,-0.834303
2.7405377e-06,-0.839241
2.7405877e-06,-0.849062
2.7406377e-06,-0.853973
2.7406877e-06,-0.849118
2.7407377e-06,-0.839657
2.7407877e-06,-0.834996
2.7408377e-06,-0.839324
2.7408877e-06,-0.848036
2.7409377e-06,-0.852502
2.7409877e-06,-0.849062
2.7410377e-06,-0.843319
2.7410877e-06,-0.843208
2.7411377e-06,-0.848313
2.7411877e-06,-0.8502
2.7412377e-06,-0.844679
2.7412877e-06,-0.838409
2.7413377e-06,-0.839407
2.7413877e-06,-0.844623
2.7414377e-06,-0.843597
2.7414877e-06,-0.834247
2.7415377e-06,-0.828199
2.7415877e-06,-0.835745
2.7416377e-06,-0.851531
2.7416877e-06,-0.860936
2.7417377e-06,-0.857274
2.7417877e-06,-0.847176
2.7418377e-06,-0.840045
2.7418877e-06,-0.838964
2.7419377e-06,-0.84171
2.7419877e-06,-0.84515
2.7420377e-06,-0.847259
2.7420877e-06,-0.847425
2.7421377e-06,-0.846343
2.7421877e-06,-0.845455
2.7422377e-06,-0.845983
2.7422877e-06,-0.848368
2.7423377e-06,-0.851004
2.7423877e-06,-0.850643
2.7424377e-06,-0.846038
2.7424877e-06,-0.841072
2.7425377e-06,-0.841627
2.7425877e-06,-0.847897
2.7426377e-06,-0.853445
2.7426877e-06,-0.853695
2.7427377e-06,-0.852336
2.7427877e-06,-0.854278
2.7428377e-06,-0.856275
2.7428877e-06,-0.851503
2.7429377e-06,-0.842098
2.7429877e-06,-0.83802
2.7430377e-06,-0.842098
2.7430877e-06,-0.84626
2.7431377e-06,-0.845233
2.7431877e-06,-0.844179
2.7432377e-06,-0.848091
2.7432877e-06,-0.851809
2.7433377e-06,-0.847786
2.7433877e-06,-0.838298
2.7434377e-06,-0.833026
2.7434877e-06,-0.83741
2.7435377e-06,-0.847869
2.7435877e-06,-0.856719
2.7436377e-06,-0.858106
2.7436877e-06,-0.851836
2.7437377e-06,-0.844262
2.7437877e-06,-0.843125
2.7438377e-06,-0.848979
2.7438877e-06,-0.854333
2.7439377e-06,-0.852863
2.7439877e-06,-0.846732
2.7440377e-06,-0.84257
2.7440877e-06,-0.843874
2.7441377e-06,-0.848507
2.7441877e-06,-0.852086
2.7442377e-06,-0.851781
2.7442877e-06,-0.84798
2.7443377e-06,-0.843819
2.7443877e-06,-0.842459
2.7444377e-06,-0.843819
2.7444877e-06,-0.844568
2.7445377e-06,-0.841766
2.7445877e-06,-0.837132
2.7446377e-06,-0.835412
2.7446877e-06,-0.838464
2.7447377e-06,-0.842626
2.7447877e-06,-0.843652
2.7448377e-06,-0.842598
2.7448877e-06,-0.843486
2.7449377e-06,-0.846621
2.7449877e-06,-0.847841
2.7450377e-06,-0.845511
2.7450877e-06,-0.843319
2.7451377e-06,-0.844235
2.7451877e-06,-0.844873
2.7452377e-06,-0.8411
2.7452877e-06,-0.836356
2.7453377e-06,-0.838964
2.7453877e-06,-0.850144
2.7454377e-06,-0.859937
2.7454877e-06,-0.858051
2.7455377e-06,-0.846648
2.7455877e-06,-0.839047
2.7456377e-06,-0.844679
2.7456877e-06,-0.857052
2.7457377e-06,-0.860326
2.7457877e-06,-0.848424
2.7458377e-06,-0.833248
2.7458877e-06,-0.830807
2.7459377e-06,-0.843264
2.7459877e-06,-0.858301
2.7460377e-06,-0.863794
2.7460877e-06,-0.857995
2.7461377e-06,-0.847092
2.7461877e-06,-0.839657
2.7462377e-06,-0.842071
2.7462877e-06,-0.853029
2.7463377e-06,-0.862018
2.7463877e-06,-0.859688
2.7464377e-06,-0.850421
2.7464877e-06,-0.848008
2.7465377e-06,-0.857219
2.7465877e-06,-0.867123
2.7466377e-06,-0.866845
2.7466877e-06,-0.860048
2.7467377e-06,-0.856525
2.7467877e-06,-0.856359
2.7468377e-06,-0.852752
2.7468877e-06,-0.847481
2.7469377e-06,-0.850227
2.7469877e-06,-0.861879
2.7470377e-06,-0.869509
2.7470877e-06,-0.863655
2.7471377e-06,-0.85106
2.7471877e-06,-0.84429
2.7472377e-06,-0.844734
2.7472877e-06,-0.844013
2.7473377e-06,-0.83802
2.7473877e-06,-0.831556
2.7474377e-06,-0.83053
2.7474877e-06,-0.835163
2.7475377e-06,-0.840989
2.7475877e-06,-0.842737
2.7476377e-06,-0.83852
2.7476877e-06,-0.832888
2.7477377e-06,-0.833443
2.7477877e-06,-0.841682
2.7478377e-06,-0.849645
2.7478877e-06,-0.848951
2.7479377e-06,-0.840878
2.7479877e-06,-0.834136
2.7480377e-06,-0.834747
2.7480877e-06,-0.841627
2.7481377e-06,-0.84945
2.7481877e-06,-0.851781
2.7482377e-06,-0.845206
2.7482877e-06,-0.83433
2.7483377e-06,-0.829475
2.7483877e-06,-0.836106
2.7484377e-06,-0.848452
2.7484877e-06,-0.856442
2.7485377e-06,-0.855776
2.7485877e-06,-0.849756
2.7486377e-06,-0.844595
2.7486877e-06,-0.844679
2.7487377e-06,-0.849589
2.7487877e-06,-0.85425
2.7488377e-06,-0.853612
2.7488877e-06,-0.848646
2.7489377e-06,-0.844873
2.7489877e-06,-0.845206
2.7490377e-06,-0.846426
2.7490877e-06,-0.845095
2.7491377e-06,-0.843319
2.7491877e-06,-0.845927
2.7492377e-06,-0.853806
2.7492877e-06,-0.862185
2.7493377e-06,-0.864321
2.7493877e-06,-0.85733
2.7494377e-06,-0.84601
2.7494877e-06,-0.840323
2.7495377e-06,-0.845927
2.7495877e-06,-0.857357
2.7496377e-06,-0.864071
2.7496877e-06,-0.862101
2.7497377e-06,-0.856137
2.7497877e-06,-0.851226
2.7498377e-06,-0.848036
2.7498877e-06,-0.84601
2.7499377e-06,-0.845705
2.7499877e-06,-0.846371
2.7500377e-06,-0.84565
2.7500877e-06,-0.842737
2.7501377e-06,-0.839463
2.7501877e-06,-0.83766
2.7502377e-06,-0.83802
2.7502877e-06,-0.841571
2.7503377e-06,-0.848285
2.7503877e-06,-0.854389
2.7504377e-06,-0.854749
2.7504877e-06,-0.849672
2.7505377e-06,-0.845927
2.7505877e-06,-0.848341
2.7506377e-06,-0.854084
2.7506877e-06,-0.857912
2.7507377e-06,-0.858356
2.7507877e-06,-0.855609
2.7508377e-06,-0.849034
2.7508877e-06,-0.84196
2.7509377e-06,-0.842959
2.7509877e-06,-0.854195
2.7510377e-06,-0.864099
2.7510877e-06,-0.859993
2.7511377e-06,-0.845372
2.7511877e-06,-0.83655
2.7512377e-06,-0.842737
2.7512877e-06,-0.856026
2.7513377e-06,-0.862573
2.7513877e-06,-0.85819
2.7514377e-06,-0.849534
2.7514877e-06,-0.844013
2.7515377e-06,-0.842875
2.7515877e-06,-0.843153
2.7516377e-06,-0.843791
2.7516877e-06,-0.846926
2.7517377e-06,-0.853335
2.7517877e-06,-0.859244
2.7518377e-06,-0.860215
2.7518877e-06,-0.857551
2.7519377e-06,-0.856081
2.7519877e-06,-0.856164
2.7520377e-06,-0.852918
2.7520877e-06,-0.844734
2.7521377e-06,-0.837937
2.7521877e-06,-0.83974
2.7522377e-06,-0.849339
2.7522877e-06,-0.85855
2.7523377e-06,-0.860992
2.7523877e-06,-0.858633
2.7524377e-06,-0.858217
2.7524877e-06,-0.862462
2.7525377e-06,-0.866624
2.7525877e-06,-0.864238
2.7526377e-06,-0.854944
2.7526877e-06,-0.844679
2.7527377e-06,-0.838797
2.7527877e-06,-0.837826
2.7528377e-06,-0.839907
2.7528877e-06,-0.84368
2.7529377e-06,-0.847592
2.7529877e-06,-0.848951
2.7530377e-06,-0.846732
2.7530877e-06,-0.84393
2.7531377e-06,-0.84454
2.7531877e-06,-0.848757
2.7532377e-06,-0.85253
2.7532877e-06,-0.852031
2.7533377e-06,-0.848147
2.7533877e-06,-0.846815
2.7534377e-06,-0.853279
2.7534877e-06,-0.863849
2.7535377e-06,-0.866596
2.7535877e-06,-0.855193
2.7536377e-06,-0.838547
2.7536877e-06,-0.830446
2.7537377e-06,-0.832721
2.7537877e-06,-0.836272
2.7538377e-06,-0.835385
2.7538877e-06,-0.832915
2.7539377e-06,-0.832555
2.7539877e-06,-0.834719
2.7540377e-06,-0.840351
2.7540877e-06,-0.850616
2.7541377e-06,-0.86113
2.7541877e-06,-0.862518
2.7542377e-06,-0.851809
2.7542877e-06,-0.839685
2.7543377e-06,-0.8406
2.7543877e-06,-0.855609
2.7544377e-06,-0.869675
2.7544877e-06,-0.868982
2.7545377e-06,-0.856497
2.7545877e-06,-0.846315
2.7546377e-06,-0.844984
2.7546877e-06,-0.846537
2.7547377e-06,-0.845539
2.7547877e-06,-0.845206
2.7548377e-06,-0.849229
2.7548877e-06,-0.853751
2.7549377e-06,-0.853723
2.7549877e-06,-0.851531
2.7550377e-06,-0.852558
2.7550877e-06,-0.855304
2.7551377e-06,-0.853445
2.7551877e-06,-0.847592
2.7552377e-06,-0.846565
2.7552877e-06,-0.854527
2.7553377e-06,-0.862878
2.7553877e-06,-0.860465
2.7554377e-06,-0.848618
2.7554877e-06,-0.839879
2.7555377e-06,-0.842431
2.7555877e-06,-0.851143
2.7556377e-06,-0.855443
2.7556877e-06,-0.852974
2.7557377e-06,-0.850588
2.7557877e-06,-0.852974
2.7558377e-06,-0.856386
2.7558877e-06,-0.856497
2.7559377e-06,-0.85658
2.7559877e-06,-0.861463
2.7560377e-06,-0.866457
2.7560877e-06,-0.861547
2.7561377e-06,-0.847148
2.7561877e-06,-0.836911
2.7562377e-06,-0.839491
2.7562877e-06,-0.846593
2.7563377e-06,-0.846732
2.7563877e-06,-0.843458
2.7564377e-06,-0.848258
2.7564877e-06,-0.860548
2.7565377e-06,-0.867844
2.7565877e-06,-0.864654
2.7566377e-06,-0.858744
2.7566877e-06,-0.857551
2.7567377e-06,-0.858689
2.7567877e-06,-0.856858
2.7568377e-06,-0.852669
2.7568877e-06,-0.850338
2.7569377e-06,-0.850421
2.7569877e-06,-0.849007
2.7570377e-06,-0.844429
2.7570877e-06,-0.841433
2.7571377e-06,-0.845317
2.7571877e-06,-0.853251
2.7572377e-06,-0.856137
2.7572877e-06,-0.849839
2.7573377e-06,-0.840462
2.7573877e-06,-0.835884
2.7574377e-06,-0.836217
2.7574877e-06,-0.837021
2.7575377e-06,-0.83802
2.7575877e-06,-0.841904
2.7576377e-06,-0.847009
2.7576877e-06,-0.848618
2.7577377e-06,-0.846843
2.7577877e-06,-0.845317
2.7578377e-06,-0.843569
2.7578877e-06,-0.839407
2.7579377e-06,-0.837049
2.7579877e-06,-0.843097
2.7580377e-06,-0.853695
2.7580877e-06,-0.856386
2.7581377e-06,-0.847203
2.7581877e-06,-0.837771
2.7582377e-06,-0.84024
2.7582877e-06,-0.850394
2.7583377e-06,-0.853057
2.7583877e-06,-0.842959
2.7584377e-06,-0.832222
2.7584877e-06,-0.833082
2.7585377e-06,-0.840018
2.7585877e-06,-0.837909
2.7586377e-06,-0.825924
2.7586877e-06,-0.820487
2.7587377e-06,-0.831306
2.7587877e-06,-0.846149
2.7588377e-06,-0.848785
2.7588877e-06,-0.842681
2.7589377e-06,-0.842959
2.7589877e-06,-0.851282
2.7590377e-06,-0.854472
2.7590877e-06,-0.847647
2.7591377e-06,-0.841766
2.7591877e-06,-0.845012
2.7592377e-06,-0.850865
2.7592877e-06,-0.85081
2.7593377e-06,-0.847814
2.7593877e-06,-0.848757
2.7594377e-06,-0.851836
2.7594877e-06,-0.850089
2.7595377e-06,-0.843902
2.7595877e-06,-0.8411
2.7596377e-06,-0.844817
2.7596877e-06,-0.849173
2.7597377e-06,-0.848452
2.7597877e-06,-0.845233
2.7598377e-06,-0.844873
2.7598877e-06,-0.846954
2.7599377e-06,-0.846482
2.7599877e-06,-0.842043
2.7600377e-06,-0.837743
2.7600877e-06,-0.8368
2.7601377e-06,-0.837216
2.7601877e-06,-0.835468
2.7602377e-06,-0.832416
2.7602877e-06,-0.832527
2.7603377e-06,-0.83716
2.7603877e-06,-0.841599
2.7604377e-06,-0.841211
2.7604877e-06,-0.83827
2.7605377e-06,-0.838686
2.7605877e-06,-0.842237
2.7606377e-06,-0.84196
2.7606877e-06,-0.834525
2.7607377e-06,-0.826146
2.7607877e-06,-0.824676
2.7608377e-06,-0.829753
2.7608877e-06,-0.834858
2.7609377e-06,-0.836689
2.7609877e-06,-0.838464
2.7610377e-06,-0.84343
2.7610877e-06,-0.849423
2.7611377e-06,-0.850865
2.7611877e-06,-0.844817
2.7612377e-06,-0.833554
2.7612877e-06,-0.823316
2.7613377e-06,-0.82118
2.7613877e-06,-0.830058
2.7614377e-06,-0.844346
2.7614877e-06,-0.852114
2.7615377e-06,-0.846371
2.7615877e-06,-0.833498
2.7616377e-06,-0.827311
2.7616877e-06,-0.833193
2.7617377e-06,-0.842237
2.7617877e-06,-0.843236
2.7618377e-06,-0.836494
2.7618877e-06,-0.831944
2.7619377e-06,-0.835745
2.7619877e-06,-0.84368
2.7620377e-06,-0.848119
2.7620877e-06,-0.847065
2.7621377e-06,-0.844373
2.7621877e-06,-0.843569
2.7622377e-06,-0.844041
2.7622877e-06,-0.842348
2.7623377e-06,-0.836078
2.7623877e-06,-0.82856
2.7624377e-06,-0.828144
2.7624877e-06,-0.839213
2.7625377e-06,-0.854167
2.7625877e-06,-0.85966
2.7626377e-06,-0.851587
2.7626877e-06,-0.839685
2.7627377e-06,-0.835385
2.7627877e-06,-0.838769
2.7628377e-06,-0.840434
2.7628877e-06,-0.834358
2.7629377e-06,-0.825591
2.7629877e-06,-0.823899
2.7630377e-06,-0.83175
2.7630877e-06,-0.841072
2.7631377e-06,-0.842626
2.7631877e-06,-0.836578
2.7632377e-06,-0.831501
2.7632877e-06,-0.833387
2.7633377e-06,-0.839241
2.7633877e-06,-0.84196
2.7634377e-06,-0.839685
2.7634877e-06,-0.837132
2.7635377e-06,-0.83888
2.7635877e-06,-0.843375
2.7636377e-06,-0.844928
2.7636877e-06,-0.840489
2.7637377e-06,-0.833332
2.7637877e-06,-0.829642
2.7638377e-06,-0.832749
2.7638877e-06,-0.840989
2.7639377e-06,-0.848979
2.7639877e-06,-0.850921
2.7640377e-06,-0.844512
2.7640877e-06,-0.834219
2.7641377e-06,-0.829031
2.7641877e-06,-0.833415
2.7642377e-06,-0.841044
2.7642877e-06,-0.842237
2.7643377e-06,-0.836938
2.7643877e-06,-0.835385
2.7644377e-06,-0.843097
2.7644877e-06,-0.851892
2.7645377e-06,-0.850338
2.7645877e-06,-0.839296
2.7646377e-06,-0.830308
2.7646877e-06,-0.830502
2.7647377e-06,-0.83569
2.7647877e-06,-0.838242
2.7648377e-06,-0.836134
2.7648877e-06,-0.832666
2.7649377e-06,-0.831639
2.7649877e-06,-0.834275
2.7650377e-06,-0.838436
2.7650877e-06,-0.840462
2.7651377e-06,-0.839158
2.7651877e-06,-0.837604
2.7652377e-06,-0.83827
2.7652877e-06,-0.838409
2.7653377e-06,-0.834164
2.7653877e-06,-0.827977
2.7654377e-06,-0.826923
2.7654877e-06,-0.832499
2.7655377e-06,-0.838436
2.7655877e-06,-0.839962
2.7656377e-06,-0.839935
2.7656877e-06,-0.842626
2.7657377e-06,-0.846926
2.7657877e-06,-0.849256
2.7658377e-06,-0.848757
2.7658877e-06,-0.84651
2.7659377e-06,-0.842598
2.7659877e-06,-0.837771
2.7660377e-06,-0.835135
2.7660877e-06,-0.837132
2.7661377e-06,-0.841127
2.7661877e-06,-0.842071
2.7662377e-06,-0.838964
2.7662877e-06,-0.835246
2.7663377e-06,-0.83347
2.7663877e-06,-0.832361
2.7664377e-06,-0.830169
2.7664877e-06,-0.827311
2.7665377e-06,-0.825092
2.7665877e-06,-0.824232
2.7666377e-06,-0.825619
2.7666877e-06,-0.830946
2.7667377e-06,-0.840489
2.7667877e-06,-0.850255
2.7668377e-06,-0.853945
2.7668877e-06,-0.849589
2.7669377e-06,-0.842653
2.7669877e-06,-0.839574
2.7670377e-06,-0.840045
2.7670877e-06,-0.839241
2.7671377e-06,-0.835773
2.7671877e-06,-0.832721
2.7672377e-06,-0.830946
2.7672877e-06,-0.827256
2.7673377e-06,-0.820875
2.7673877e-06,-0.817712
2.7674377e-06,-0.823122
2.7674877e-06,-0.833165
2.7675377e-06,-0.838464
2.7675877e-06,-0.835662
2.7676377e-06,-0.830335
2.7676877e-06,-0.82806
2.7677377e-06,-0.828643
2.7677877e-06,-0.830252
2.7678377e-06,-0.832999
2.7678877e-06,-0.835884
2.7679377e-06,-0.835024
2.7679877e-06,-0.829559
2.7680377e-06,-0.825175
2.7680877e-06,-0.827367
2.7681377e-06,-0.832915
2.7681877e-06,-0.833665
2.7682377e-06,-0.828421
2.7682877e-06,-0.825952
2.7683377e-06,-0.833304
2.7683877e-06,-0.844873
2.7684377e-06,-0.848368
2.7684877e-06,-0.840462
2.7685377e-06,-0.831306
2.7685877e-06,-0.831112
2.7686377e-06,-0.837715
2.7686877e-06,-0.840378
2.7687377e-06,-0.833443
2.7687877e-06,-0.822429
2.7688377e-06,-0.817573
2.7688877e-06,-0.82254
2.7689377e-06,-0.830779
2.7689877e-06,-0.83286
2.7690377e-06,-0.826562
2.7690877e-06,-0.818933
2.7691377e-06,-0.817712
2.7691877e-06,-0.822845
2.7692377e-06,-0.828366
2.7692877e-06,-0.830169
2.7693377e-06,-0.829808
2.7693877e-06,-0.830862
2.7694377e-06,-0.834996
2.7694877e-06,-0.840628
2.7695377e-06,-0.844262
2.7695877e-06,-0.843153
2.7696377e-06,-0.837992
2.7696877e-06,-0.832305
2.7697377e-06,-0.829392
2.7697877e-06,-0.830197
2.7698377e-06,-0.833165
2.7698877e-06,-0.835274
2.7699377e-06,-0.833776
2.7699877e-06,-0.829281
2.7700377e-06,-0.827117
2.7700877e-06,-0.832555
2.7701377e-06,-0.842737
2.7701877e-06,-0.846648
2.7702377e-06,-0.837632
2.7702877e-06,-0.823427
2.7703377e-06,-0.817851
2.7703877e-06,-0.824065
2.7704377e-06,-0.832805
2.7704877e-06,-0.835801
2.7705377e-06,-0.833637
2.7705877e-06,-0.830696
2.7706377e-06,-0.829059
2.7706877e-06,-0.829059
2.7707377e-06,-0.830641
2.7707877e-06,-0.832472
2.7708377e-06,-0.832527
2.7708877e-06,-0.831001
2.7709377e-06,-0.830641
2.7709877e-06,-0.83261
2.7710377e-06,-0.83433
2.7710877e-06,-0.833609
2.7711377e-06,-0.832943
2.7711877e-06,-0.835995
2.7712377e-06,-0.841044
2.7712877e-06,-0.841904
2.7713377e-06,-0.836911
2.7713877e-06,-0.832361
2.7714377e-06,-0.834192
2.7714877e-06,-0.83913
2.7715377e-06,-0.83888
2.7715877e-06,-0.832277
2.7716377e-06,-0.827672
2.7716877e-06,-0.831417
2.7717377e-06,-0.838436
2.7717877e-06,-0.838991
2.7718377e-06,-0.832222
2.7718877e-06,-0.827173
2.7719377e-06,-0.829364
2.7719877e-06,-0.832971
2.7720377e-06,-0.829836
2.7720877e-06,-0.821929
2.7721377e-06,-0.819072
2.7721877e-06,-0.825674
2.7722377e-06,-0.835357
2.7722877e-06,-0.838936
2.7723377e-06,-0.834996
2.7723877e-06,-0.830585
2.7724377e-06,-0.832416
2.7724877e-06,-0.838575
2.7725377e-06,-0.840462
2.7725877e-06,-0.83286
2.7726377e-06,-0.821319
2.7726877e-06,-0.816408
2.7727377e-06,-0.82118
2.7727877e-06,-0.8272
2.7728377e-06,-0.825869
2.7728877e-06,-0.820126
2.7729377e-06,-0.819682
2.7729877e-06,-0.826618
2.7730377e-06,-0.832388
2.7730877e-06,-0.83028
2.7731377e-06,-0.824842
2.7731877e-06,-0.824343
2.7732377e-06,-0.828227
2.7732877e-06,-0.828282
2.7733377e-06,-0.821152
2.7733877e-06,-0.813856
2.7734377e-06,-0.8138
2.7734877e-06,-0.819183
2.7735377e-06,-0.823344
2.7735877e-06,-0.824426
2.7736377e-06,-0.825258
2.7736877e-06,-0.826701
2.7737377e-06,-0.825924
2.7737877e-06,-0.821735
2.7738377e-06,-0.817157
2.7738877e-06,-0.816353
2.7739377e-06,-0.820431
2.7739877e-06,-0.826646
2.7740377e-06,-0.830363
2.7740877e-06,-0.829031
2.7741377e-06,-0.82548
2.7741877e-06,-0.825092
2.7742377e-06,-0.828255
2.7742877e-06,-0.829503
2.7743377e-06,-0.826507
2.7743877e-06,-0.825009
2.7744377e-06,-0.829864
2.7744877e-06,-0.836328
2.7745377e-06,-0.835801
2.7745877e-06,-0.827838
2.7746377e-06,-0.821041
2.7746877e-06,-0.822373
2.7747377e-06,-0.829031
2.7747877e-06,-0.831473
2.7748377e-06,-0.824232
2.7748877e-06,-0.813412
2.7749377e-06,-0.810665
2.7749877e-06,-0.818711
2.7750377e-06,-0.8272
2.7750877e-06,-0.826007
2.7751377e-06,-0.818212
2.7751877e-06,-0.814938
2.7752377e-06,-0.82032
2.7752877e-06,-0.8272
2.7753377e-06,-0.828171
2.7753877e-06,-0.825314
2.7754377e-06,-0.825369
2.7754877e-06,-0.828671
2.7755377e-06,-0.828449
2.7755877e-06,-0.821929
2.7756377e-06,-0.815715
2.7756877e-06,-0.816436
2.7757377e-06,-0.82143
2.7757877e-06,-0.823178
2.7758377e-06,-0.819876
2.7758877e-06,-0.816242
2.7759377e-06,-0.816214
2.7759877e-06,-0.819682
2.7760377e-06,-0.824537
2.7760877e-06,-0.828144
2.7761377e-06,-0.8277
2.7761877e-06,-0.823122
2.7762377e-06,-0.819044
2.7762877e-06,-0.820043
2.7763377e-06,-0.824814
2.7763877e-06,-0.827617
2.7764377e-06,-0.825564
2.7764877e-06,-0.821679
2.7765377e-06,-0.819737
2.7765877e-06,-0.819626
2.7766377e-06,-0.819016
2.7766877e-06,-0.817573
2.7767377e-06,-0.817213
2.7767877e-06,-0.819099
2.7768377e-06,-0.822151
2.7768877e-06,-0.824232
2.7769377e-06,-0.823927
2.7769877e-06,-0.821818
2.7770377e-06,-0.819793
2.7770877e-06,-0.819183
2.7771377e-06,-0.818739
2.7771877e-06,-0.816353
2.7772377e-06,-0.812829
2.7772877e-06,-0.811803
2.7773377e-06,-0.814771
2.7773877e-06,-0.819072
2.7774377e-06,-0.822734
2.7774877e-06,-0.826285
2.7775377e-06,-0.828005
2.7775877e-06,-0.823344
2.7776377e-06,-0.812774
2.7776877e-06,-0.805311
2.7777377e-06,-0.80803
2.7777877e-06,-0.816186
2.7778377e-06,-0.819294
2.7778877e-06,-0.815215
2.7779377e-06,-0.811525
2.7779877e-06,-0.813634
2.7780377e-06,-0.818184
2.7780877e-06,-0.821014
2.7781377e-06,-0.82487
2.7781877e-06,-0.832777
2.7782377e-06,-0.838742
2.7782877e-06,-0.833776
2.7783377e-06,-0.820376
2.7783877e-06,-0.812025
2.7784377e-06,-0.81663
2.7784877e-06,-0.827284
2.7785377e-06,-0.832721
2.7785877e-06,-0.830113
2.7786377e-06,-0.823538
2.7786877e-06,-0.815909
2.7787377e-06,-0.809389
2.7787877e-06,-0.808862
2.7788377e-06,-0.817185
2.7788877e-06,-0.828171
2.7789377e-06,-0.831528
2.7789877e-06,-0.824703
2.7790377e-06,-0.815354
2.7790877e-06,-0.812164
2.7791377e-06,-0.817601
2.7791877e-06,-0.828255
2.7792377e-06,-0.83716
2.7792877e-06,-0.836439
2.7793377e-06,-0.824703
2.7793877e-06,-0.811581
2.7794377e-06,-0.809001
2.7794877e-06,-0.816575
2.7795377e-06,-0.822595
2.7795877e-06,-0.82093
2.7796377e-06,-0.81885
2.7796877e-06,-0.82376
2.7797377e-06,-0.830002
2.7797877e-06,-0.826729
2.7798377e-06,-0.815049
2.7798877e-06,-0.808335
2.7799377e-06,-0.814744
2.7799877e-06,-0.826756
2.7800377e-06,-0.831501
2.7800877e-06,-0.826923
2.7801377e-06,-0.821735
2.7801877e-06,-0.821735
2.7802377e-06,-0.822845
2.7802877e-06,-0.819266
2.7803377e-06,-0.812496
2.7803877e-06,-0.809001
2.7804377e-06,-0.811886
2.7804877e-06,-0.817657
2.7805377e-06,-0.820708
2.7805877e-06,-0.81885
2.7806377e-06,-0.81466
2.7806877e-06,-0.812746
2.7807377e-06,-0.814855
2.7807877e-06,-0.818295
2.7808377e-06,-0.819654
2.7808877e-06,-0.818295
2.7809377e-06,-0.81491
2.7809877e-06,-0.809334
2.7810377e-06,-0.803258
2.7810877e-06,-0.801677
2.7811377e-06,-0.807003
2.7811877e-06,-0.812968
2.7812377e-06,-0.811442
2.7812877e-06,-0.804368
2.7813377e-06,-0.801593
2.7813877e-06,-0.805561
2.7814377e-06,-0.807808
2.7814877e-06,-0.804063
2.7815377e-06,-0.802453
2.7815877e-06,-0.809195
2.7816377e-06,-0.81577
2.7816877e-06,-0.811359
2.7817377e-06,-0.801038
2.7817877e-06,-0.799041
2.7818377e-06,-0.807142
2.7818877e-06,-0.812496
2.7819377e-06,-0.808224
2.7819877e-06,-0.803896
2.7820377e-06,-0.811054
2.7820877e-06,-0.825813
2.7821377e-06,-0.83372
2.7821877e-06,-0.828366
2.7822377e-06,-0.818184
2.7822877e-06,-0.813551
2.7823377e-06,-0.813995
2.7823877e-06,-0.812275
2.7824377e-06,-0.80803
2.7824877e-06,-0.808501
2.7825377e-06,-0.815299
2.7825877e-06,-0.819321
2.7826377e-06,-0.814133
2.7826877e-06,-0.806587
2.7827377e-06,-0.806837
2.7827877e-06,-0.81294
2.7828377e-06,-0.815104
2.7828877e-06,-0.811414
2.7829377e-06,-0.809389
2.7829877e-06,-0.812691
2.7830377e-06,-0.815465
2.7830877e-06,-0.811193
2.7831377e-06,-0.801149
2.7831877e-06,-0.792716
2.7832377e-06,-0.793465
2.7832877e-06,-0.805283
2.7833377e-06,-0.820292
2.7833877e-06,-0.825175
2.7834377e-06,-0.814106
2.7834877e-06,-0.797182
2.7835377e-06,-0.79008
2.7835877e-06,-0.796378
2.7836377e-06,-0.805505
2.7836877e-06,-0.808058
2.7837377e-06,-0.806254
2.7837877e-06,-0.806337
2.7838377e-06,-0.80803
2.7838877e-06,-0.807308
2.7839377e-06,-0.804673
2.7839877e-06,-0.804229
2.7840377e-06,-0.806448
2.7840877e-06,-0.807863
2.7841377e-06,-0.807808
2.7841877e-06,-0.809778
2.7842377e-06,-0.814799
2.7842877e-06,-0.817934
2.7843377e-06,-0.815021
2.7843877e-06,-0.809056
2.7844377e-06,-0.80631
2.7844877e-06,-0.807614
2.7845377e-06,-0.808252
2.7845877e-06,-0.805866
2.7846377e-06,-0.803424
2.7846877e-06,-0.803397
2.7847377e-06,-0.804173
2.7847877e-06,-0.803563
2.7848377e-06,-0.802842
2.7848877e-06,-0.804146
2.7849377e-06,-0.805699
2.7849877e-06,-0.803952
2.7850377e-06,-0.799929
2.7850877e-06,-0.799207
2.7851377e-06,-0.804007
2.7851877e-06,-0.810166
2.7852377e-06,-0.813939
2.7852877e-06,-0.816325
2.7853377e-06,-0.817407
2.7853877e-06,-0.813329
2.7854377e-06,-0.804284
2.7854877e-06,-0.798098
2.7855377e-06,-0.799846
2.7855877e-06,-0.803979
2.7856377e-06,-0.802648
2.7856877e-06,-0.797432
2.7857377e-06,-0.795629
2.7857877e-06,-0.798736
2.7858377e-06,-0.801732
2.7858877e-06,-0.802148
2.7859377e-06,-0.803452
2.7859877e-06,-0.80839
2.7860377e-06,-0.813301
2.7860877e-06,-0.81233
2.7861377e-06,-0.805838
2.7861877e-06,-0.800983
2.7862377e-06,-0.803091
2.7862877e-06,-0.809056
2.7863377e-06,-0.812275
2.7863877e-06,-0.810804
2.7864377e-06,-0.807558
2.7864877e-06,-0.803952
2.7865377e-06,-0.798347
2.7865877e-06,-0.791162
2.7866377e-06,-0.7875
2.7866877e-06,-0.791412
2.7867377e-06,-0.799568
2.7867877e-06,-0.80545
2.7868377e-06,-0.807447
2.7868877e-06,-0.808446
2.7869377e-06,-0.808751
2.7869877e-06,-0.805089
2.7870377e-06,-0.797626
2.7870877e-06,-0.792993
2.7871377e-06,-0.797099
2.7871877e-06,-0.806116
2.7872377e-06,-0.808474
2.7872877e-06,-0.798514
2.7873377e-06,-0.785669
2.7873877e-06,-0.784448
2.7874377e-06,-0.796045
2.7874877e-06,-0.807003
2.7875377e-06,-0.806643
2.7875877e-06,-0.798014
2.7876377e-06,-0.789997
2.7876877e-06,-0.787139
2.7877377e-06,-0.789886
2.7877877e-06,-0.797265
2.7878377e-06,-0.805144
2.7878877e-06,-0.80778
2.7879377e-06,-0.804201
2.7879877e-06,-0.798403
2.7880377e-06,-0.793381
2.7880877e-06,-0.790302
2.7881377e-06,-0.791966
2.7881877e-06,-0.799596
2.7882377e-06,-0.807364
2.7882877e-06,-0.80717
2.7883377e-06,-0.799429
2.7883877e-06,-0.792244
2.7884377e-06,-0.790912
2.7884877e-06,-0.792937
2.7885377e-06,-0.794186
2.7885877e-06,-0.793853
2.7886377e-06,-0.792716
2.7886877e-06,-0.791523
2.7887377e-06,-0.792105
2.7887877e-06,-0.796211
2.7888377e-06,-0.801899
2.7888877e-06,-0.804645
2.7889377e-06,-0.803508
2.7889877e-06,-0.802981
2.7890377e-06,-0.806865
2.7890877e-06,-0.811414
2.7891377e-06,-0.808668
2.7891877e-06,-0.797071
2.7892377e-06,-0.785225
2.7892877e-06,-0.7827
2.7893377e-06,-0.789497
2.7893877e-06,-0.797543
2.7894377e-06,-0.800484
2.7894877e-06,-0.79782
2.7895377e-06,-0.79155
2.7895877e-06,-0.784947
2.7896377e-06,-0.783727
2.7896877e-06,-0.791301
2.7897377e-06,-0.803091
2.7897877e-06,-0.809889
2.7898377e-06,-0.808196
2.7898877e-06,-0.803036
2.7899377e-06,-0.800706
2.7899877e-06,-0.801233
2.7900377e-06,-0.799402
2.7900877e-06,-0.792632
2.7901377e-06,-0.785946
2.7901877e-06,-0.787084
2.7902377e-06,-0.796905
2.7902877e-06,-0.806476
2.7903377e-06,-0.805866
2.7903877e-06,-0.795268
2.7904377e-06,-0.785003
2.7904877e-06,-0.784337
2.7905377e-06,-0.791661
2.7905877e-06,-0.797598
2.7906377e-06,-0.79721
2.7906877e-06,-0.794769
2.7907377e-06,-0.79549
2.7907877e-06,-0.797376
2.7908377e-06,-0.796822
2.7908877e-06,-0.797238
2.7909377e-06,-0.80373
2.7909877e-06,-0.811276
2.7910377e-06,-0.808751
2.7910877e-06,-0.795934
2.7911377e-06,-0.786584
2.7911877e-06,-0.790579
2.7912377e-06,-0.801011
2.7912877e-06,-0.804257
2.7913377e-06,-0.798236
2.7913877e-06,-0.793187
2.7914377e-06,-0.79585
2.7914877e-06,-0.799596
2.7915377e-06,-0.794325
2.7915877e-06,-0.781951
2.7916377e-06,-0.775459
2.7916877e-06,-0.781923
2.7917377e-06,-0.792549
2.7917877e-06,-0.793825
2.7918377e-06,-0.784559
2.7918877e-06,-0.776597
2.7919377e-06,-0.779094
2.7919877e-06,-0.788249
2.7920377e-06,-0.794519
2.7920877e-06,-0.794769
2.7921377e-06,-0.792854
2.7921877e-06,-0.791772
2.7922377e-06,-0.790552
2.7922877e-06,-0.787971
2.7923377e-06,-0.785669
2.7923877e-06,-0.786723
2.7924377e-06,-0.792272
2.7924877e-06,-0.798819
2.7925377e-06,-0.799984
2.7925877e-06,-0.79291
2.7926377e-06,-0.782922
2.7926877e-06,-0.77901
2.7927377e-06,-0.78442
2.7927877e-06,-0.793159
2.7928377e-06,-0.7961
2.7928877e-06,-0.790607
2.7929377e-06,-0.783227
2.7929877e-06,-0.782395
2.7930377e-06,-0.788221
2.7930877e-06,-0.792854
2.7931377e-06,-0.790718
2.7931877e-06,-0.785558
2.7932377e-06,-0.784947
2.7932877e-06,-0.790413
2.7933377e-06,-0.79574
2.7933877e-06,-0.79463
2.7934377e-06,-0.788138
2.7934877e-06,-0.783949
2.7935377e-06,-0.788499
2.7935877e-06,-0.800289
2.7936377e-06,-0.810721
2.7936877e-06,-0.81172
2.7937377e-06,-0.803091
2.7937877e-06,-0.792216
2.7938377e-06,-0.786584
2.7938877e-06,-0.787056
2.7939377e-06,-0.788443
2.7939877e-06,-0.785169
2.7940377e-06,-0.777429
2.7940877e-06,-0.77213
2.7941377e-06,-0.775792
2.7941877e-06,-0.785364
2.7942377e-06,-0.790219
2.7942877e-06,-0.785197
2.7943377e-06,-0.777041
2.7943877e-06,-0.774904
2.7944377e-06,-0.77951
2.7944877e-06,-0.784559
2.7945377e-06,-0.785308
2.7945877e-06,-0.781896
2.7946377e-06,-0.777568
2.7946877e-06,-0.77668
2.7947377e-06,-0.781757
2.7947877e-06,-0.789664
2.7948377e-06,-0.793021
2.7948877e-06,-0.788221
2.7949377e-06,-0.780342
2.7949877e-06,-0.776957
2.7950377e-06,-0.778566
2.7950877e-06,-0.77901
2.7951377e-06,-0.77532
2.7951877e-06,-0.77299
2.7952377e-06,-0.778261
2.7952877e-06,-0.787417
2.7953377e-06,-0.789331
2.7953877e-06,-0.779898
2.7954377e-06,-0.768856
2.7954877e-06,-0.768412
2.7955377e-06,-0.778234
2.7955877e-06,-0.786584
2.7956377e-06,-0.785724
2.7956877e-06,-0.779676
2.7957377e-06,-0.776513
2.7957877e-06,-0.778594
2.7958377e-06,-0.78234
2.7958877e-06,-0.783754
2.7959377e-06,-0.781674
2.7959877e-06,-0.777984
2.7960377e-06,-0.776236
2.7960877e-06,-0.778483
2.7961377e-06,-0.782478
2.7961877e-06,-0.78406
2.7962377e-06,-0.7827
2.7962877e-06,-0.781979
2.7963377e-06,-0.783893
2.7963877e-06,-0.785031
2.7964377e-06,-0.781979
2.7964877e-06,-0.777318
2.7965377e-06,-0.776513
2.7965877e-06,-0.780092
2.7966377e-06,-0.783477
2.7966877e-06,-0.784087
2.7967377e-06,-0.78381
2.7967877e-06,-0.784032
2.7968377e-06,-0.783172
2.7968877e-06,-0.78073
2.7969377e-06,-0.778955
2.7969877e-06,-0.778899
2.7970377e-06,-0.779343
2.7970877e-06,-0.78037
2.7971377e-06,-0.783338
2.7971877e-06,-0.786584
2.7972377e-06,-0.786168
2.7972877e-06,-0.782256
2.7973377e-06,-0.780203
2.7973877e-06,-0.783089
2.7974377e-06,-0.786862
2.7974877e-06,-0.786168
2.7975377e-06,-0.781479
2.7975877e-06,-0.777263
2.7976377e-06,-0.775459
2.7976877e-06,-0.775071
2.7977377e-06,-0.776208
2.7977877e-06,-0.779843
2.7978377e-06,-0.784504
2.7978877e-06,-0.787167
2.7979377e-06,-0.787444
2.7979877e-06,-0.787583
2.7980377e-06,-0.788804
2.7980877e-06,-0.790024
2.7981377e-06,-0.789997
2.7981877e-06,-0.788665
2.7982377e-06,-0.786279
2.7982877e-06,-0.783699
2.7983377e-06,-0.78295
2.7983877e-06,-0.785558
2.7984377e-06,-0.790385
2.7984877e-06,-0.794907
2.7985377e-06,-0.796877
2.7985877e-06,-0.794852
2.7986377e-06,-0.788915
2.7986877e-06,-0.7827
2.7987377e-06,-0.781563
2.7987877e-06,-0.786196
2.7988377e-06,-0.790829
2.7988877e-06,-0.79033
2.7989377e-06,-0.786446
2.7989877e-06,-0.784087
2.7990377e-06,-0.784448
2.7990877e-06,-0.785475
2.7991377e-06,-0.78578
2.7991877e-06,-0.784476
2.7992377e-06,-0.78073
2.7992877e-06,-0.776902
2.7993377e-06,-0.777623
2.7993877e-06,-0.782173
2.7994377e-06,-0.783477
2.7994877e-06,-0.778983
2.7995377e-06,-0.776236
2.7995877e-06,-0.781258
2.7996377e-06,-0.787944
2.7996877e-06,-0.786834
2.7997377e-06,-0.779149
2.7997877e-06,-0.774405
2.7998377e-06,-0.776125
2.7998877e-06,-0.779094
2.7999377e-06,-0.779954
2.7999877e-06,-0.782007
2.8000377e-06,-0.787084
2.8000877e-06,-0.789442
2.8001377e-06,-0.78356
2.8001877e-06,-0.774322
2.8002377e-06,-0.772518
2.8002877e-06,-0.779926
2.8003377e-06,-0.785502
2.8003877e-06,-0.779815
2.8004377e-06,-0.768801
2.8004877e-06,-0.767747
2.8005377e-06,-0.781951
2.8005877e-06,-0.798375
2.8006377e-06,-0.800123
2.8006877e-06,-0.786501
2.8007377e-06,-0.772962
2.8007877e-06,-0.771409
2.8008377e-06,-0.777124
2.8008877e-06,-0.778622
2.8009377e-06,-0.773878
2.8009877e-06,-0.77041
2.8010377e-06,-0.772574
2.8010877e-06,-0.777096
2.8011377e-06,-0.780148
2.8011877e-06,-0.782423
2.8012377e-06,-0.785031
2.8012877e-06,-0.785724
2.8013377e-06,-0.782451
2.8013877e-06,-0.777679
2.8014377e-06,-0.776097
2.8014877e-06,-0.778872
2.8015377e-06,-0.782451
2.8015877e-06,-0.782534
2.8016377e-06,-0.777928
2.8016877e-06,-0.77127
2.8017377e-06,-0.766581
2.8017877e-06,-0.765916
2.8018377e-06,-0.767941
2.8018877e-06,-0.769078
2.8019377e-06,-0.766831
2.8019877e-06,-0.762725
2.8020377e-06,-0.761726
2.8020877e-06,-0.767747
2.8021377e-06,-0.777928
2.8021877e-06,-0.783144
2.8022377e-06,-0.777124
2.8022877e-06,-0.765
2.8023377e-06,-0.759229
2.8023877e-06,-0.765222
2.8024377e-06,-0.774433
2.8024877e-06,-0.775542
2.8025377e-06,-0.769189
2.8025877e-06,-0.766359
2.8026377e-06,-0.773656
2.8026877e-06,-0.784836
2.8027377e-06,-0.788637
2.8027877e-06,-0.782034
2.8028377e-06,-0.77299
2.8028877e-06,-0.770493
2.8029377e-06,-0.773878
2.8029877e-06,-0.774793
2.8030377e-06,-0.768357
2.8030877e-06,-0.759035
2.8031377e-06,-0.754846
2.8031877e-06,-0.758924
2.8032377e-06,-0.767081
2.8032877e-06,-0.772546
2.8033377e-06,-0.772518
2.8033877e-06,-0.769689
2.8034377e-06,-0.767719
2.8034877e-06,-0.766692
2.8035377e-06,-0.765888
2.8035877e-06,-0.768107
2.8036377e-06,-0.775182
2.8036877e-06,-0.782118
2.8037377e-06,-0.781951
2.8037877e-06,-0.775681
2.8038377e-06,-0.770798
2.8038877e-06,-0.770882
2.8039377e-06,-0.772879
2.8039877e-06,-0.773933
2.8040377e-06,-0.773961
2.8040877e-06,-0.772047
2.8041377e-06,-0.765888
2.8041877e-06,-0.757537
2.8042377e-06,-0.754041
2.8042877e-06,-0.759174
2.8043377e-06,-0.767663
2.8043877e-06,-0.771187
2.8044377e-06,-0.768246
2.8044877e-06,-0.765166
2.8045377e-06,-0.767192
2.8045877e-06,-0.772075
2.8046377e-06,-0.773933
2.8046877e-06,-0.770632
2.8047377e-06,-0.764917
2.8047877e-06,-0.760311
2.8048377e-06,-0.757898
2.8048877e-06,-0.756871
2.8049377e-06,-0.756289
2.8049877e-06,-0.7564
2.8050377e-06,-0.758092
2.8050877e-06,-0.760644
2.8051377e-06,-0.762253
2.8051877e-06,-0.763585
2.8052377e-06,-0.768329
2.8052877e-06,-0.77668
2.8053377e-06,-0.780647
2.8053877e-06,-0.772491
2.8054377e-06,-0.757232
2.8054877e-06,-0.749686
2.8055377e-06,-0.756677
2.8055877e-06,-0.768218
2.8056377e-06,-0.770632
2.8056877e-06,-0.763474
2.8057377e-06,-0.757287
2.8057877e-06,-0.758369
2.8058377e-06,-0.76156
2.8058877e-06,-0.759174
2.8059377e-06,-0.752266
2.8059877e-06,-0.749048
2.8060377e-06,-0.753209
2.8060877e-06,-0.758258
2.8061377e-06,-0.756344
2.8061877e-06,-0.749519
2.8062377e-06,-0.747549
2.8062877e-06,-0.754152
2.8063377e-06,-0.761726
2.8063877e-06,-0.762281
2.8064377e-06,-0.758786
2.8064877e-06,-0.760811
2.8065377e-06,-0.769689
2.8065877e-06,-0.775126
2.8066377e-06,-0.768718
2.8066877e-06,-0.7559
2.8067377e-06,-0.748881
2.8067877e-06,-0.75074
2.8068377e-06,-0.753376
2.8068877e-06,-0.751739
2.8069377e-06,-0.751517
2.8069877e-06,-0.758813
2.8070377e-06,-0.768301
2.8070877e-06,-0.770049
2.8071377e-06,-0.764861
2.8071877e-06,-0.763363
2.8072377e-06,-0.768773
2.8072877e-06,-0.769883
2.8073377e-06,-0.757038
2.8073877e-06,-0.738727
2.8074377e-06,-0.734039
2.8074877e-06,-0.74927
2.8075377e-06,-0.768551
2.8075877e-06,-0.771908
2.8076377e-06,-0.759063
2.8076877e-06,-0.748354
2.8077377e-06,-0.751295
2.8077877e-06,-0.758258
2.8078377e-06,-0.755567
2.8078877e-06,-0.747161
2.8079377e-06,-0.747688
2.8079877e-06,-0.758175
2.8080377e-06,-0.763502
2.8080877e-06,-0.754957
2.8081377e-06,-0.743887
2.8081877e-06,-0.746273
2.8082377e-06,-0.760672
2.8082877e-06,-0.769217
2.8083377e-06,-0.759784
2.8083877e-06,-0.741141
2.8084377e-06,-0.733151
2.8084877e-06,-0.743693
2.8085377e-06,-0.760006
2.8085877e-06,-0.76389
2.8086377e-06,-0.752737
2.8086877e-06,-0.741058
2.8087377e-06,-0.742667
2.8087877e-06,-0.755151
2.8088377e-06,-0.764528
2.8088877e-06,-0.761643
2.8089377e-06,-0.750934
2.8089877e-06,-0.744026
2.8090377e-06,-0.748077
2.8090877e-06,-0.759535
2.8091377e-06,-0.76672
2.8091877e-06,-0.75959
2.8092377e-06,-0.74128
2.8092877e-06,-0.727463
2.8093377e-06,-0.72996
2.8093877e-06,-0.743388
2.8094377e-06,-0.753098
2.8094877e-06,-0.753181
2.8095377e-06,-0.75049
2.8095877e-06,-0.752238
2.8096377e-06,-0.75676
2.8096877e-06,-0.756816
2.8097377e-06,-0.749159
2.8097877e-06,-0.739005
2.8098377e-06,-0.736175
2.8098877e-06,-0.745718
2.8099377e-06,-0.761754
2.8099877e-06,-0.771547
2.8100377e-06,-0.768246
2.8100877e-06,-0.758508
2.8101377e-06,-0.754624
2.8101877e-06,-0.759978
2.8102377e-06,-0.766609
2.8102877e-06,-0.767053
2.8103377e-06,-0.763252
2.8103877e-06,-0.761421
2.8104377e-06,-0.762586
2.8104877e-06,-0.761754
2.8105377e-06,-0.75504
2.8105877e-06,-0.744664
2.8106377e-06,-0.735925
2.8106877e-06,-0.731958
2.8107377e-06,-0.733373
2.8107877e-06,-0.740114
2.8108377e-06,-0.74988
2.8108877e-06,-0.756733
2.8109377e-06,-0.756261
2.8109877e-06,-0.75185
2.8110377e-06,-0.751461
2.8110877e-06,-0.757593
2.8111377e-06,-0.764334
2.8111877e-06,-0.765916
2.8112377e-06,-0.763752
2.8112877e-06,-0.762448
2.8113377e-06,-0.76192
2.8113877e-06,-0.757565
2.8114377e-06,-0.747244
2.8114877e-06,-0.735453
2.8115377e-06,-0.730099
2.8115877e-06,-0.734871
2.8116377e-06,-0.744553
2.8116877e-06,-0.749353
2.8117377e-06,-0.745025
2.8117877e-06,-0.737839
2.8118377e-06,-0.737229
2.8118877e-06,-0.744969
2.8119377e-06,-0.753986
2.8119877e-06,-0.756594
2.8120377e-06,-0.752848
2.8120877e-06,-0.749908
2.8121377e-06,-0.752432
2.8121877e-06,-0.755068
2.8122377e-06,-0.748937
2.8122877e-06,-0.735786
2.8123377e-06,-0.728934
2.8123877e-06,-0.736203
2.8124377e-06,-0.748521
2.8124877e-06,-0.751517
2.8125377e-06,-0.744581
2.8125877e-06,-0.740836
2.8126377e-06,-0.748188
2.8126877e-06,-0.758009
2.8127377e-06,-0.757093
2.8127877e-06,-0.746689
2.8128377e-06,-0.740725
2.8128877e-06,-0.745358
2.8129377e-06,-0.75099
2.8129877e-06,-0.748853
2.8130377e-06,-0.744831
2.8130877e-06,-0.748604
2.8131377e-06,-0.757509
2.8131877e-06,-0.761005
2.8132377e-06,-0.756982
2.8132877e-06,-0.752821
2.8133377e-06,-0.752349
2.8133877e-06,-0.750463
2.8134377e-06,-0.743471
2.8134877e-06,-0.736896
2.8135377e-06,-0.737479
2.8135877e-06,-0.741751
2.8136377e-06,-0.741169
2.8136877e-06,-0.73587
2.8137377e-06,-0.73501
2.8137877e-06,-0.74189
2.8138377e-06,-0.748049
2.8138877e-06,-0.745968
2.8139377e-06,-0.739809
2.8139877e-06,-0.738366
2.8140377e-06,-0.742389
2.8140877e-06,-0.746107
2.8141377e-06,-0.7468
2.8141877e-06,-0.746079
2.8142377e-06,-0.744387
2.8142877e-06,-0.74139
2.8143377e-06,-0.739837
2.8143877e-06,-0.742611
2.8144377e-06,-0.747022
2.8144877e-06,-0.7473
2.8145377e-06,-0.7425
2.8145877e-06,-0.73759
2.8146377e-06,-0.736868
2.8146877e-06,-0.739421
2.8147377e-06,-0.741973
2.8147877e-06,-0.743971
2.8148377e-06,-0.746523
2.8148877e-06,-0.748049
2.8149377e-06,-0.744803
2.8149877e-06,-0.737728
2.8150377e-06,-0.733317
2.8150877e-06,-0.734982
2.8151377e-06,-0.738561
2.8151877e-06,-0.740059
2.8152377e-06,-0.742334
2.8152877e-06,-0.748853
2.8153377e-06,-0.755512
2.8153877e-06,-0.75554
2.8154377e-06,-0.749492
2.8154877e-06,-0.743971
2.8155377e-06,-0.741834
2.8155877e-06,-0.739337
2.8156377e-06,-0.733928
2.8156877e-06,-0.729516
2.8157377e-06,-0.731125
2.8157877e-06,-0.737063
2.8158377e-06,-0.740392
2.8158877e-06,-0.738145
2.8159377e-06,-0.735231
2.8159877e-06,-0.737229
2.8160377e-06,-0.742667
2.8160877e-06,-0.745191
2.8161377e-06,-0.742167
2.8161877e-06,-0.737534
2.8162377e-06,-0.735759
2.8162877e-06,-0.736757
2.8163377e-06,-0.73759
2.8163877e-06,-0.737201
2.8164377e-06,-0.736341
2.8164877e-06,-0.735342
2.8165377e-06,-0.734399
2.8165877e-06,-0.735204
2.8166377e-06,-0.738894
2.8166877e-06,-0.743333
2.8167377e-06,-0.745025
2.8167877e-06,-0.742583
2.8168377e-06,-0.737174
2.8168877e-06,-0.731015
2.8169377e-06,-0.727547
2.8169877e-06,-0.729905
2.8170377e-06,-0.736952
2.8170877e-06,-0.742472
2.8171377e-06,-0.741501
2.8171877e-06,-0.735953
2.8172377e-06,-0.731708
2.8172877e-06,-0.731486
2.8173377e-06,-0.733622
2.8173877e-06,-0.736868
2.8174377e-06,-0.741807
2.8174877e-06,-0.747272
2.8175377e-06,-0.750046
2.8175877e-06,-0.74927
2.8176377e-06,-0.747688
2.8176877e-06,-0.7473
2.8177377e-06,-0.746828
2.8177877e-06,-0.744803
2.8178377e-06,-0.741834
2.8178877e-06,-0.738366
2.8179377e-06,-0.733622
2.8179877e-06,-0.729128
2.8180377e-06,-0.728823
2.8180877e-06,-0.733206
2.8181377e-06,-0.736286
2.8181877e-06,-0.733234
2.8182377e-06,-0.728129
2.8182877e-06,-0.729267
2.8183377e-06,-0.737506
2.8183877e-06,-0.744054
2.8184377e-06,-0.741612
2.8184877e-06,-0.733761
2.8185377e-06,-0.730404
2.8185877e-06,-0.73501
2.8186377e-06,-0.740281
2.8186877e-06,-0.738256
2.8187377e-06,-0.731292
2.8187877e-06,-0.728407
2.8188377e-06,-0.732762
2.8188877e-06,-0.738394
2.8189377e-06,-0.739005
2.8189877e-06,-0.734427
2.8190377e-06,-0.727269
2.8190877e-06,-0.720222
2.8191377e-06,-0.718253
2.8191877e-06,-0.726021
2.8192377e-06,-0.739643
2.8192877e-06,-0.747161
2.8193377e-06,-0.741252
2.8193877e-06,-0.728323
2.8194377e-06,-0.720583
2.8194877e-06,-0.722525
2.8195377e-06,-0.728629
2.8195877e-06,-0.733095
2.8196377e-06,-0.736341
2.8196877e-06,-0.740142
2.8197377e-06,-0.741141
2.8197877e-06,-0.734926
2.8198377e-06,-0.724828
2.8198877e-06,-0.719806
2.8199377e-06,-0.72308
2.8199877e-06,-0.728157
2.8200377e-06,-0.728268
2.8200877e-06,-0.724412
2.8201377e-06,-0.721443
2.8201877e-06,-0.720999
2.8202377e-06,-0.721082
2.8202877e-06,-0.719917
2.8203377e-06,-0.716865
2.8203877e-06,-0.713092
2.8204377e-06,-0.713203
2.8204877e-06,-0.721693
2.8205377e-06,-0.734039
2.8205877e-06,-0.738533
2.8206377e-06,-0.732152
2.8206877e-06,-0.727186
2.8207377e-06,-0.7339
2.8207877e-06,-0.743305
2.8208377e-06,-0.739116
2.8208877e-06,-0.723135
2.8209377e-06,-0.714174
2.8209877e-06,-0.721637
2.8210377e-06,-0.733706
2.8210877e-06,-0.73623
2.8211377e-06,-0.730931
2.8211877e-06,-0.728906
2.8212377e-06,-0.734344
2.8212877e-06,-0.741918
2.8213377e-06,-0.744831
2.8213877e-06,-0.74078
2.8214377e-06,-0.732818
2.8214877e-06,-0.726659
2.8215377e-06,-0.725105
2.8215877e-06,-0.724966
2.8216377e-06,-0.722026
2.8216877e-06,-0.717587
2.8217377e-06,-0.71656
2.8217877e-06,-0.719945
2.8218377e-06,-0.724412
2.8218877e-06,-0.727547
2.8219377e-06,-0.728712
2.8219877e-06,-0.72677
2.8220377e-06,-0.722775
2.8220877e-06,-0.722386
2.8221377e-06,-0.728601
2.8221877e-06,-0.735398
2.8222377e-06,-0.735204
2.8222877e-06,-0.730265
2.8223377e-06,-0.728878
2.8223877e-06,-0.732346
2.8224377e-06,-0.733817
2.8224877e-06,-0.729683
2.8225377e-06,-0.724661
2.8225877e-06,-0.723191
2.8226377e-06,-0.723385
2.8226877e-06,-0.722164
2.8227377e-06,-0.720971
2.8227877e-06,-0.721776
2.8228377e-06,-0.722692
2.8228877e-06,-0.722081
2.8229377e-06,-0.723524
2.8229877e-06,-0.73082
2.8230377e-06,-0.740087
2.8230877e-06,-0.743111
2.8231377e-06,-0.738145
2.8231877e-06,-0.731653
2.8232377e-06,-0.729017
2.8232877e-06,-0.728656
2.8233377e-06,-0.727574
2.8233877e-06,-0.726354
2.8234377e-06,-0.725771
2.8234877e-06,-0.724273
2.8235377e-06,-0.722359
2.8235877e-06,-0.724245
2.8236377e-06,-0.730515
2.8236877e-06,-0.734316
2.8237377e-06,-0.729988
2.8237877e-06,-0.721831
2.8238377e-06,-0.719085
2.8238877e-06,-0.723607
2.8239377e-06,-0.728074
2.8239877e-06,-0.725854
2.8240377e-06,-0.718807
2.8240877e-06,-0.712954
2.8241377e-06,-0.710845
2.8241877e-06,-0.71226
2.8242377e-06,-0.718253
2.8242877e-06,-0.728268
2.8243377e-06,-0.73623
2.8243877e-06,-0.736147
2.8244377e-06,-0.730238
2.8244877e-06,-0.72566
2.8245377e-06,-0.724689
2.8245877e-06,-0.723663
2.8246377e-06,-0.720528
2.8246877e-06,-0.71742
2.8247377e-06,-0.7157
2.8247877e-06,-0.714535
2.8248377e-06,-0.714923
2.8248877e-06,-0.719335
2.8249377e-06,-0.725716
2.8249877e-06,-0.726881
2.8250377e-06,-0.719446
2.8250877e-06,-0.709985
2.8251377e-06,-0.708015
2.8251877e-06,-0.713287
2.8252377e-06,-0.715894
2.8252877e-06,-0.710374
2.8253377e-06,-0.705102
2.8253877e-06,-0.710901
2.8254377e-06,-0.723801
2.8254877e-06,-0.729322
2.8255377e-06,-0.72308
2.8255877e-06,-0.716283
2.8256377e-06,-0.718058
2.8256877e-06,-0.722719
2.8257377e-06,-0.720417
2.8257877e-06,-0.712232
2.8258377e-06,-0.706906
2.8258877e-06,-0.707377
2.8259377e-06,-0.708626
2.8259877e-06,-0.70735
2.8260377e-06,-0.706517
2.8260877e-06,-0.709458
2.8261377e-06,-0.713952
2.8261877e-06,-0.715229
2.8262377e-06,-0.712232
2.8262877e-06,-0.708515
2.8263377e-06,-0.707627
2.8263877e-06,-0.709846
2.8264377e-06,-0.712926
2.8264877e-06,-0.714785
2.8265377e-06,-0.715756
2.8265877e-06,-0.718253
2.8266377e-06,-0.722886
2.8266877e-06,-0.725438
2.8267377e-06,-0.721332
2.8267877e-06,-0.714091
2.8268377e-06,-0.712954
2.8268877e-06,-0.719362
2.8269377e-06,-0.722359
2.8269877e-06,-0.713647
2.8270377e-06,-0.701662
2.8270877e-06,-0.702217
2.8271377e-06,-0.716005
2.8271877e-06,-0.726048
2.8272377e-06,-0.719945
2.8272877e-06,-0.705796
2.8273377e-06,-0.699554
2.8273877e-06,-0.704159
2.8274377e-06,-0.709874
2.8274877e-06,-0.710956
2.8275377e-06,-0.71115
2.8275877e-06,-0.713925
2.8276377e-06,-0.716671
2.8276877e-06,-0.71706
2.8277377e-06,-0.716727
2.8277877e-06,-0.716588
2.8278377e-06,-0.71484
2.8278877e-06,-0.71226
2.8279377e-06,-0.712898
2.8279877e-06,-0.717393
2.8280377e-06,-0.720195
2.8280877e-06,-0.717337
2.8281377e-06,-0.711705
2.8281877e-06,-0.70857
2.8282377e-06,-0.709014
2.8282877e-06,-0.711345
2.8283377e-06,-0.715562
2.8283877e-06,-0.721582
2.8284377e-06,-0.72505
2.8284877e-06,-0.720555
2.8285377e-06,-0.710679
2.8285877e-06,-0.705352
2.8286377e-06,-0.708986
2.8286877e-06,-0.713758
2.8287377e-06,-0.710595
2.8287877e-06,-0.702966
2.8288377e-06,-0.7028
2.8288877e-06,-0.713703
2.8289377e-06,-0.725133
2.8289877e-06,-0.72541
2.8290377e-06,-0.716727
2.8290877e-06,-0.711594
2.8291377e-06,-0.715922
2.8291877e-06,-0.72197
2.8292377e-06,-0.720084
2.8292877e-06,-0.711733
2.8293377e-06,-0.706184
2.8293877e-06,-0.708182
2.8294377e-06,-0.714091
2.8294877e-06,-0.719529
2.8295377e-06,-0.72394
2.8295877e-06,-0.726853
2.8296377e-06,-0.724412
2.8296877e-06,-0.714674
2.8297377e-06,-0.703576
2.8297877e-06,-0.700136
2.8298377e-06,-0.705435
2.8298877e-06,-0.710928
2.8299377e-06,-0.708432
2.8299877e-06,-0.699443
2.8300377e-06,-0.693145
2.8300877e-06,-0.696363
2.8301377e-06,-0.7066
2.8301877e-06,-0.71448
2.8302377e-06,-0.714091
2.8302877e-06,-0.709375
2.8303377e-06,-0.708043
2.8303877e-06,-0.710817
2.8304377e-06,-0.712316
2.8304877e-06,-0.711345
2.8305377e-06,-0.711761
2.8305877e-06,-0.713176
2.8306377e-06,-0.709819
2.8306877e-06,-0.701523
2.8307377e-06,-0.696335
2.8307877e-06,-0.699082
2.8308377e-06,-0.704547
2.8308877e-06,-0.705602
2.8309377e-06,-0.70194
2.8309877e-06,-0.697806
2.8310377e-06,-0.696835
2.8310877e-06,-0.701745
2.8311377e-06,-0.713259
2.8311877e-06,-0.725799
2.8312377e-06,-0.728656
2.8312877e-06,-0.716588
2.8313377e-06,-0.697501
2.8313877e-06,-0.685876
2.8314377e-06,-0.689178
2.8314877e-06,-0.702356
2.8315377e-06,-0.714147
2.8315877e-06,-0.716227
2.8316377e-06,-0.708154
2.8316877e-06,-0.696807
2.8317377e-06,-0.691591
2.8317877e-06,-0.69689
2.8318377e-06,-0.708015
2.8318877e-06,-0.715839
2.8319377e-06,-0.715118
2.8319877e-06,-0.70746
2.8320377e-06,-0.698555
2.8320877e-06,-0.695253
2.8321377e-06,-0.701107
2.8321877e-06,-0.710595
2.8322377e-06,-0.711899
2.8322877e-06,-0.700525
2.8323377e-06,-0.687125
2.8323877e-06,-0.685738
2.8324377e-06,-0.697112
2.8324877e-06,-0.709264
2.8325377e-06,-0.712981
2.8325877e-06,-0.710068
2.8326377e-06,-0.706711
2.8326877e-06,-0.705935
2.8327377e-06,-0.707377
2.8327877e-06,-0.710263
2.8328377e-06,-0.713398
2.8328877e-06,-0.714341
2.8329377e-06,-0.710152
2.8329877e-06,-0.700969
2.8330377e-06,-0.692035
2.8330877e-06,-0.689122
2.8331377e-06,-0.691619
2.8331877e-06,-0.694144
2.8332377e-06,-0.695475
2.8332877e-06,-0.699748
2.8333377e-06,-0.706406
2.8333877e-06,-0.707294
2.8334377e-06,-0.698472
2.8334877e-06,-0.688207
2.8335377e-06,-0.687902
2.8335877e-06,-0.69861
2.8336377e-06,-0.710068
2.8336877e-06,-0.711872
2.8337377e-06,-0.703105
2.8337877e-06,-0.692174
2.8338377e-06,-0.687818
2.8338877e-06,-0.690038
2.8339377e-06,-0.692313
2.8339877e-06,-0.691813
2.8340377e-06,-0.693284
2.8340877e-06,-0.700192
2.8341377e-06,-0.707405
2.8341877e-06,-0.7071
2.8342377e-06,-0.698888
2.8342877e-06,-0.690398
2.8343377e-06,-0.68915
2.8343877e-06,-0.696058
2.8344377e-06,-0.704769
2.8344877e-06,-0.706739
2.8345377e-06,-0.700136
2.8345877e-06,-0.693617
2.8346377e-06,-0.697695
2.8346877e-06,-0.710679
2.8347377e-06,-0.719224
2.8347877e-06,-0.714341
2.8348377e-06,-0.702411
2.8348877e-06,-0.696086
2.8349377e-06,-0.698472
2.8349877e-06,-0.70169
2.8350377e-06,-0.699276
2.8350877e-06,-0.693811
2.8351377e-06,-0.690731
2.8351877e-06,-0.691009
2.8352377e-06,-0.692784
2.8352877e-06,-0.695531
2.8353377e-06,-0.698666
2.8353877e-06,-0.700025
2.8354377e-06,-0.699248
2.8354877e-06,-0.699554
2.8355377e-06,-0.702772
2.8355877e-06,-0.705879
2.8356377e-06,-0.705713
2.8356877e-06,-0.703909
2.8357377e-06,-0.703327
2.8357877e-06,-0.702938
2.8358377e-06,-0.700497
2.8358877e-06,-0.697612
2.8359377e-06,-0.69775
2.8359877e-06,-0.700081
2.8360377e-06,-0.700608
2.8360877e-06,-0.699138
2.8361377e-06,-0.699831
2.8361877e-06,-0.7028
2.8362377e-06,-0.701607
2.8362877e-06,-0.694255
2.8363377e-06,-0.689927
2.8363877e-06,-0.696918
2.8364377e-06,-0.708043
2.8364877e-06,-0.708348
2.8365377e-06,-0.695503
2.8365877e-06,-0.682714
2.8366377e-06,-0.681215
2.8366877e-06,-0.6889
2.8367377e-06,-0.697917
2.8367877e-06,-0.704381
2.8368377e-06,-0.707294
2.8368877e-06,-0.704326
2.8369377e-06,-0.694976
2.8369877e-06,-0.685044
2.8370377e-06,-0.682353
2.8370877e-06,-0.688789
2.8371377e-06,-0.698777
2.8371877e-06,-0.70402
2.8372377e-06,-0.699276
2.8372877e-06,-0.686709
2.8373377e-06,-0.675195
2.8373877e-06,-0.672338
2.8374377e-06,-0.677082
2.8374877e-06,-0.682769
2.8375377e-06,-0.68571
2.8375877e-06,-0.687485
2.8376377e-06,-0.689733
2.8376877e-06,-0.691231
2.8377377e-06,-0.69087
2.8377877e-06,-0.690121
2.8378377e-06,-0.690204
2.8378877e-06,-0.690149
2.8379377e-06,-0.689483
2.8379877e-06,-0.690537
2.8380377e-06,-0.694504
2.8380877e-06,-0.697445
2.8381377e-06,-0.694865
2.8381877e-06,-0.688762
2.8382377e-06,-0.685904
2.8382877e-06,-0.689122
2.8383377e-06,-0.694282
2.8383877e-06,-0.696335
2.8384377e-06,-0.69517
2.8384877e-06,-0.69345
2.8385377e-06,-0.691453
2.8385877e-06,-0.687263
2.8386377e-06,-0.681437
2.8386877e-06,-0.678302
2.8387377e-06,-0.681493
2.8387877e-06,-0.689455
2.8388377e-06,-0.696335
2.8388877e-06,-0.697112
2.8389377e-06,-0.692146
2.8389877e-06,-0.686376
2.8390377e-06,-0.684017
2.8390877e-06,-0.68546
2.8391377e-06,-0.689205
2.8391877e-06,-0.693755
2.8392377e-06,-0.695559
2.8392877e-06,-0.69026
2.8393377e-06,-0.680439
2.8393877e-06,-0.676915
2.8394377e-06,-0.685155
2.8394877e-06,-0.695226
2.8395377e-06,-0.694421
2.8395877e-06,-0.685044
2.8396377e-06,-0.679689
2.8396877e-06,-0.681881
2.8397377e-06,-0.683712
2.8397877e-06,-0.680577
2.8398377e-06,-0.67686
2.8398877e-06,-0.677526
2.8399377e-06,-0.681493
2.8399877e-06,-0.685099
2.8400377e-06,-0.686598
2.8400877e-06,-0.686875
2.8401377e-06,-0.687125
2.8401877e-06,-0.686958
2.8402377e-06,-0.685266
2.8402877e-06,-0.683102
2.8403377e-06,-0.683379
2.8403877e-06,-0.686098
2.8404377e-06,-0.687208
2.8404877e-06,-0.683934
2.8405377e-06,-0.679107
2.8405877e-06,-0.677969
2.8406377e-06,-0.681437
2.8406877e-06,-0.685127
2.8407377e-06,-0.6846
2.8407877e-06,-0.680993
2.8408377e-06,-0.679995
2.8408877e-06,-0.684683
2.8409377e-06,-0.690815
2.8409877e-06,-0.691897
2.8410377e-06,-0.687236
2.8410877e-06,-0.682103
2.8411377e-06,-0.680688
2.8411877e-06,-0.68227
2.8412377e-06,-0.683712
2.8412877e-06,-0.683102
2.8413377e-06,-0.680993
2.8413877e-06,-0.67919
2.8414377e-06,-0.678302
2.8414877e-06,-0.677137
2.8415377e-06,-0.675445
2.8415877e-06,-0.675805
2.8416377e-06,-0.680605
2.8416877e-06,-0.687846
2.8417377e-06,-0.692396
2.8417877e-06,-0.69087
2.8418377e-06,-0.684877
2.8418877e-06,-0.679662
2.8419377e-06,-0.679301
2.8419877e-06,-0.683352
2.8420377e-06,-0.687652
2.8420877e-06,-0.688706
2.8421377e-06,-0.686015
2.8421877e-06,-0.681715
2.8422377e-06,-0.679384
2.8422877e-06,-0.681992
2.8423377e-06,-0.68829
2.8423877e-06,-0.691841
2.8424377e-06,-0.687485
2.8424877e-06,-0.678441
2.8425377e-06,-0.672643
2.8425877e-06,-0.67267
2.8426377e-06,-0.674446
2.8426877e-06,-0.675445
2.8427377e-06,-0.678219
2.8427877e-06,-0.683851
2.8428377e-06,-0.687735
2.8428877e-06,-0.685405
2.8429377e-06,-0.679717
2.8429877e-06,-0.678164
2.8430377e-06,-0.682963
2.8430877e-06,-0.687513
2.8431377e-06,-0.684822
2.8431877e-06,-0.677803
2.8432377e-06,-0.675417
2.8432877e-06,-0.679468
2.8433377e-06,-0.682297
2.8433877e-06,-0.679329
2.8434377e-06,-0.676582
2.8434877e-06,-0.679995
2.8435377e-06,-0.684295
2.8435877e-06,-0.680494
2.8436377e-06,-0.671477
2.8436877e-06,-0.670368
2.8437377e-06,-0.68177
2.8437877e-06,-0.693256
2.8438377e-06,-0.69112
2.8438877e-06,-0.679357
2.8439377e-06,-0.67378
2.8439877e-06,-0.679606
2.8440377e-06,-0.684822
2.8440877e-06,-0.6798
2.8441377e-06,-0.673447
2.8441877e-06,-0.679967
2.8442377e-06,-0.695087
2.8442877e-06,-0.698916
2.8443377e-06,-0.682852
2.8443877e-06,-0.662711
2.8444377e-06,-0.659576
2.8444877e-06,-0.674307
2.8445377e-06,-0.687929
2.8445877e-06,-0.685654
2.8446377e-06,-0.673586
2.8446877e-06,-0.668232
2.8447377e-06,-0.674196
2.8447877e-06,-0.680078
2.8448377e-06,-0.67636
2.8448877e-06,-0.668232
2.8449377e-06,-0.666234
2.8449877e-06,-0.670673
2.8450377e-06,-0.673087
2.8450877e-06,-0.670506
2.8451377e-06,-0.669119
2.8451877e-06,-0.67353
2.8452377e-06,-0.67944
2.8452877e-06,-0.681215
2.8453377e-06,-0.681021
2.8453877e-06,-0.684267
2.8454377e-06,-0.688512
2.8454877e-06,-0.685099
2.8455377e-06,-0.672781
2.8455877e-06,-0.662711
2.8456377e-06,-0.665846
2.8456877e-06,-0.678774
2.8457377e-06,-0.68682
2.8457877e-06,-0.680466
2.8458377e-06,-0.666678
2.8458877e-06,-0.661129
2.8459377e-06,-0.670118
2.8459877e-06,-0.683157
2.8460377e-06,-0.685488
2.8460877e-06,-0.675306
2.8461377e-06,-0.664375
2.8461877e-06,-0.663071
2.8462377e-06,-0.669119
2.8462877e-06,-0.672504
2.8463377e-06,-0.66837
2.8463877e-06,-0.662433
2.8464377e-06,-0.662267
2.8464877e-06,-0.667482
2.8465377e-06,-0.671588
2.8465877e-06,-0.672393
2.8466377e-06,-0.674113
2.8466877e-06,-0.678191
2.8467377e-06,-0.678857
2.8467877e-06,-0.671977
2.8468377e-06,-0.663737
2.8468877e-06,-0.663848
2.8469377e-06,-0.671505
2.8469877e-06,-0.675112
2.8470377e-06,-0.66776
2.8470877e-06,-0.657661
2.8471377e-06,-0.657384
2.8471877e-06,-0.667427
2.8472377e-06,-0.676471
2.8472877e-06,-0.676111
2.8473377e-06,-0.669757
2.8473877e-06,-0.666595
2.8474377e-06,-0.671061
2.8474877e-06,-0.67944
2.8475377e-06,-0.68435
2.8475877e-06,-0.681742
2.8476377e-06,-0.675334
2.8476877e-06,-0.672726
2.8477377e-06,-0.675778
2.8477877e-06,-0.677969
2.8478377e-06,-0.673752
2.8478877e-06,-0.666539
2.8479377e-06,-0.663404
2.8479877e-06,-0.665429
2.8480377e-06,-0.668703
2.8480877e-06,-0.671561
2.8481377e-06,-0.674807
2.8481877e-06,-0.677331
2.8482377e-06,-0.677054
2.8482877e-06,-0.676138
2.8483377e-06,-0.678413
2.8483877e-06,-0.68116
2.8484377e-06,-0.676277
2.8484877e-06,-0.662711
2.8485377e-06,-0.651114
2.8485877e-06,-0.651253
2.8486377e-06,-0.659409
2.8486877e-06,-0.66382
2.8487377e-06,-0.66002
2.8487877e-06,-0.654637
2.8488377e-06,-0.655137
2.8488877e-06,-0.661684
2.8489377e-06,-0.66948
2.8489877e-06,-0.674002
2.8490377e-06,-0.672781
2.8490877e-06,-0.665873
2.8491377e-06,-0.657745
2.8491877e-06,-0.655359
2.8492377e-06,-0.661323
2.8492877e-06,-0.670506
2.8493377e-06,-0.676166
2.8493877e-06,-0.677359
2.8494377e-06,-0.677082
2.8494877e-06,-0.676138
2.8495377e-06,-0.673087
2.8495877e-06,-0.669092
2.8496377e-06,-0.667899
2.8496877e-06,-0.67095
2.8497377e-06,-0.675029
2.8497877e-06,-0.675944
2.8498377e-06,-0.673752
2.8498877e-06,-0.672282
2.8499377e-06,-0.672254
2.8499877e-06,-0.66923
2.8500377e-06,-0.660685
2.8500877e-06,-0.651613
2.8501377e-06,-0.648811
2.8501877e-06,-0.652473
2.8502377e-06,-0.657412
2.8502877e-06,-0.660602
2.8503377e-06,-0.6626
2.8503877e-06,-0.662849
2.8504377e-06,-0.659076
2.8504877e-06,-0.652196
2.8505377e-06,-0.647369
2.8505877e-06,-0.647591
2.8506377e-06,-0.651086
2.8506877e-06,-0.656996
2.8507377e-06,-0.667177
2.8507877e-06,-0.677747
2.8508377e-06,-0.677692
2.8508877e-06,-0.66321
2.8509377e-06,-0.647785
2.8509877e-06,-0.64748
2.8510377e-06,-0.65952
2.8510877e-06,-0.666456
2.8511377e-06,-0.660519
2.8511877e-06,-0.653583
2.8512377e-06,-0.658605
2.8512877e-06,-0.670368
2.8513377e-06,-0.672587
2.8513877e-06,-0.659909
2.8514377e-06,-0.646176
2.8514877e-06,-0.649033
2.8515377e-06,-0.668786
2.8515877e-06,-0.685072
2.8516377e-06,-0.677997
2.8516877e-06,-0.652779
2.8517377e-06,-0.636909
2.8517877e-06,-0.648506
2.8518377e-06,-0.674252
2.8518877e-06,-0.685987
2.8519377e-06,-0.674141
2.8519877e-06,-0.655719
2.8520377e-06,-0.650448
2.8520877e-06,-0.658272
2.8521377e-06,-0.663987
2.8521877e-06,-0.658133
2.8522377e-06,-0.64723
2.8522877e-06,-0.644567
2.8523377e-06,-0.654998
2.8523877e-06,-0.669924
2.8524377e-06,-0.676471
2.8524877e-06,-0.670673
2.8525377e-06,-0.660352
2.8525877e-06,-0.654998
2.8526377e-06,-0.655969
2.8526877e-06,-0.658466
2.8527377e-06,-0.659881
2.8527877e-06,-0.66174
2.8528377e-06,-0.664791
2.8528877e-06,-0.6664
2.8529377e-06,-0.664542
2.8529877e-06,-0.661712
2.8530377e-06,-0.661962
2.8530877e-06,-0.664875
2.8531377e-06,-0.66604
2.8531877e-06,-0.663848
2.8532377e-06,-0.661795
2.8532877e-06,-0.661684
2.8533377e-06,-0.659992
2.8533877e-06,-0.65411
2.8534377e-06,-0.648867
2.8534877e-06,-0.651253
2.8535377e-06,-0.660075
2.8535877e-06,-0.665929
2.8536377e-06,-0.663571
2.8536877e-06,-0.65866
2.8537377e-06,-0.658938
2.8537877e-06,-0.663016
2.8538377e-06,-0.663515
2.8538877e-06,-0.659159
2.8539377e-06,-0.656163
2.8539877e-06,-0.657856
2.8540377e-06,-0.659603
2.8540877e-06,-0.65719
2.8541377e-06,-0.65325
2.8541877e-06,-0.651419
2.8542377e-06,-0.649893
2.8542877e-06,-0.647202
2.8543377e-06,-0.647951
2.8543877e-06,-0.654832
2.8544377e-06,-0.660713
2.8544877e-06,-0.657412
2.8545377e-06,-0.649255
2.8545877e-06,-0.648451
2.8546377e-06,-0.658549
2.8546877e-06,-0.670312
2.8547377e-06,-0.674002
2.8547877e-06,-0.669591
2.8548377e-06,-0.663904
2.8548877e-06,-0.661906
2.8549377e-06,-0.662378
2.8549877e-06,-0.660602
2.8550377e-06,-0.654998
2.8550877e-06,-0.65042
2.8551377e-06,-0.652279
2.8551877e-06,-0.65866
2.8552377e-06,-0.661712
2.8552877e-06,-0.657301
2.8553377e-06,-0.649699
2.8553877e-06,-0.645704
2.8554377e-06,-0.647008
2.8554877e-06,-0.650531
2.8555377e-06,-0.653694
2.8555877e-06,-0.655858
2.8556377e-06,-0.655664
2.8556877e-06,-0.65153
2.8557377e-06,-0.645704
2.8557877e-06,-0.643485
2.8558377e-06,-0.646564
2.8558877e-06,-0.650365
2.8559377e-06,-0.650282
2.8559877e-06,-0.647313
2.8560377e-06,-0.645676
2.8560877e-06,-0.647507
2.8561377e-06,-0.651447
2.8561877e-06,-0.655303
2.8562377e-06,-0.658438
2.8562877e-06,-0.661407
2.8563377e-06,-0.66346
2.8563877e-06,-0.66124
2.8564377e-06,-0.652501
2.8564877e-06,-0.641515
2.8565377e-06,-0.638019
2.8565877e-06,-0.647063
2.8566377e-06,-0.660491
2.8566877e-06,-0.663155
2.8567377e-06,-0.65042
2.8567877e-06,-0.635994
2.8568377e-06,-0.637437
2.8568877e-06,-0.654221
2.8569377e-06,-0.666789
2.8569877e-06,-0.660352
2.8570377e-06,-0.644372
2.8570877e-06,-0.641099
2.8571377e-06,-0.655747
2.8571877e-06,-0.668814
2.8572377e-06,-0.662794
2.8572877e-06,-0.646342
2.8573377e-06,-0.640766
2.8573877e-06,-0.64981
2.8574377e-06,-0.656774
2.8574877e-06,-0.650642
2.8575377e-06,-0.641015
2.8575877e-06,-0.642514
2.8576377e-06,-0.654998
2.8576877e-06,-0.666095
2.8577377e-06,-0.666955
2.8577877e-06,-0.658827
2.8578377e-06,-0.648034
2.8578877e-06,-0.640738
2.8579377e-06,-0.640461
2.8579877e-06,-0.646287
2.8580377e-06,-0.652168
2.8580877e-06,-0.651447
2.8581377e-06,-0.643623
2.8581877e-06,-0.636133
2.8582377e-06,-0.637131
2.8582877e-06,-0.646176
2.8583377e-06,-0.65436
2.8583877e-06,-0.653777
2.8584377e-06,-0.644899
2.8584877e-06,-0.63494
2.8585377e-06,-0.631444
2.8585877e-06,-0.637409
2.8586377e-06,-0.649144
2.8586877e-06,-0.658827
2.8587377e-06,-0.660408
2.8587877e-06,-0.65436
2.8588377e-06,-0.647147
2.8588877e-06,-0.645427
2.8589377e-06,-0.649893
2.8589877e-06,-0.654138
2.8590377e-06,-0.65128
2.8590877e-06,-0.642292
2.8591377e-06,-0.635855
2.8591877e-06,-0.637631
2.8592377e-06,-0.643124
2.8592877e-06,-0.644539
2.8593377e-06,-0.641432
2.8593877e-06,-0.6396
2.8594377e-06,-0.641293
2.8594877e-06,-0.642791
2.8595377e-06,-0.641737
2.8595877e-06,-0.641265
2.8596377e-06,-0.64501
2.8596877e-06,-0.651808
2.8597377e-06,-0.65633
2.8597877e-06,-0.654443
2.8598377e-06,-0.647396
2.8598877e-06,-0.640766
2.8599377e-06,-0.638435
2.8599877e-06,-0.638629
2.8600377e-06,-0.638713
2.8600877e-06,-0.640433
2.8601377e-06,-0.645649
2.8601877e-06,-0.649338
2.8602377e-06,-0.645149
2.8602877e-06,-0.636576
2.8603377e-06,-0.634274
2.8603877e-06,-0.640849
2.8604377e-06,-0.646536
2.8604877e-06,-0.643207
2.8605377e-06,-0.635273
2.8605877e-06,-0.631999
2.8606377e-06,-0.634496
2.8606877e-06,-0.636576
2.8607377e-06,-0.6358
2.8607877e-06,-0.636382
2.8608377e-06,-0.641154
2.8608877e-06,-0.645621
2.8609377e-06,-0.643429
2.8609877e-06,-0.635106
2.8610377e-06,-0.628559
2.8610877e-06,-0.630778
2.8611377e-06,-0.639711
2.8611877e-06,-0.645843
2.8612377e-06,-0.642846
2.8612877e-06,-0.635689
2.8613377e-06,-0.634274
2.8613877e-06,-0.640072
2.8614377e-06,-0.644289
2.8614877e-06,-0.640849
2.8615377e-06,-0.634967
2.8615877e-06,-0.634551
2.8616377e-06,-0.637686
2.8616877e-06,-0.635578
2.8617377e-06,-0.626811
2.8617877e-06,-0.621456
2.8618377e-06,-0.628281
2.8618877e-06,-0.641903
2.8619377e-06,-0.64809
2.8619877e-06,-0.641487
2.8620377e-06,-0.632581
2.8620877e-06,-0.633969
2.8621377e-06,-0.644456
2.8621877e-06,-0.652168
2.8622377e-06,-0.650587
2.8622877e-06,-0.644317
2.8623377e-06,-0.63985
2.8623877e-06,-0.639018
2.8624377e-06,-0.642458
2.8624877e-06,-0.650947
2.8625377e-06,-0.659437
2.8625877e-06,-0.656912
2.8626377e-06,-0.640405
2.8626877e-06,-0.623898
2.8627377e-06,-0.623953
2.8627877e-06,-0.637769
2.8628377e-06,-0.646675
2.8628877e-06,-0.64157
2.8629377e-06,-0.633358
2.8629877e-06,-0.634163
2.8630377e-06,-0.639933
2.8630877e-06,-0.639517
2.8631377e-06,-0.632637
2.8631877e-06,-0.628254
2.8632377e-06,-0.629724
2.8632877e-06,-0.632249
2.8633377e-06,-0.633081
2.8633877e-06,-0.634302
2.8634377e-06,-0.6353
2.8634877e-06,-0.63236
2.8635377e-06,-0.627837
2.8635877e-06,-0.629419
2.8636377e-06,-0.637825
2.8636877e-06,-0.643596
2.8637377e-06,-0.640239
2.8637877e-06,-0.633414
2.8638377e-06,-0.63236
2.8638877e-06,-0.637437
2.8639377e-06,-0.64121
2.8639877e-06,-0.639129
2.8640377e-06,-0.634385
2.8640877e-06,-0.632221
2.8641377e-06,-0.63383
2.8641877e-06,-0.637131
2.8642377e-06,-0.640544
2.8642877e-06,-0.643096
2.8643377e-06,-0.643207
2.8643877e-06,-0.6396
2.8644377e-06,-0.633969
2.8644877e-06,-0.630057
2.8645377e-06,-0.630085
2.8645877e-06,-0.633053
2.8646377e-06,-0.636854
2.8646877e-06,-0.640239
2.8647377e-06,-0.641986
2.8647877e-06,-0.640128
2.8648377e-06,-0.634246
2.8648877e-06,-0.627782
2.8649377e-06,-0.624897
2.8649877e-06,-0.626228
2.8650377e-06,-0.629946
2.8650877e-06,-0.635217
2.8651377e-06,-0.640266
2.8651877e-06,-0.639684
2.8652377e-06,-0.629974
2.8652877e-06,-0.617545
2.8653377e-06,-0.614798
2.8653877e-06,-0.625313
2.8654377e-06,-0.638102
2.8654877e-06,-0.64071
2.8655377e-06,-0.634191
2.8655877e-06,-0.630251
2.8656377e-06,-0.634856
2.8656877e-06,-0.640766
2.8657377e-06,-0.637769
2.8657877e-06,-0.626284
2.8658377e-06,-0.617434
2.8658877e-06,-0.620957
2.8659377e-06,-0.634912
2.8659877e-06,-0.647313
2.8660377e-06,-0.647258
2.8660877e-06,-0.63469
2.8661377e-06,-0.620263
2.8661877e-06,-0.615048
2.8662377e-06,-0.620236
2.8662877e-06,-0.627865
2.8663377e-06,-0.630861
2.8663877e-06,-0.630223
2.8664377e-06,-0.631638
2.8664877e-06,-0.637936
2.8665377e-06,-0.646203
2.8665877e-06,-0.650781
2.8666377e-06,-0.648312
2.8666877e-06,-0.640405
2.8667377e-06,-0.632193
2.8667877e-06,-0.627421
2.8668377e-06,-0.625757
2.8668877e-06,-0.625368
2.8669377e-06,-0.625757
2.8669877e-06,-0.627033
2.8670377e-06,-0.628392
2.8670877e-06,-0.62867
2.8671377e-06,-0.627726
2.8671877e-06,-0.626395
2.8672377e-06,-0.625451
2.8672877e-06,-0.625757
2.8673377e-06,-0.628281
2.8673877e-06,-0.632581
2.8674377e-06,-0.635855
2.8674877e-06,-0.635578
2.8675377e-06,-0.633469
2.8675877e-06,-0.633053
2.8676377e-06,-0.63383
2.8676877e-06,-0.631694
2.8677377e-06,-0.626922
2.8677877e-06,-0.625507
2.8678377e-06,-0.630112
2.8678877e-06,-0.634496
2.8679377e-06,-0.632165
2.8679877e-06,-0.625812
2.8680377e-06,-0.622733
2.8680877e-06,-0.624314
2.8681377e-06,-0.626506
2.8681877e-06,-0.627033
2.8682377e-06,-0.62645
2.8682877e-06,-0.624564
2.8683377e-06,-0.621873
2.8683877e-06,-0.621623
2.8684377e-06,-0.625451
2.8684877e-06,-0.628892
2.8685377e-06,-0.626783
2.8685877e-06,-0.620929
2.8686377e-06,-0.618349
2.8686877e-06,-0.622733
2.8687377e-06,-0.630667
2.8687877e-06,-0.6353
2.8688377e-06,-0.633386
2.8688877e-06,-0.629141
2.8689377e-06,-0.629779
2.8689877e-06,-0.635051
2.8690377e-06,-0.635411
2.8690877e-06,-0.624813
2.8691377e-06,-0.61158
2.8691877e-06,-0.609582
2.8692377e-06,-0.620791
2.8692877e-06,-0.632776
2.8693377e-06,-0.633996
2.8693877e-06,-0.626422
2.8694377e-06,-0.621068
2.8694877e-06,-0.624175
2.8695377e-06,-0.631361
2.8695877e-06,-0.635273
2.8696377e-06,-0.634357
2.8696877e-06,-0.631694
2.8697377e-06,-0.628697
2.8697877e-06,-0.625008
2.8698377e-06,-0.622982
2.8698877e-06,-0.626533
2.8699377e-06,-0.634302
2.8699877e-06,-0.638768
2.8700377e-06,-0.6353
2.8700877e-06,-0.628642
2.8701377e-06,-0.626395
2.8701877e-06,-0.628559
2.8702377e-06,-0.628753
2.8702877e-06,-0.624286
2.8703377e-06,-0.619459
2.8703877e-06,-0.618599
2.8704377e-06,-0.620596
2.8704877e-06,-0.622233
2.8705377e-06,-0.622316
2.8705877e-06,-0.62104
2.8706377e-06,-0.618488
2.8706877e-06,-0.616352
2.8707377e-06,-0.617878
2.8707877e-06,-0.622039
2.8708377e-06,-0.622011
2.8708877e-06,-0.614798
2.8709377e-06,-0.607474
2.8709877e-06,-0.608167
2.8710377e-06,-0.614576
2.8710877e-06,-0.61846
2.8711377e-06,-0.617989
2.8711877e-06,-0.617378
2.8712377e-06,-0.617989
2.8712877e-06,-0.6176
2.8713377e-06,-0.617101
2.8713877e-06,-0.619931
2.8714377e-06,-0.62448
2.8714877e-06,-0.624286
2.8715377e-06,-0.61821
2.8715877e-06,-0.614659
2.8716377e-06,-0.621429
2.8716877e-06,-0.634218
2.8717377e-06,-0.640488
2.8717877e-06,-0.633053
2.8718377e-06,-0.617961
2.8718877e-06,-0.608251
2.8719377e-06,-0.611746
2.8719877e-06,-0.62301
2.8720377e-06,-0.628642
2.8720877e-06,-0.621956
2.8721377e-06,-0.611413
2.8721877e-06,-0.610331
2.8722377e-06,-0.620291
2.8722877e-06,-0.629641
2.8723377e-06,-0.62842
2.8723877e-06,-0.619098
2.8724377e-06,-0.61133
2.8724877e-06,-0.611913
2.8725377e-06,-0.621567
2.8725877e-06,-0.635744
2.8726377e-06,-0.6444
2.8726877e-06,-0.638047
2.8727377e-06,-0.620152
2.8727877e-06,-0.607474
2.8728377e-06,-0.61183
2.8728877e-06,-0.625479
2.8729377e-06,-0.631416
2.8729877e-06,-0.623509
2.8730377e-06,-0.610054
2.8730877e-06,-0.601564
2.8731377e-06,-0.602203
2.8731877e-06,-0.610137
2.8732377e-06,-0.61907
2.8732877e-06,-0.62215
2.8733377e-06,-0.618904
2.8733877e-06,-0.615852
2.8734377e-06,-0.617822
2.8734877e-06,-0.622427
2.8735377e-06,-0.625035
2.8735877e-06,-0.624924
2.8736377e-06,-0.62387
2.8736877e-06,-0.622594
2.8737377e-06,-0.620569
2.8737877e-06,-0.617545
2.8738377e-06,-0.615186
2.8738877e-06,-0.617572
2.8739377e-06,-0.627005
2.8739877e-06,-0.637547
2.8740377e-06,-0.638463
2.8740877e-06,-0.626811
2.8741377e-06,-0.612495
2.8741877e-06,-0.607169
2.8742377e-06,-0.611746
2.8742877e-06,-0.618321
2.8743377e-06,-0.619986
2.8743877e-06,-0.61613
2.8744377e-06,-0.610803
2.8744877e-06,-0.60814
2.8745377e-06,-0.608306
2.8745877e-06,-0.60814
2.8746377e-06,-0.606974
2.8746877e-06,-0.608195
2.8747377e-06,-0.612495
2.8747877e-06,-0.613938
2.8748377e-06,-0.609194
2.8748877e-06,-0.605754
2.8749377e-06,-0.612329
2.8749877e-06,-0.623232
2.8750377e-06,-0.623648
2.8750877e-06,-0.611413
2.8751377e-06,-0.601509
2.8751877e-06,-0.60506
2.8752377e-06,-0.614548
2.8752877e-06,-0.617017
2.8753377e-06,-0.612967
2.8753877e-06,-0.612384
2.8754377e-06,-0.617767
2.8754877e-06,-0.621456
2.8755377e-06,-0.618627
2.8755877e-06,-0.614243
2.8756377e-06,-0.614132
2.8756877e-06,-0.616379
2.8757377e-06,-0.616046
2.8757877e-06,-0.614188
2.8758377e-06,-0.615714
2.8758877e-06,-0.619681
2.8759377e-06,-0.619181
2.8759877e-06,-0.612329
2.8760377e-06,-0.606281
2.8760877e-06,-0.606503
2.8761377e-06,-0.609194
2.8761877e-06,-0.608889
2.8762377e-06,-0.607807
2.8762877e-06,-0.610304
2.8763377e-06,-0.613244
2.8763877e-06,-0.610387
2.8764377e-06,-0.603923
2.8764877e-06,-0.601842
2.8765377e-06,-0.604589
2.8765877e-06,-0.604256
2.8766377e-06,-0.598929
2.8766877e-06,-0.598208
2.8767377e-06,-0.608473
2.8767877e-06,-0.620541
2.8768377e-06,-0.619487
2.8768877e-06,-0.604894
2.8769377e-06,-0.592603
2.8769877e-06,-0.595322
2.8770377e-06,-0.608029
2.8770877e-06,-0.616324
2.8771377e-06,-0.614021
2.8771877e-06,-0.607307
2.8772377e-06,-0.604367
2.8772877e-06,-0.606836
2.8773377e-06,-0.610387
2.8773877e-06,-0.61022
2.8774377e-06,-0.60556
2.8774877e-06,-0.600788
2.8775377e-06,-0.600982
2.8775877e-06,-0.605698
2.8776377e-06,-0.609138
2.8776877e-06,-0.607474
2.8777377e-06,-0.603507
2.8777877e-06,-0.602064
2.8778377e-06,-0.603312
2.8778877e-06,-0.603784
2.8779377e-06,-0.602036
2.8779877e-06,-0.599706
2.8780377e-06,-0.598402
2.8780877e-06,-0.598596
2.8781377e-06,-0.600399
2.8781877e-06,-0.602924
2.8782377e-06,-0.604311
2.8782877e-06,-0.603451
2.8783377e-06,-0.601315
2.8783877e-06,-0.600455
2.8784377e-06,-0.602979
2.8784877e-06,-0.607918
2.8785377e-06,-0.610526
2.8785877e-06,-0.607252
2.8786377e-06,-0.601786
2.8786877e-06,-0.601648
2.8787377e-06,-0.607557
2.8787877e-06,-0.611219
2.8788377e-06,-0.606253
2.8788877e-06,-0.597153
2.8789377e-06,-0.593547
2.8789877e-06,-0.598263
2.8790377e-06,-0.605393
2.8790877e-06,-0.608861
2.8791377e-06,-0.608695
2.8791877e-06,-0.607834
2.8792377e-06,-0.60678
2.8792877e-06,-0.604478
2.8793377e-06,-0.602008
2.8793877e-06,-0.601537
2.8794377e-06,-0.602674
2.8794877e-06,-0.603368
2.8795377e-06,-0.604117
2.8795877e-06,-0.606669
2.8796377e-06,-0.608556
2.8796877e-06,-0.605449
2.8797377e-06,-0.599928
2.8797877e-06,-0.600649
2.8798377e-06,-0.609582
2.8798877e-06,-0.617572
2.8799377e-06,-0.616324
2.8799877e-06,-0.608584
2.8800377e-06,-0.601897
2.8800877e-06,-0.598374
2.8801377e-06,-0.596238
2.8801877e-06,-0.596155
2.8802377e-06,-0.59965
2.8802877e-06,-0.604755
2.8803377e-06,-0.607668
2.8803877e-06,-0.60728
2.8804377e-06,-0.604672
2.8804877e-06,-0.600483
2.8805377e-06,-0.595849
2.8805877e-06,-0.594296
2.8806377e-06,-0.598624
2.8806877e-06,-0.606392
2.8807377e-06,-0.610387
2.8807877e-06,-0.606225
2.8808377e-06,-0.598596
2.8808877e-06,-0.596654
2.8809377e-06,-0.601814
2.8809877e-06,-0.604977
2.8810377e-06,-0.598735
2.8810877e-06,-0.587943
2.8811377e-06,-0.58367
2.8811877e-06,-0.588386
2.8812377e-06,-0.59388
2.8812877e-06,-0.593131
2.8813377e-06,-0.588969
2.8813877e-06,-0.588303
2.8814377e-06,-0.592437
2.8814877e-06,-0.59768
2.8815377e-06,-0.60187
2.8815877e-06,-0.605254
2.8816377e-06,-0.607002
2.8816877e-06,-0.606142
2.8817377e-06,-0.604505
2.8817877e-06,-0.604339
2.8818377e-06,-0.604256
2.8818877e-06,-0.601287
2.8819377e-06,-0.596182
2.8819877e-06,-0.593047
2.8820377e-06,-0.594157
2.8820877e-06,-0.597264
2.8821377e-06,-0.598596
2.8821877e-06,-0.596404
2.8822377e-06,-0.592298
2.8822877e-06,-0.590051
2.8823377e-06,-0.593658
2.8823877e-06,-0.60309
2.8824377e-06,-0.611885
2.8824877e-06,-0.612384
2.8825377e-06,-0.605116
2.8825877e-06,-0.59929
2.8826377e-06,-0.600732
2.8826877e-06,-0.603368
2.8827377e-06,-0.597902
2.8827877e-06,-0.586056
2.8828377e-06,-0.579453
2.8828877e-06,-0.584447
2.8829377e-06,-0.593769
2.8829877e-06,-0.596404
2.8830377e-06,-0.591716
2.8830877e-06,-0.58883
2.8831377e-06,-0.593824
2.8831877e-06,-0.602591
2.8832377e-06,-0.607307
2.8832877e-06,-0.604672
2.8833377e-06,-0.596765
2.8833877e-06,-0.588858
2.8834377e-06,-0.586722
2.8834877e-06,-0.592354
2.8835377e-06,-0.601426
2.8835877e-06,-0.608001
2.8836377e-06,-0.609555
2.8836877e-06,-0.605726
2.8837377e-06,-0.596377
2.8837877e-06,-0.58564
2.8838377e-06,-0.582893
2.8838877e-06,-0.591743
2.8839377e-06,-0.601981
2.8839877e-06,-0.600788
2.8840377e-06,-0.590134
2.8840877e-06,-0.583753
2.8841377e-06,-0.58797
2.8841877e-06,-0.594601
2.8842377e-06,-0.594906
2.8842877e-06,-0.591133
2.8843377e-06,-0.591466
2.8843877e-06,-0.598846
2.8844377e-06,-0.6085
2.8844877e-06,-0.613355
2.8845377e-06,-0.609943
2.8845877e-06,-0.601537
2.8846377e-06,-0.595738
2.8846877e-06,-0.5956
2.8847377e-06,-0.59424
2.8847877e-06,-0.584059
2.8848377e-06,-0.570159
2.8848877e-06,-0.567551
2.8849377e-06,-0.581756
2.8849877e-06,-0.599373
2.8850377e-06,-0.603617
2.8850877e-06,-0.594878
2.8851377e-06,-0.58736
2.8851877e-06,-0.588192
2.8852377e-06,-0.590245
2.8852877e-06,-0.587055
2.8853377e-06,-0.583309
2.8853877e-06,-0.584391
2.8854377e-06,-0.585779
2.8854877e-06,-0.58109
2.8855377e-06,-0.574265
2.8855877e-06,-0.574543
2.8856377e-06,-0.583365
2.8856877e-06,-0.594046
2.8857377e-06,-0.600926
2.8857877e-06,-0.602425
2.8858377e-06,-0.597486
2.8858877e-06,-0.586528
2.8859377e-06,-0.576457
2.8859877e-06,-0.577456
2.8860377e-06,-0.590856
2.8860877e-06,-0.603645
2.8861377e-06,-0.601343
2.8861877e-06,-0.586028
2.8862377e-06,-0.575236
2.8862877e-06,-0.580729
2.8863377e-06,-0.594185
2.8863877e-06,-0.59843
2.8864377e-06,-0.588803
2.8864877e-06,-0.577789
2.8865377e-06,-0.57876
2.8865877e-06,-0.590079
2.8866377e-06,-0.597569
2.8866877e-06,-0.592104
2.8867377e-06,-0.580618
2.8867877e-06,-0.576762
2.8868377e-06,-0.583337
2.8868877e-06,-0.589885
2.8869377e-06,-0.587471
2.8869877e-06,-0.579398
2.8870377e-06,-0.574875
2.8870877e-06,-0.57715
2.8871377e-06,-0.580896
2.8871877e-06,-0.579842
2.8872377e-06,-0.574265
2.8872877e-06,-0.570492
2.8873377e-06,-0.573516
2.8873877e-06,-0.581367
2.8874377e-06,-0.58797
2.8874877e-06,-0.590079
2.8875377e-06,-0.588775
2.8875877e-06,-0.585668
2.8876377e-06,-0.581478
2.8876877e-06,-0.578815
2.8877377e-06,-0.580868
2.8877877e-06,-0.585945
2.8878377e-06,-0.587693
2.8878877e-06,-0.582921
2.8879377e-06,-0.57679
2.8879877e-06,-0.577039
2.8880377e-06,-0.584197
2.8880877e-06,-0.589385
2.8881377e-06,-0.583753
2.8881877e-06,-0.570131
2.8882377e-06,-0.562474
2.8882877e-06,-0.570769
2.8883377e-06,-0.587832
2.8883877e-06,-0.596737
2.8884377e-06,-0.590772
2.8884877e-06,-0.579731
2.8885377e-06,-0.575708
2.8885877e-06,-0.579564
2.8886377e-06,-0.584114
2.8886877e-06,-0.584946
2.8887377e-06,-0.583531
2.8887877e-06,-0.583087
2.8888377e-06,-0.583753
2.8888877e-06,-0.582699
2.8889377e-06,-0.578732
2.8889877e-06,-0.57593
2.8890377e-06,-0.579009
2.8890877e-06,-0.585723
2.8891377e-06,-0.588165
2.8891877e-06,-0.58392
2.8892377e-06,-0.581256
2.8892877e-06,-0.588137
2.8893377e-06,-0.598568
2.8893877e-06,-0.597625
2.8894377e-06,-0.581256
2.8894877e-06,-0.564555
2.8895377e-06,-0.5645
2.8895877e-06,-0.579314
2.8896377e-06,-0.591605
2.8896877e-06,-0.589885
2.8897377e-06,-0.57937
2.8897877e-06,-0.572406
2.8898377e-06,-0.574681
2.8898877e-06,-0.582616
2.8899377e-06,-0.589025
2.8899877e-06,-0.589746
2.8900377e-06,-0.5865
2.8900877e-06,-0.584364
2.8901377e-06,-0.585168
2.8901877e-06,-0.585834
2.8902377e-06,-0.583892
2.8902877e-06,-0.581589
2.8903377e-06,-0.581922
2.8903877e-06,-0.583837
2.8904377e-06,-0.584502
2.8904877e-06,-0.583504
2.8905377e-06,-0.582172
2.8905877e-06,-0.581756
2.8906377e-06,-0.583476
2.8906877e-06,-0.586888
2.8907377e-06,-0.588442
2.8907877e-06,-0.586167
2.8908377e-06,-0.58478
2.8908877e-06,-0.590051
2.8909377e-06,-0.598263
2.8909877e-06,-0.598873
2.8910377e-06,-0.589219
2.8910877e-06,-0.579092
2.8911377e-06,-0.577178
2.8911877e-06,-0.580591
2.8912377e-06,-0.5822
2.8912877e-06,-0.581312
2.8913377e-06,-0.580646
2.8913877e-06,-0.578149
2.8914377e-06,-0.571102
2.8914877e-06,-0.56486
2.8915377e-06,-0.567967
2.8915877e-06,-0.57912
2.8916377e-06,-0.586306
2.8916877e-06,-0.581423
2.8917377e-06,-0.570076
2.8917877e-06,-0.563723
2.8918377e-06,-0.565276
2.8918877e-06,-0.567329
2.8919377e-06,-0.563945
2.8919877e-06,-0.5597
2.8920377e-06,-0.564
2.8920877e-06,-0.57801
2.8921377e-06,-0.59166
2.8921877e-06,-0.595156
2.8922377e-06,-0.590051
2.8922877e-06,-0.585418
2.8923377e-06,-0.585196
2.8923877e-06,-0.584086
2.8924377e-06,-0.577345
2.8924877e-06,-0.570714
2.8925377e-06,-0.574515
2.8925877e-06,-0.587887
2.8926377e-06,-0.596349
2.8926877e-06,-0.589163
2.8927377e-06,-0.574154
2.8927877e-06,-0.567662
2.8928377e-06,-0.573794
2.8928877e-06,-0.580979
2.8929377e-06,-0.578954
2.8929877e-06,-0.571741
2.8930377e-06,-0.570797
2.8930877e-06,-0.579564
2.8931377e-06,-0.589136
2.8931877e-06,-0.590051
2.8932377e-06,-0.584835
2.8932877e-06,-0.584697
2.8933377e-06,-0.593325
2.8933877e-06,-0.599456
2.8934377e-06,-0.590828
2.8934877e-06,-0.573211
2.8935377e-06,-0.565914
2.8935877e-06,-0.576734
2.8936377e-06,-0.5908
2.8936877e-06,-0.590328
2.8937377e-06,-0.577567
2.8937877e-06,-0.568883
2.8938377e-06,-0.571435
2.8938877e-06,-0.576401
2.8939377e-06,-0.575708
2.8939877e-06,-0.573766
2.8940377e-06,-0.577178
2.8940877e-06,-0.580868
2.8941377e-06,-0.574903
2.8941877e-06,-0.562668
2.8942377e-06,-0.560005
2.8942877e-06,-0.572517
2.8943377e-06,-0.584669
2.8943877e-06,-0.580258
2.8944377e-06,-0.565887
2.8944877e-06,-0.562363
2.8945377e-06,-0.575625
2.8945877e-06,-0.589302
2.8946377e-06,-0.588109
2.8946877e-06,-0.576401
2.8947377e-06,-0.568356
2.8947877e-06,-0.568578
2.8948377e-06,-0.570437
2.8948877e-06,-0.568938
2.8949377e-06,-0.566497
2.8949877e-06,-0.566802
2.8950377e-06,-0.56941
2.8950877e-06,-0.572101
2.8951377e-06,-0.574321
2.8951877e-06,-0.57593
2.8952377e-06,-0.576124
2.8952877e-06,-0.575541
2.8953377e-06,-0.57654
2.8953877e-06,-0.578454
2.8954377e-06,-0.576179
2.8954877e-06,-0.567607
2.8955377e-06,-0.559644
2.8955877e-06,-0.561864
2.8956377e-06,-0.573211
2.8956877e-06,-0.580563
2.8957377e-06,-0.57396
2.8957877e-06,-0.559866
2.8958377e-06,-0.553902
2.8958877e-06,-0.562169
2.8959377e-06,-0.574903
2.8959877e-06,-0.579897
2.8960377e-06,-0.57654
2.8960877e-06,-0.573738
2.8961377e-06,-0.5774
2.8961877e-06,-0.582977
2.8962377e-06,-0.581118
2.8962877e-06,-0.570464
2.8963377e-06,-0.56228
2.8963877e-06,-0.567107
2.8964377e-06,-0.578288
2.8964877e-06,-0.578288
2.8965377e-06,-0.563445
2.8965877e-06,-0.551627
2.8966377e-06,-0.557453
2.8966877e-06,-0.571657
2.8967377e-06,-0.576374
2.8967877e-06,-0.570964
2.8968377e-06,-0.568827
2.8968877e-06,-0.574154
2.8969377e-06,-0.57801
2.8969877e-06,-0.575514
2.8970377e-06,-0.571879
2.8970877e-06,-0.570298
2.8971377e-06,-0.567274
2.8971877e-06,-0.562918
2.8972377e-06,-0.563223
2.8972877e-06,-0.56794
2.8973377e-06,-0.567524
2.8973877e-06,-0.558923
2.8974377e-06,-0.554068
2.8974877e-06,-0.564555
2.8975377e-06,-0.582977
2.8975877e-06,-0.590328
2.8976377e-06,-0.579869
2.8976877e-06,-0.564694
2.8977377e-06,-0.55995
2.8977877e-06,-0.565276
2.8978377e-06,-0.568827
2.8978877e-06,-0.563889
2.8979377e-06,-0.555788
2.8979877e-06,-0.553569
2.8980377e-06,-0.55823
2.8980877e-06,-0.562724
2.8981377e-06,-0.561115
2.8981877e-06,-0.555039
2.8982377e-06,-0.549685
2.8982877e-06,-0.547854
2.8983377e-06,-0.549629
2.8983877e-06,-0.554845
2.8984377e-06,-0.56253
2.8984877e-06,-0.568522
2.8985377e-06,-0.567801
2.8985877e-06,-0.560338
2.8986377e-06,-0.553208
2.8986877e-06,-0.553569
2.8987377e-06,-0.55995
2.8987877e-06,-0.563279
2.8988377e-06,-0.558812
2.8988877e-06,-0.553707
2.8989377e-06,-0.557952
2.8989877e-06,-0.569743
2.8990377e-06,-0.575957
2.8990877e-06,-0.569271
2.8991377e-06,-0.558063
2.8991877e-06,-0.555455
2.8992377e-06,-0.563029
2.8992877e-06,-0.570548
2.8993377e-06,-0.570048
2.8993877e-06,-0.563889
2.8994377e-06,-0.55945
2.8994877e-06,-0.560421
2.8995377e-06,-0.56536
2.8995877e-06,-0.571297
2.8996377e-06,-0.576457
2.8996877e-06,-0.579065
2.8997377e-06,-0.57679
2.8997877e-06,-0.568744
2.8998377e-06,-0.558646
2.8998877e-06,-0.553014
2.8999377e-06,-0.55454
2.8999877e-06,-0.558618
2.9000377e-06,-0.559145
2.9000877e-06,-0.555122
2.9001377e-06,-0.549296
2.9001877e-06,-0.543997
2.9002377e-06,-0.542943
2.9002877e-06,-0.551377
2.9003377e-06,-0.567302
2.9003877e-06,-0.576485
2.9004377e-06,-0.568023
2.9004877e-06,-0.55257
2.9005377e-06,-0.551793
2.9005877e-06,-0.567995
2.9006377e-06,-0.578371
2.9006877e-06,-0.565887
2.9007377e-06,-0.543137
2.9007877e-06,-0.535397
2.9008377e-06,-0.548492
2.9008877e-06,-0.564749
2.9009377e-06,-0.567329
2.9009877e-06,-0.557702
2.9010377e-06,-0.548575
2.9010877e-06,-0.547881
2.9011377e-06,-0.554345
2.9011877e-06,-0.562447
2.9012377e-06,-0.567884
2.9012877e-06,-0.568883
2.9013377e-06,-0.565276
2.9013877e-06,-0.558451
2.9014377e-06,-0.551932
2.9014877e-06,-0.55085
2.9015377e-06,-0.557564
2.9015877e-06,-0.567745
2.9016377e-06,-0.573655
2.9016877e-06,-0.572157
2.9017377e-06,-0.566636
2.9017877e-06,-0.561198
2.9018377e-06,-0.555455
2.9018877e-06,-0.548131
2.9019377e-06,-0.542666
2.9019877e-06,-0.544968
2.9020377e-06,-0.554512
2.9020877e-06,-0.562225
2.9021377e-06,-0.559894
2.9021877e-06,-0.549657
2.9022377e-06,-0.540973
2.9022877e-06,-0.539614
2.9023377e-06,-0.543637
2.9023877e-06,-0.54913
2.9024377e-06,-0.554179
2.9024877e-06,-0.556731
2.9025377e-06,-0.554706
2.9025877e-06,-0.550711
2.9026377e-06,-0.551738
2.9026877e-06,-0.560088
2.9027377e-06,-0.568328
2.9027877e-06,-0.567524
2.9028377e-06,-0.558451
2.9028877e-06,-0.550378
2.9029377e-06,-0.549435
2.9029877e-06,-0.553125
2.9030377e-06,-0.556898
2.9030877e-06,-0.560199
2.9031377e-06,-0.562946
2.9031877e-06,-0.562003
2.9032377e-06,-0.556371
2.9032877e-06,-0.551654
2.9033377e-06,-0.553347
2.9033877e-06,-0.557841
2.9034377e-06,-0.557314
2.9034877e-06,-0.55232
2.9035377e-06,-0.551904
2.9035877e-06,-0.558923
2.9036377e-06,-0.563528
2.9036877e-06,-0.556093
2.9037377e-06,-0.541584
2.9037877e-06,-0.53376
2.9038377e-06,-0.538088
2.9038877e-06,-0.547659
2.9039377e-06,-0.554207
2.9039877e-06,-0.556204
2.9040377e-06,-0.55601
2.9040877e-06,-0.554984
2.9041377e-06,-0.554013
2.9041877e-06,-0.55429
2.9042377e-06,-0.555483
2.9042877e-06,-0.555622
2.9043377e-06,-0.553846
2.9043877e-06,-0.551044
2.9044377e-06,-0.548103
2.9044877e-06,-0.546023
2.9045377e-06,-0.546577
2.9045877e-06,-0.549268
2.9046377e-06,-0.549241
2.9046877e-06,-0.54322
2.9047377e-06,-0.536562
2.9047877e-06,-0.538476
2.9048377e-06,-0.548852
2.9048877e-06,-0.556149
2.9049377e-06,-0.551793
2.9049877e-06,-0.542527
2.9050377e-06,-0.541584
2.9050877e-06,-0.550628
2.9051377e-06,-0.558091
2.9051877e-06,-0.555733
2.9052377e-06,-0.549407
2.9052877e-06,-0.549463
2.9053377e-06,-0.556149
2.9053877e-06,-0.560116
2.9054377e-06,-0.554817
2.9054877e-06,-0.544635
2.9055377e-06,-0.539503
2.9055877e-06,-0.544552
2.9056377e-06,-0.555566
2.9056877e-06,-0.563223
2.9057377e-06,-0.561337
2.9057877e-06,-0.55232
2.9058377e-06,-0.545107
2.9058877e-06,-0.546411
2.9059377e-06,-0.553652
2.9059877e-06,-0.558507
2.9060377e-06,-0.556398
2.9060877e-06,-0.54999
2.9061377e-06,-0.543748
2.9061877e-06,-0.539309
2.9062377e-06,-0.537311
2.9062877e-06,-0.53892
2.9063377e-06,-0.543137
2.9063877e-06,-0.54569
2.9064377e-06,-0.544746
2.9064877e-06,-0.545107
2.9065377e-06,-0.552126
2.9065877e-06,-0.561892
2.9066377e-06,-0.564083
2.9066877e-06,-0.556204
2.9067377e-06,-0.54777
2.9067877e-06,-0.54741
2.9068377e-06,-0.551294
2.9068877e-06,-0.549712
2.9069377e-06,-0.541584
2.9069877e-06,-0.536146
2.9070377e-06,-0.539503
2.9070877e-06,-0.546023
2.9071377e-06,-0.547243
2.9071877e-06,-0.544719
2.9072377e-06,-0.546688
2.9072877e-06,-0.553374
2.9073377e-06,-0.554734
2.9073877e-06,-0.545412
2.9074377e-06,-0.535092
2.9074877e-06,-0.537228
2.9075377e-06,-0.550961
2.9075877e-06,-0.561365
2.9076377e-06,-0.558562
2.9076877e-06,-0.549463
2.9077377e-06,-0.54655
2.9077877e-06,-0.551405
2.9078377e-06,-0.554984
2.9078877e-06,-0.550739
2.9079377e-06,-0.541084
2.9079877e-06,-0.533122
2.9080377e-06,-0.532733
2.9080877e-06,-0.54114
2.9081377e-06,-0.552237
2.9081877e-06,-0.555289
2.9082377e-06,-0.545662
2.9082877e-06,-0.532733
2.9083377e-06,-0.530459
2.9083877e-06,-0.540058
2.9084377e-06,-0.548797
2.9084877e-06,-0.548048
2.9085377e-06,-0.54347
2.9085877e-06,-0.543387
2.9086377e-06,-0.546272
2.9086877e-06,-0.546661
2.9087377e-06,-0.545579
2.9087877e-06,-0.546855
2.9088377e-06,-0.54913
2.9088877e-06,-0.548825
2.9089377e-06,-0.54691
2.9089877e-06,-0.546133
2.9090377e-06,-0.544857
2.9090877e-06,-0.540169
2.9091377e-06,-0.534786
2.9091877e-06,-0.534842
2.9092377e-06,-0.540557
2.9092877e-06,-0.54458
2.9093377e-06,-0.541695
2.9093877e-06,-0.536423
2.9094377e-06,-0.537561
2.9094877e-06,-0.546716
2.9095377e-06,-0.555122
2.9095877e-06,-0.553624
2.9096377e-06,-0.543748
2.9096877e-06,-0.535619
2.9097377e-06,-0.53573
2.9097877e-06,-0.540196
2.9098377e-06,-0.542
2.9098877e-06,-0.540196
2.9099377e-06,-0.539114
2.9099877e-06,-0.541167
2.9100377e-06,-0.544053
2.9100877e-06,-0.544108
2.9101377e-06,-0.539697
2.9101877e-06,-0.532678
2.9102377e-06,-0.528322
2.9102877e-06,-0.531762
2.9103377e-06,-0.541584
2.9103877e-06,-0.549047
2.9104377e-06,-0.546661
2.9104877e-06,-0.536479
2.9105377e-06,-0.527379
2.9105877e-06,-0.525437
2.9106377e-06,-0.529709
2.9106877e-06,-0.535647
2.9107377e-06,-0.539087
2.9107877e-06,-0.536895
2.9108377e-06,-0.528905
2.9108877e-06,-0.521026
2.9109377e-06,-0.521276
2.9109877e-06,-0.529765
2.9110377e-06,-0.536923
2.9110877e-06,-0.534897
2.9111377e-06,-0.527157
2.9111877e-06,-0.523023
2.9112377e-06,-0.526047
2.9112877e-06,-0.531762
2.9113377e-06,-0.535064
2.9113877e-06,-0.53548
2.9114377e-06,-0.535425
2.9114877e-06,-0.536146
2.9115377e-06,-0.536812
2.9115877e-06,-0.536729
2.9116377e-06,-0.536562
2.9116877e-06,-0.536562
2.9117377e-06,-0.535175
2.9117877e-06,-0.530986
2.9118377e-06,-0.526158
2.9118877e-06,-0.525853
2.9119377e-06,-0.532456
2.9119877e-06,-0.541278
2.9120377e-06,-0.544497
2.9120877e-06,-0.540335
2.9121377e-06,-0.535591
2.9121877e-06,-0.536423
2.9122377e-06,-0.539364
2.9122877e-06,-0.536701
2.9123377e-06,-0.529099
2.9123877e-06,-0.526214
2.9124377e-06,-0.533316
2.9124877e-06,-0.543664
2.9125377e-06,-0.546494
2.9125877e-06,-0.539198
2.9126377e-06,-0.5286
2.9126877e-06,-0.523689
2.9127377e-06,-0.527018
2.9127877e-06,-0.532595
2.9128377e-06,-0.533094
2.9128877e-06,-0.529293
2.9129377e-06,-0.529488
2.9129877e-06,-0.537672
2.9130377e-06,-0.546883
2.9130877e-06,-0.547188
2.9131377e-06,-0.537478
2.9131877e-06,-0.526602
2.9132377e-06,-0.524383
2.9132877e-06,-0.532512
2.9133377e-06,-0.542249
2.9133877e-06,-0.542305
2.9134377e-06,-0.531513
2.9134877e-06,-0.52269
2.9135377e-06,-0.528738
2.9135877e-06,-0.545024
2.9136377e-06,-0.552792
2.9136877e-06,-0.542527
2.9137377e-06,-0.526491
2.9137877e-06,-0.522524
2.9138377e-06,-0.531707
2.9138877e-06,-0.540252
2.9139377e-06,-0.539614
2.9139877e-06,-0.535203
2.9140377e-06,-0.535868
2.9140877e-06,-0.541917
2.9141377e-06,-0.545801
2.9141877e-06,-0.541278
2.9142377e-06,-0.531707
2.9142877e-06,-0.528239
2.9143377e-06,-0.537505
2.9143877e-06,-0.55146
2.9144377e-06,-0.555566
2.9144877e-06,-0.546328
2.9145377e-06,-0.534232
2.9145877e-06,-0.529404
2.9146377e-06,-0.531124
2.9146877e-06,-0.532983
2.9147377e-06,-0.532068
2.9147877e-06,-0.53057
2.9148377e-06,-0.531041
2.9148877e-06,-0.532761
2.9149377e-06,-0.533926
2.9149877e-06,-0.535175
2.9150377e-06,-0.538282
2.9150877e-06,-0.541833
2.9151377e-06,-0.541833
2.9151877e-06,-0.537894
2.9152377e-06,-0.535119
2.9152877e-06,-0.537117
2.9153377e-06,-0.540224
2.9153877e-06,-0.538726
2.9154377e-06,-0.53401
2.9154877e-06,-0.5329
2.9155377e-06,-0.537256
2.9155877e-06,-0.541084
2.9156377e-06,-0.539586
2.9156877e-06,-0.536257
2.9157377e-06,-0.537283
2.9157877e-06,-0.542388
2.9158377e-06,-0.545551
2.9158877e-06,-0.543637
2.9159377e-06,-0.540474
2.9159877e-06,-0.541029
2.9160377e-06,-0.543803
2.9160877e-06,-0.542416
2.9161377e-06,-0.535425
2.9161877e-06,-0.530126
2.9162377e-06,-0.53229
2.9162877e-06,-0.53634
2.9163377e-06,-0.532817
2.9163877e-06,-0.52355
2.9164377e-06,-0.520748
2.9164877e-06,-0.529876
2.9165377e-06,-0.541084
2.9165877e-06,-0.542555
2.9166377e-06,-0.536701
2.9166877e-06,-0.535508
2.9167377e-06,-0.542555
2.9167877e-06,-0.547437
2.9168377e-06,-0.540391
2.9168877e-06,-0.526519
2.9169377e-06,-0.519666
2.9169877e-06,-0.525354
2.9170377e-06,-0.535591
2.9170877e-06,-0.539142
2.9171377e-06,-0.532928
2.9171877e-06,-0.523689
2.9172377e-06,-0.521747
2.9172877e-06,-0.530819
2.9173377e-06,-0.542416
2.9173877e-06,-0.544164
2.9174377e-06,-0.535868
2.9174877e-06,-0.530958
2.9175377e-06,-0.538254
2.9175877e-06,-0.548242
2.9176377e-06,-0.545246
2.9176877e-06,-0.528933
2.9177377e-06,-0.515866
2.9177877e-06,-0.519195
2.9178377e-06,-0.534398
2.9178877e-06,-0.546661
2.9179377e-06,-0.54741
2.9179877e-06,-0.539669
2.9180377e-06,-0.531346
2.9180877e-06,-0.527545
2.9181377e-06,-0.528184
2.9181877e-06,-0.530653
2.9182377e-06,-0.5329
2.9182877e-06,-0.534703
2.9183377e-06,-0.535813
2.9183877e-06,-0.534648
2.9184377e-06,-0.531069
2.9184877e-06,-0.528905
2.9185377e-06,-0.531679
2.9185877e-06,-0.536285
2.9186377e-06,-0.53609
2.9186877e-06,-0.531929
2.9187377e-06,-0.532817
2.9187877e-06,-0.541639
2.9188377e-06,-0.547854
2.9188877e-06,-0.54175
2.9189377e-06,-0.529654
2.9189877e-06,-0.52516
2.9190377e-06,-0.529987
2.9190877e-06,-0.534426
2.9191377e-06,-0.533899
2.9191877e-06,-0.533288
2.9192377e-06,-0.534842
2.9192877e-06,-0.533483
2.9193377e-06,-0.526408
2.9193877e-06,-0.518779
2.9194377e-06,-0.515644
2.9194877e-06,-0.515644
2.9195377e-06,-0.516199
2.9195877e-06,-0.519167
2.9196377e-06,-0.526436
2.9196877e-06,-0.533899
2.9197377e-06,-0.534981
2.9197877e-06,-0.529238
2.9198377e-06,-0.523467
2.9198877e-06,-0.523606
2.9199377e-06,-0.528655
2.9199877e-06,-0.533094
2.9200377e-06,-0.53351
2.9200877e-06,-0.530791
2.9201377e-06,-0.52638
2.9201877e-06,-0.520582
2.9202377e-06,-0.515949
2.9202877e-06,-0.517835
2.9203377e-06,-0.526963
2.9203877e-06,-0.534953
2.9204377e-06,-0.533122
2.9204877e-06,-0.524854
2.9205377e-06,-0.522358
2.9205877e-06,-0.529709
2.9206377e-06,-0.536368
2.9206877e-06,-0.531873
2.9207377e-06,-0.52097
2.9207877e-06,-0.517308
2.9208377e-06,-0.525492
2.9208877e-06,-0.535979
2.9209377e-06,-0.537589
2.9209877e-06,-0.530708
2.9210377e-06,-0.525714
2.9210877e-06,-0.529904
2.9211377e-06,-0.538726
2.9211877e-06,-0.541722
2.9212377e-06,-0.535785
2.9212877e-06,-0.528322
2.9213377e-06,-0.527462
2.9213877e-06,-0.532567
2.9214377e-06,-0.537172
2.9214877e-06,-0.537422
2.9215377e-06,-0.534731
2.9215877e-06,-0.531624
2.9216377e-06,-0.528683
2.9216877e-06,-0.52602
2.9217377e-06,-0.525271
2.9217877e-06,-0.528378
2.9218377e-06,-0.534454
2.9218877e-06,-0.538143
2.9219377e-06,-0.533954
2.9219877e-06,-0.523634
2.9220377e-06,-0.517225
2.9220877e-06,-0.522663
2.9221377e-06,-0.535008
2.9221877e-06,-0.540668
2.9222377e-06,-0.533261
2.9222877e-06,-0.521414
2.9223377e-06,-0.517697
2.9223877e-06,-0.523939
2.9224377e-06,-0.531485
2.9224877e-06,-0.533566
2.9225377e-06,-0.531762
2.9225877e-06,-0.528877
2.9226377e-06,-0.523634
2.9226877e-06,-0.516199
2.9227377e-06,-0.51323
2.9227877e-06,-0.519916
2.9228377e-06,-0.530459
2.9228877e-06,-0.532983
2.9229377e-06,-0.523245
2.9229877e-06,-0.509013
2.9230377e-06,-0.50216
2.9230877e-06,-0.508347
2.9231377e-06,-0.521941
2.9231877e-06,-0.530875
2.9232377e-06,-0.529182
2.9232877e-06,-0.523079
2.9233377e-06,-0.521359
2.9233877e-06,-0.523967
2.9234377e-06,-0.525687
2.9234877e-06,-0.526408
2.9235377e-06,-0.52946
2.9235877e-06,-0.532567
2.9236377e-06,-0.529654
2.9236877e-06,-0.52183
2.9237377e-06,-0.517669
2.9237877e-06,-0.521386
2.9238377e-06,-0.526852
2.9238877e-06,-0.526131
2.9239377e-06,-0.519001
2.9239877e-06,-0.512342
2.9240377e-06,-0.512314
2.9240877e-06,-0.518834
2.9241377e-06,-0.526214
2.9241877e-06,-0.529099
2.9242377e-06,-0.528322
2.9242877e-06,-0.528877
2.9243377e-06,-0.531069
2.9243877e-06,-0.5286
2.9244377e-06,-0.518723
2.9244877e-06,-0.509429
2.9245377e-06,-0.510456
2.9245877e-06,-0.519528
2.9246377e-06,-0.524383
2.9246877e-06,-0.518085
2.9247377e-06,-0.506433
2.9247877e-06,-0.499525
2.9248377e-06,-0.501106
2.9248877e-06,-0.508125
2.9249377e-06,-0.515949
2.9249877e-06,-0.520832
2.9250377e-06,-0.520748
2.9250877e-06,-0.517225
2.9251377e-06,-0.515089
2.9251877e-06,-0.51728
2.9252377e-06,-0.52097
2.9252877e-06,-0.521497
2.9253377e-06,-0.518862
2.9253877e-06,-0.516559
2.9254377e-06,-0.515449
2.9254877e-06,-0.513924
2.9255377e-06,-0.513174
2.9255877e-06,-0.516282
2.9256377e-06,-0.521581
2.9256877e-06,-0.522885
2.9257377e-06,-0.518335
2.9257877e-06,-0.51409
2.9258377e-06,-0.516531
2.9258877e-06,-0.523107
2.9259377e-06,-0.525049
2.9259877e-06,-0.519583
2.9260377e-06,-0.514867
2.9260877e-06,-0.518002
2.9261377e-06,-0.522358
2.9261877e-06,-0.515671
2.9262377e-06,-0.500246
2.9262877e-06,-0.493394
2.9263377e-06,-0.503797
2.9263877e-06,-0.518806
2.9264377e-06,-0.521553
2.9264877e-06,-0.512259
2.9265377e-06,-0.503298
2.9265877e-06,-0.50069
2.9266377e-06,-0.501439
2.9266877e-06,-0.50463
2.9267377e-06,-0.512564
2.9267877e-06,-0.520887
2.9268377e-06,-0.519278
2.9268877e-06,-0.506433
2.9269377e-06,-0.49614
2.9269877e-06,-0.501772
2.9270377e-06,-0.519861
2.9270877e-06,-0.533483
2.9271377e-06,-0.531152
2.9271877e-06,-0.51803
2.9272377e-06,-0.508958
2.9272877e-06,-0.512758
2.9273377e-06,-0.524466
2.9273877e-06,-0.532428
2.9274377e-06,-0.530459
2.9274877e-06,-0.522385
2.9275377e-06,-0.516504
2.9275877e-06,-0.517447
2.9276377e-06,-0.52233
2.9276877e-06,-0.523495
2.9277377e-06,-0.516365
2.9277877e-06,-0.505101
2.9278377e-06,-0.498887
2.9278877e-06,-0.501828
2.9279377e-06,-0.508958
2.9279877e-06,-0.513896
2.9280377e-06,-0.516892
2.9280877e-06,-0.521248
2.9281377e-06,-0.52466
2.9281877e-06,-0.521054
2.9282377e-06,-0.510983
2.9282877e-06,-0.503742
2.9283377e-06,-0.505046
2.9283877e-06,-0.508902
2.9284377e-06,-0.507543
2.9284877e-06,-0.50377
2.9285377e-06,-0.505462
2.9285877e-06,-0.512009
2.9286377e-06,-0.515838
2.9286877e-06,-0.515366
2.9287377e-06,-0.515422
2.9287877e-06,-0.517003
2.9288377e-06,-0.517253
2.9288877e-06,-0.518057
2.9289377e-06,-0.523467
2.9289877e-06,-0.528766
2.9290377e-06,-0.524078
2.9290877e-06,-0.511371
2.9291377e-06,-0.505434
2.9291877e-06,-0.513119
2.9292377e-06,-0.522552
2.9292877e-06,-0.520415
2.9293377e-06,-0.510178
2.9293877e-06,-0.504741
2.9294377e-06,-0.50868
2.9294877e-06,-0.51667
2.9295377e-06,-0.523606
2.9295877e-06,-0.526685
2.9296377e-06,-0.521886
2.9296877e-06,-0.50893
2.9297377e-06,-0.498526
2.9297877e-06,-0.503159
2.9298377e-06,-0.519056
2.9298877e-06,-0.527629
2.9299377e-06,-0.518529
2.9299877e-06,-0.502937
2.9300377e-06,-0.497943
2.9300877e-06,-0.504491
2.9301377e-06,-0.509235
2.9301877e-06,-0.50413
2.9302377e-06,-0.495502
2.9302877e-06,-0.493005
2.9303377e-06,-0.498665
2.9303877e-06,-0.507959
2.9304377e-06,-0.516171
2.9304877e-06,-0.520055
2.9305377e-06,-0.517835
2.9305877e-06,-0.51176
2.9306377e-06,-0.508042
2.9306877e-06,-0.511538
2.9307377e-06,-0.520138
2.9307877e-06,-0.526547
2.9308377e-06,-0.525021
2.9308877e-06,-0.515977
2.9309377e-06,-0.504879
2.9309877e-06,-0.498249
2.9310377e-06,-0.498803
2.9310877e-06,-0.50352
2.9311377e-06,-0.506766
2.9311877e-06,-0.506044
2.9312377e-06,-0.504241
2.9312877e-06,-0.505406
2.9313377e-06,-0.509124
2.9313877e-06,-0.511094
2.9314377e-06,-0.509568
2.9314877e-06,-0.508208
2.9315377e-06,-0.51065
2.9315877e-06,-0.514506
2.9316377e-06,-0.514673
2.9316877e-06,-0.510872
2.9317377e-06,-0.508153
2.9317877e-06,-0.510095
2.9318377e-06,-0.514867
2.9318877e-06,-0.518307
2.9319377e-06,-0.518584
2.9319877e-06,-0.516698
2.9320377e-06,-0.514367
2.9320877e-06,-0.512536
2.9321377e-06,-0.511232
2.9321877e-06,-0.510289
2.9322377e-06,-0.510345
2.9322877e-06,-0.512786
2.9323377e-06,-0.517114
2.9323877e-06,-0.519444
2.9324377e-06,-0.515893
2.9324877e-06,-0.50807
2.9325377e-06,-0.502549
2.9325877e-06,-0.503242
2.9326377e-06,-0.507099
2.9326877e-06,-0.509762
2.9327377e-06,-0.511454
2.9327877e-06,-0.512925
2.9328377e-06,-0.510567
2.9328877e-06,-0.502937
2.9329377e-06,-0.498193
2.9329877e-06,-0.504657
2.9330377e-06,-0.515449
2.9330877e-06,-0.515172
2.9331377e-06,-0.503048
2.9331877e-06,-0.496418
2.9332377e-06,-0.505268
2.9332877e-06,-0.516781
2.9333377e-06,-0.514229
2.9333877e-06,-0.501384
2.9334377e-06,-0.495558
2.9334877e-06,-0.502466
2.9335377e-06,-0.511232
2.9335877e-06,-0.512453
2.9336377e-06,-0.50929
2.9336877e-06,-0.507709
2.9337377e-06,-0.505656
2.9337877e-06,-0.498138
2.9338377e-06,-0.488455
2.9338877e-06,-0.487096
2.9339377e-06,-0.498693
2.9339877e-06,-0.515255
2.9340377e-06,-0.524743
2.9340877e-06,-0.523828
2.9341377e-06,-0.517946
2.9341877e-06,-0.511538
2.9342377e-06,-0.504935
2.9342877e-06,-0.49922
2.9343377e-06,-0.498221
2.9343877e-06,-0.504019
2.9344377e-06,-0.514173
2.9344877e-06,-0.523606
2.9345377e-06,-0.526574
2.9345877e-06,-0.520083
2.9346377e-06,-0.508319
2.9346877e-06,-0.500967
2.9347377e-06,-0.502937
2.9347877e-06,-0.508819
2.9348377e-06,-0.511066
2.9348877e-06,-0.509512
2.9349377e-06,-0.508208
2.9349877e-06,-0.507099
2.9350377e-06,-0.50352
2.9350877e-06,-0.49922
2.9351377e-06,-0.499081
2.9351877e-06,-0.503215
2.9352377e-06,-0.506405
2.9352877e-06,-0.505961
2.9353377e-06,-0.504768
2.9353877e-06,-0.504879
2.9354377e-06,-0.502743
2.9354877e-06,-0.495391
2.9355377e-06,-0.488372
2.9355877e-06,-0.490869
2.9356377e-06,-0.50302
2.9356877e-06,-0.513951
2.9357377e-06,-0.513951
2.9357877e-06,-0.504269
2.9358377e-06,-0.493837
2.9358877e-06,-0.490009
2.9359377e-06,-0.493893
2.9359877e-06,-0.501078
2.9360377e-06,-0.505517
2.9360877e-06,-0.50413
2.9361377e-06,-0.498609
2.9361877e-06,-0.493366
2.9362377e-06,-0.491535
2.9362877e-06,-0.493116
2.9363377e-06,-0.496057
2.9363877e-06,-0.498054
2.9364377e-06,-0.497666
2.9364877e-06,-0.495141
2.9365377e-06,-0.492173
2.9365877e-06,-0.491673
2.9366377e-06,-0.496307
2.9366877e-06,-0.505601
2.9367377e-06,-0.514146
2.9367877e-06,-0.5152
2.9368377e-06,-0.507487
2.9368877e-06,-0.497361
2.9369377e-06,-0.492228
2.9369877e-06,-0.49356
2.9370377e-06,-0.497943
2.9370877e-06,-0.502604
2.9371377e-06,-0.5061
2.9371877e-06,-0.506128
2.9372377e-06,-0.501911
2.9372877e-06,-0.497361
2.9373377e-06,-0.496972
2.9373877e-06,-0.499275
2.9374377e-06,-0.498859
2.9374877e-06,-0.49417
2.9375377e-06,-0.489232
2.9375877e-06,-0.488039
2.9376377e-06,-0.490203
2.9376877e-06,-0.492395
2.9377377e-06,-0.492977
2.9377877e-06,-0.493976
2.9378377e-06,-0.497389
2.9378877e-06,-0.500635
2.9379377e-06,-0.498998
2.9379877e-06,-0.493699
2.9380377e-06,-0.492755
2.9380877e-06,-0.500551
2.9381377e-06,-0.510178
2.9381877e-06,-0.5109
2.9382377e-06,-0.501938
2.9382877e-06,-0.493948
2.9383377e-06,-0.496057
2.9383877e-06,-0.504852
2.9384377e-06,-0.508902
2.9384877e-06,-0.503686
2.9385377e-06,-0.496445
2.9385877e-06,-0.494781
2.9386377e-06,-0.497139
2.9386877e-06,-0.499553
2.9387377e-06,-0.504297
2.9387877e-06,-0.513646
2.9388377e-06,-0.520332
2.9388877e-06,-0.514895
2.9389377e-06,-0.500274
2.9389877e-06,-0.489898
2.9390377e-06,-0.491202
2.9390877e-06,-0.498249
2.9391377e-06,-0.502271
2.9391877e-06,-0.502965
2.9392377e-06,-0.505767
2.9392877e-06,-0.511205
2.9393377e-06,-0.51348
2.9393877e-06,-0.509956
2.9394377e-06,-0.505739
2.9394877e-06,-0.505517
2.9395377e-06,-0.505739
2.9395877e-06,-0.50044
2.9396377e-06,-0.491951
2.9396877e-06,-0.489066
2.9397377e-06,-0.494975
2.9397877e-06,-0.502493
2.9398377e-06,-0.503686
2.9398877e-06,-0.499858
2.9399377e-06,-0.497832
2.9399877e-06,-0.499414
2.9400377e-06,-0.499996
2.9400877e-06,-0.497333
2.9401377e-06,-0.495724
2.9401877e-06,-0.49922
2.9402377e-06,-0.505101
2.9402877e-06,-0.507515
2.9403377e-06,-0.504879
2.9403877e-06,-0.501689
2.9404377e-06,-0.502632
2.9404877e-06,-0.506544
2.9405377e-06,-0.507987
2.9405877e-06,-0.504741
2.9406377e-06,-0.500635
2.9406877e-06,-0.49922
2.9407377e-06,-0.498942
2.9407877e-06,-0.497805
2.9408377e-06,-0.498803
2.9408877e-06,-0.50413
2.9409377e-06,-0.507765
2.9409877e-06,-0.501273
2.9410377e-06,-0.487235
2.9410877e-06,-0.478828
2.9411377e-06,-0.483406
2.9411877e-06,-0.492839
2.9412377e-06,-0.495114
2.9412877e-06,-0.490009
2.9413377e-06,-0.48668
2.9413877e-06,-0.489509
2.9414377e-06,-0.49381
2.9414877e-06,-0.494198
2.9415377e-06,-0.490675
2.9415877e-06,-0.486735
2.9416377e-06,-0.486375
2.9416877e-06,-0.491507
2.9417377e-06,-0.49922
2.9417877e-06,-0.50241
2.9418377e-06,-0.497
2.9418877e-06,-0.487845
2.9419377e-06,-0.484072
2.9419877e-06,-0.489232
2.9420377e-06,-0.497777
2.9420877e-06,-0.5018
2.9421377e-06,-0.49897
2.9421877e-06,-0.493421
2.9422377e-06,-0.490203
2.9422877e-06,-0.490536
2.9423377e-06,-0.491424
2.9423877e-06,-0.489482
2.9424377e-06,-0.48532
2.9424877e-06,-0.483628
2.9425377e-06,-0.488538
2.9425877e-06,-0.498471
2.9426377e-06,-0.506239
2.9426877e-06,-0.505545
2.9427377e-06,-0.497333
2.9427877e-06,-0.489454
2.9428377e-06,-0.488816
2.9428877e-06,-0.493726
2.9429377e-06,-0.495363
2.9429877e-06,-0.488816
2.9430377e-06,-0.480576
2.9430877e-06,-0.481048
2.9431377e-06,-0.490397
2.9431877e-06,-0.497389
2.9432377e-06,-0.493754
2.9432877e-06,-0.484987
2.9433377e-06,-0.483378
2.9433877e-06,-0.493033
2.9434377e-06,-0.505073
2.9434877e-06,-0.507321
2.9435377e-06,-0.496945
2.9435877e-06,-0.48299
2.9436377e-06,-0.476609
2.9436877e-06,-0.480826
2.9437377e-06,-0.489953
2.9437877e-06,-0.496445
2.9438377e-06,-0.496695
2.9438877e-06,-0.492006
2.9439377e-06,-0.487734
2.9439877e-06,-0.489315
2.9440377e-06,-0.495779
2.9440877e-06,-0.498054
2.9441377e-06,-0.488649
2.9441877e-06,-0.473474
2.9442377e-06,-0.468119
2.9442877e-06,-0.478551
2.9443377e-06,-0.490897
2.9443877e-06,-0.488039
2.9444377e-06,-0.472697
2.9444877e-06,-0.465234
2.9445377e-06,-0.477497
2.9445877e-06,-0.497333
2.9446377e-06,-0.504186
2.9446877e-06,-0.494281
2.9447377e-06,-0.482407
2.9447877e-06,-0.481658
2.9448377e-06,-0.489121
2.9448877e-06,-0.494503
2.9449377e-06,-0.494365
2.9449877e-06,-0.493033
2.9450377e-06,-0.493338
2.9450877e-06,-0.493671
2.9451377e-06,-0.492811
2.9451877e-06,-0.491979
2.9452377e-06,-0.491979
2.9452877e-06,-0.492423
2.9453377e-06,-0.494392
2.9453877e-06,-0.499414
2.9454377e-06,-0.50352
2.9454877e-06,-0.499025
2.9455377e-06,-0.485653
2.9455877e-06,-0.474861
2.9456377e-06,-0.476886
2.9456877e-06,-0.487096
2.9457377e-06,-0.491895
2.9457877e-06,-0.487013
2.9458377e-06,-0.481325
2.9458877e-06,-0.48213
2.9459377e-06,-0.485542
2.9459877e-06,-0.485348
2.9460377e-06,-0.484627
2.9460877e-06,-0.490286
2.9461377e-06,-0.499553
2.9461877e-06,-0.501328
2.9462377e-06,-0.492644
2.9462877e-06,-0.485265
2.9463377e-06,-0.489953
2.9463877e-06,-0.499747
2.9464377e-06,-0.498998
2.9464877e-06,-0.486264
2.9465377e-06,-0.477081
2.9465877e-06,-0.481436
2.9466377e-06,-0.491285
2.9466877e-06,-0.495141
2.9467377e-06,-0.493921
2.9467877e-06,-0.494087
2.9468377e-06,-0.494337
2.9468877e-06,-0.489704
2.9469377e-06,-0.483489
2.9469877e-06,-0.483406
2.9470377e-06,-0.488206
2.9470877e-06,-0.488428
2.9471377e-06,-0.481242
2.9471877e-06,-0.474695
2.9472377e-06,-0.475111
2.9472877e-06,-0.478717
2.9473377e-06,-0.479439
2.9473877e-06,-0.47783
2.9474377e-06,-0.478301
2.9474877e-06,-0.481381
2.9475377e-06,-0.484044
2.9475877e-06,-0.485459
2.9476377e-06,-0.487068
2.9476877e-06,-0.48754
2.9477377e-06,-0.482601
2.9477877e-06,-0.472586
2.9478377e-06,-0.466538
2.9478877e-06,-0.473058
2.9479377e-06,-0.487346
2.9479877e-06,-0.494531
2.9480377e-06,-0.488788
2.9480877e-06,-0.480659
2.9481377e-06,-0.480881
2.9481877e-06,-0.485126
2.9482377e-06,-0.482546
2.9482877e-06,-0.473696
2.9483377e-06,-0.469784
2.9483877e-06,-0.476553
2.9484377e-06,-0.486985
2.9484877e-06,-0.490786
2.9485377e-06,-0.485431
2.9485877e-06,-0.476637
2.9486377e-06,-0.47242
2.9486877e-06,-0.477413
2.9487377e-06,-0.488289
2.9487877e-06,-0.494309
2.9488377e-06,-0.487318
2.9488877e-06,-0.472947
2.9489377e-06,-0.466177
2.9489877e-06,-0.473196
2.9490377e-06,-0.483794
2.9490877e-06,-0.486069
2.9491377e-06,-0.481769
2.9491877e-06,-0.480105
2.9492377e-06,-0.482379
2.9492877e-06,-0.482823
2.9493377e-06,-0.480632
2.9493877e-06,-0.481408
2.9494377e-06,-0.486319
2.9494877e-06,-0.489093
2.9495377e-06,-0.485792
2.9495877e-06,-0.48127
2.9496377e-06,-0.482102
2.9496877e-06,-0.486902
2.9497377e-06,-0.48815
2.9497877e-06,-0.482241
2.9498377e-06,-0.47389
2.9498877e-06,-0.469423
2.9499377e-06,-0.469396
2.9499877e-06,-0.470727
2.9500377e-06,-0.472531
2.9500877e-06,-0.476609
2.9501377e-06,-0.483156
2.9501877e-06,-0.489066
2.9502377e-06,-0.489926
2.9502877e-06,-0.483545
2.9503377e-06,-0.472891
2.9503877e-06,-0.465428
2.9504377e-06,-0.466455
2.9504877e-06,-0.473474
2.9505377e-06,-0.478745
2.9505877e-06,-0.477413
2.9506377e-06,-0.47156
2.9506877e-06,-0.46762
2.9507377e-06,-0.470589
2.9507877e-06,-0.479522
2.9508377e-06,-0.487207
2.9508877e-06,-0.486485
2.9509377e-06,-0.47819
2.9509877e-06,-0.47106
2.9510377e-06,-0.471893
2.9510877e-06,-0.477275
2.9511377e-06,-0.478579
2.9511877e-06,-0.473751
2.9512377e-06,-0.470589
2.9512877e-06,-0.475971
2.9513377e-06,-0.486014
2.9513877e-06,-0.490675
2.9514377e-06,-0.486513
2.9514877e-06,-0.480965
2.9515377e-06,-0.481769
2.9515877e-06,-0.485931
2.9516377e-06,-0.484654
2.9516877e-06,-0.477441
2.9517377e-06,-0.474195
2.9517877e-06,-0.480437
2.9518377e-06,-0.487651
2.9518877e-06,-0.483822
2.9519377e-06,-0.470478
2.9519877e-06,-0.461711
2.9520377e-06,-0.466788
2.9520877e-06,-0.479577
2.9521377e-06,-0.487706
2.9521877e-06,-0.486042
2.9522377e-06,-0.478745
2.9522877e-06,-0.472336
2.9523377e-06,-0.470478
2.9523877e-06,-0.473169
2.9524377e-06,-0.476803
2.9524877e-06,-0.476553
2.9525377e-06,-0.470644
2.9525877e-06,-0.462904
2.9526377e-06,-0.459242
2.9526877e-06,-0.461378
2.9527377e-06,-0.465539
2.9527877e-06,-0.467703
2.9528377e-06,-0.468952
2.9528877e-06,-0.473807
2.9529377e-06,-0.482712
2.9529877e-06,-0.489482
2.9530377e-06,-0.489177
2.9530877e-06,-0.486319
2.9531377e-06,-0.488455
2.9531877e-06,-0.49245
2.9532377e-06,-0.487124
2.9532877e-06,-0.471948
2.9533377e-06,-0.461711
2.9533877e-06,-0.466621
2.9534377e-06,-0.477996
2.9534877e-06,-0.48102
2.9535377e-06,-0.474167
2.9535877e-06,-0.468397
2.9536377e-06,-0.470755
2.9536877e-06,-0.476442
2.9537377e-06,-0.476553
2.9537877e-06,-0.469507
2.9538377e-06,-0.462876
2.9538877e-06,-0.464513
2.9539377e-06,-0.473751
2.9539877e-06,-0.482047
2.9540377e-06,-0.481797
2.9540877e-06,-0.473169
2.9541377e-06,-0.463431
2.9541877e-06,-0.46135
2.9542377e-06,-0.469146
2.9542877e-06,-0.478135
2.9543377e-06,-0.476637
2.9543877e-06,-0.465317
2.9544377e-06,-0.458437
2.9544877e-06,-0.464291
2.9545377e-06,-0.47217
2.9545877e-06,-0.468758
2.9546377e-06,-0.460018
2.9546877e-06,-0.462571
2.9547377e-06,-0.47586
2.9547877e-06,-0.479994
2.9548377e-06,-0.465179
2.9548877e-06,-0.44906
2.9549377e-06,-0.454109
2.9549877e-06,-0.476387
2.9550377e-06,-0.489953
2.9550877e-06,-0.480881
2.9551377e-06,-0.463736
2.9551877e-06,-0.459796
2.9552377e-06,-0.469923
2.9552877e-06,-0.477913
2.9553377e-06,-0.474223
2.9553877e-06,-0.465789
2.9554377e-06,-0.463486
2.9554877e-06,-0.468452
2.9555377e-06,-0.473363
2.9555877e-06,-0.471809
2.9556377e-06,-0.464513
2.9556877e-06,-0.458465
2.9557377e-06,-0.460795
2.9557877e-06,-0.471393
2.9558377e-06,-0.481519
2.9558877e-06,-0.482574
2.9559377e-06,-0.475028
2.9559877e-06,-0.46676
2.9560377e-06,-0.46357
2.9560877e-06,-0.465262
2.9561377e-06,-0.469174
2.9561877e-06,-0.472808
2.9562377e-06,-0.473446
2.9562877e-06,-0.470367
2.9563377e-06,-0.466871
2.9563877e-06,-0.466594
2.9564377e-06,-0.468425
2.9564877e-06,-0.469063
2.9565377e-06,-0.468869
2.9565877e-06,-0.470838
2.9566377e-06,-0.474278
2.9566877e-06,-0.474584
2.9567377e-06,-0.469951
2.9567877e-06,-0.465095
2.9568377e-06,-0.465872
2.9568877e-06,-0.47156
2.9569377e-06,-0.474695
2.9569877e-06,-0.469396
2.9570377e-06,-0.459491
2.9570877e-06,-0.455857
2.9571377e-06,-0.463486
2.9571877e-06,-0.474084
2.9572377e-06,-0.47672
2.9572877e-06,-0.471782
2.9573377e-06,-0.467703
2.9573877e-06,-0.466899
2.9574377e-06,-0.464152
2.9574877e-06,-0.458215
2.9575377e-06,-0.455302
2.9575877e-06,-0.459186
2.9576377e-06,-0.465623
2.9576877e-06,-0.468924
2.9577377e-06,-0.468452
2.9577877e-06,-0.466677
2.9578377e-06,-0.466316
2.9578877e-06,-0.469701
2.9579377e-06,-0.475527
2.9579877e-06,-0.477108
2.9580377e-06,-0.469423
2.9580877e-06,-0.458215
2.9581377e-06,-0.45569
2.9581877e-06,-0.465345
2.9582377e-06,-0.476498
2.9582877e-06,-0.477053
2.9583377e-06,-0.467509
2.9583877e-06,-0.459491
2.9584377e-06,-0.461378
2.9584877e-06,-0.468896
2.9585377e-06,-0.470672
2.9585877e-06,-0.462515
2.9586377e-06,-0.453416
2.9586877e-06,-0.454775
2.9587377e-06,-0.466233
2.9587877e-06,-0.475555
2.9588377e-06,-0.47328
2.9588877e-06,-0.46307
2.9589377e-06,-0.456689
2.9589877e-06,-0.459852
2.9590377e-06,-0.465928
2.9590877e-06,-0.46479
2.9591377e-06,-0.455801
2.9591877e-06,-0.448699
2.9592377e-06,-0.451113
2.9592877e-06,-0.459602
2.9593377e-06,-0.464735
2.9593877e-06,-0.462377
2.9594377e-06,-0.457355
2.9594877e-06,-0.456717
2.9595377e-06,-0.461295
2.9595877e-06,-0.464263
2.9596377e-06,-0.459824
2.9596877e-06,-0.452306
2.9597377e-06,-0.452112
2.9597877e-06,-0.461128
2.9598377e-06,-0.467481
2.9598877e-06,-0.460767
2.9599377e-06,-0.447423
2.9599877e-06,-0.443234
2.9600377e-06,-0.453221
2.9600877e-06,-0.466427
2.9601377e-06,-0.470505
2.9601877e-06,-0.464291
2.9602377e-06,-0.455885
2.9602877e-06,-0.453776
2.9603377e-06,-0.460906
2.9603877e-06,-0.472031
2.9604377e-06,-0.477191
2.9604877e-06,-0.471421
2.9605377e-06,-0.460629
2.9605877e-06,-0.454858
2.9606377e-06,-0.457244
2.9606877e-06,-0.463098
2.9607377e-06,-0.467037
2.9607877e-06,-0.46701
2.9608377e-06,-0.463681
2.9608877e-06,-0.460462
2.9609377e-06,-0.461267
2.9609877e-06,-0.46479
2.9610377e-06,-0.464679
2.9610877e-06,-0.459353
2.9611377e-06,-0.456218
2.9611877e-06,-0.46049
2.9612377e-06,-0.465151
2.9612877e-06,-0.460795
2.9613377e-06,-0.450835
2.9613877e-06,-0.44734
2.9614377e-06,-0.454054
2.9614877e-06,-0.462737
2.9615377e-06,-0.46565
2.9615877e-06,-0.463459
2.9616377e-06,-0.460102
2.9616877e-06,-0.456939
2.9617377e-06,-0.454498
2.9617877e-06,-0.454969
2.9618377e-06,-0.459464
2.9618877e-06,-0.464957
2.9619377e-06,-0.466649
2.9619877e-06,-0.463264
2.9620377e-06,-0.458825
2.9620877e-06,-0.458021
2.9621377e-06,-0.460129
2.9621877e-06,-0.459325
2.9622377e-06,-0.452944
2.9622877e-06,-0.447146
2.9623377e-06,-0.450419
2.9623877e-06,-0.461905
2.9624377e-06,-0.470922
2.9624877e-06,-0.469368
2.9625377e-06,-0.461322
2.9625877e-06,-0.457577
2.9626377e-06,-0.461267
2.9626877e-06,-0.463653
2.9627377e-06,-0.457161
2.9627877e-06,-0.448394
2.9628377e-06,-0.45078
2.9628877e-06,-0.464652
2.9629377e-06,-0.474417
2.9629877e-06,-0.469229
2.9630377e-06,-0.457743
2.9630877e-06,-0.454941
2.9631377e-06,-0.461184
2.9631877e-06,-0.464013
2.9632377e-06,-0.457411
2.9632877e-06,-0.448477
2.9633377e-06,-0.445314
2.9633877e-06,-0.447478
2.9634377e-06,-0.450752
2.9634877e-06,-0.453637
2.9635377e-06,-0.455996
2.9635877e-06,-0.456412
2.9636377e-06,-0.454331
2.9636877e-06,-0.452278
2.9637377e-06,-0.453527
2.9637877e-06,-0.458437
2.9638377e-06,-0.463653
2.9638877e-06,-0.464901
2.9639377e-06,-0.461073
2.9639877e-06,-0.455552
2.9640377e-06,-0.452722
2.9640877e-06,-0.453527
2.9641377e-06,-0.455607
2.9641877e-06,-0.457161
2.9642377e-06,-0.458326
2.9642877e-06,-0.458604
2.9643377e-06,-0.45644
2.9643877e-06,-0.452472
2.9644377e-06,-0.450835
2.9644877e-06,-0.45422
2.9645377e-06,-0.459047
2.9645877e-06,-0.458298
2.9646377e-06,-0.451806
2.9646877e-06,-0.44906
2.9647377e-06,-0.457244
2.9647877e-06,-0.468647
2.9648377e-06,-0.468758
2.9648877e-06,-0.4573
2.9649377e-06,-0.450558
2.9649877e-06,-0.457799
2.9650377e-06,-0.466843
2.9650877e-06,-0.462349
2.9651377e-06,-0.449393
2.9651877e-06,-0.445786
2.9652377e-06,-0.456051
2.9652877e-06,-0.466316
2.9653377e-06,-0.464873
2.9653877e-06,-0.45569
2.9654377e-06,-0.449088
2.9654877e-06,-0.447756
2.9655377e-06,-0.44734
2.9655877e-06,-0.446064
2.9656377e-06,-0.447284
2.9656877e-06,-0.453332
2.9657377e-06,-0.460268
2.9657877e-06,-0.461794
2.9658377e-06,-0.45644
2.9658877e-06,-0.44881
2.9659377e-06,-0.444649
2.9659877e-06,-0.446202
2.9660377e-06,-0.450919
2.9660877e-06,-0.453249
2.9661377e-06,-0.449559
2.9661877e-06,-0.442679
2.9662377e-06,-0.439794
2.9662877e-06,-0.444011
2.9663377e-06,-0.450336
2.9663877e-06,-0.452666
2.9664377e-06,-0.452056
2.9664877e-06,-0.453554
2.9665377e-06,-0.456606
2.9665877e-06,-0.454442
2.9666377e-06,-0.444427
2.9666877e-06,-0.434439
2.9667377e-06,-0.434273
2.9667877e-06,-0.44193
2.9668377e-06,-0.445231
2.9668877e-06,-0.43824
2.9669377e-06,-0.43
2.9669877e-06,-0.431942
2.9670377e-06,-0.440681
2.9670877e-06,-0.442873
2.9671377e-06,-0.435688
2.9671877e-06,-0.432414
2.9672377e-06,-0.442346
2.9672877e-06,-0.456051
2.9673377e-06,-0.458687
2.9673877e-06,-0.451224
2.9674377e-06,-0.447146
2.9674877e-06,-0.451668
2.9675377e-06,-0.455552
2.9675877e-06,-0.450447
2.9676377e-06,-0.441292
2.9676877e-06,-0.439017
2.9677377e-06,-0.445037
2.9677877e-06,-0.449948
2.9678377e-06,-0.447423
2.9678877e-06,-0.442651
2.9679377e-06,-0.444149
2.9679877e-06,-0.450558
2.9680377e-06,-0.452223
2.9680877e-06,-0.445398
2.9681377e-06,-0.438379
2.9681877e-06,-0.439572
2.9682377e-06,-0.445481
2.9682877e-06,-0.446563
2.9683377e-06,-0.441708
2.9683877e-06,-0.438545
2.9684377e-06,-0.440543
2.9684877e-06,-0.442346
2.9685377e-06,-0.439239
2.9685877e-06,-0.434772
2.9686377e-06,-0.435549
2.9686877e-06,-0.44304
2.9687377e-06,-0.451834
2.9687877e-06,-0.454581
2.9688377e-06,-0.449032
2.9688877e-06,-0.441736
2.9689377e-06,-0.442069
2.9689877e-06,-0.450059
2.9690377e-06,-0.454442
2.9690877e-06,-0.447395
2.9691377e-06,-0.436298
2.9691877e-06,-0.4348
2.9692377e-06,-0.444427
2.9692877e-06,-0.452361
2.9693377e-06,-0.448089
2.9693877e-06,-0.43591
2.9694377e-06,-0.428169
2.9694877e-06,-0.42964
2.9695377e-06,-0.434328
2.9695877e-06,-0.436964
2.9696377e-06,-0.440543
2.9696877e-06,-0.448394
2.9697377e-06,-0.45447
2.9697877e-06,-0.449837
2.9698377e-06,-0.43713
2.9698877e-06,-0.430028
2.9699377e-06,-0.435216
2.9699877e-06,-0.44304
2.9700377e-06,-0.441708
2.9700877e-06,-0.434606
2.9701377e-06,-0.434411
2.9701877e-06,-0.443372
2.9702377e-06,-0.450253
2.9702877e-06,-0.447146
2.9703377e-06,-0.439877
2.9703877e-06,-0.438157
2.9704377e-06,-0.443012
2.9704877e-06,-0.44881
2.9705377e-06,-0.45189
2.9705877e-06,-0.451917
2.9706377e-06,-0.449171
2.9706877e-06,-0.445093
2.9707377e-06,-0.442956
2.9707877e-06,-0.443151
2.9708377e-06,-0.44193
2.9708877e-06,-0.438184
2.9709377e-06,-0.436548
2.9709877e-06,-0.439599
2.9710377e-06,-0.442762
2.9710877e-06,-0.442845
2.9711377e-06,-0.444011
2.9711877e-06,-0.449143
2.9712377e-06,-0.451806
2.9712877e-06,-0.445009
2.9713377e-06,-0.434217
2.9713877e-06,-0.432386
2.9714377e-06,-0.442596
2.9714877e-06,-0.453416
2.9715377e-06,-0.453416
2.9715877e-06,-0.444316
2.9716377e-06,-0.436797
2.9716877e-06,-0.436409
2.9717377e-06,-0.438739
2.9717877e-06,-0.43713
2.9718377e-06,-0.431443
2.9718877e-06,-0.427503
2.9719377e-06,-0.429196
2.9719877e-06,-0.434467
2.9720377e-06,-0.438295
2.9720877e-06,-0.438295
2.9721377e-06,-0.43541
2.9721877e-06,-0.43111
2.9722377e-06,-0.427531
2.9722877e-06,-0.428807
2.9723377e-06,-0.43677
2.9723877e-06,-0.445204
2.9724377e-06,-0.443761
2.9724877e-06,-0.430472
2.9725377e-06,-0.415712
2.9725877e-06,-0.411246
2.9726377e-06,-0.418931
2.9726877e-06,-0.431887
2.9727377e-06,-0.442845
2.9727877e-06,-0.448394
2.9728377e-06,-0.448755
2.9728877e-06,-0.44684
2.9729377e-06,-0.445287
2.9729877e-06,-0.443289
2.9730377e-06,-0.438767
2.9730877e-06,-0.434051
2.9731377e-06,-0.434744
2.9731877e-06,-0.440987
2.9732377e-06,-0.444926
2.9732877e-06,-0.440626
2.9733377e-06,-0.433191
2.9733877e-06,-0.43283
2.9734377e-06,-0.442013
2.9734877e-06,-0.452417
2.9735377e-06,-0.454498
2.9735877e-06,-0.44623
2.9736377e-06,-0.433579
2.9736877e-06,-0.425728
2.9737377e-06,-0.428363
2.9737877e-06,-0.437713
2.9738377e-06,-0.443095
2.9738877e-06,-0.439128
2.9739377e-06,-0.432525
2.9739877e-06,-0.43222
2.9740377e-06,-0.436409
2.9740877e-06,-0.437435
2.9741377e-06,-0.435715
2.9741877e-06,-0.438517
2.9742377e-06,-0.445814
2.9742877e-06,-0.447784
2.9743377e-06,-0.439738
2.9743877e-06,-0.42939
2.9744377e-06,-0.425173
2.9744877e-06,-0.425589
2.9745377e-06,-0.426033
2.9745877e-06,-0.427919
2.9746377e-06,-0.433607
2.9746877e-06,-0.438989
2.9747377e-06,-0.439266
2.9747877e-06,-0.436797
2.9748377e-06,-0.436353
2.9748877e-06,-0.437102
2.9749377e-06,-0.435577
2.9749877e-06,-0.432192
2.9750377e-06,-0.429445
2.9750877e-06,-0.427614
2.9751377e-06,-0.426505
2.9751877e-06,-0.427892
2.9752377e-06,-0.431609
2.9752877e-06,-0.433607
2.9753377e-06,-0.431609
2.9753877e-06,-0.428752
2.9754377e-06,-0.428474
2.9754877e-06,-0.429501
2.9755377e-06,-0.429362
2.9755877e-06,-0.429307
2.9756377e-06,-0.432164
2.9756877e-06,-0.437574
2.9757377e-06,-0.442457
2.9757877e-06,-0.444843
2.9758377e-06,-0.444593
2.9758877e-06,-0.441819
2.9759377e-06,-0.436659
2.9759877e-06,-0.431221
2.9760377e-06,-0.429168
2.9760877e-06,-0.431748
2.9761377e-06,-0.4348
2.9761877e-06,-0.432053
2.9762377e-06,-0.423037
2.9762877e-06,-0.416045
2.9763377e-06,-0.419985
2.9763877e-06,-0.432913
2.9764377e-06,-0.441652
2.9764877e-06,-0.436298
2.9765377e-06,-0.42165
2.9765877e-06,-0.411384
2.9766377e-06,-0.412605
2.9766877e-06,-0.420928
2.9767377e-06,-0.42939
2.9767877e-06,-0.434966
2.9768377e-06,-0.435826
2.9768877e-06,-0.429695
2.9769377e-06,-0.418431
2.9769877e-06,-0.408971
2.9770377e-06,-0.406446
2.9770877e-06,-0.409248
2.9771377e-06,-0.413243
2.9771877e-06,-0.416683
2.9772377e-06,-0.419319
2.9772877e-06,-0.420678
2.9773377e-06,-0.421733
2.9773877e-06,-0.425395
2.9774377e-06,-0.432136
2.9774877e-06,-0.437047
2.9775377e-06,-0.434744
2.9775877e-06,-0.426421
2.9776377e-06,-0.419402
2.9776877e-06,-0.41857
2.9777377e-06,-0.420928
2.9777877e-06,-0.420651
2.9778377e-06,-0.417932
2.9778877e-06,-0.419319
2.9779377e-06,-0.428086
2.9779877e-06,-0.438046
2.9780377e-06,-0.439821
2.9780877e-06,-0.432081
2.9781377e-06,-0.42312
2.9781877e-06,-0.421344
2.9782377e-06,-0.427337
2.9782877e-06,-0.434966
2.9783377e-06,-0.438101
2.9783877e-06,-0.435715
2.9784377e-06,-0.432025
2.9784877e-06,-0.431637
2.9785377e-06,-0.434134
2.9785877e-06,-0.435299
2.9786377e-06,-0.432969
2.9786877e-06,-0.429612
2.9787377e-06,-0.428474
2.9787877e-06,-0.429445
2.9788377e-06,-0.429473
2.9788877e-06,-0.427281
2.9789377e-06,-0.425645
2.9789877e-06,-0.427503
2.9790377e-06,-0.431776
2.9790877e-06,-0.434717
2.9791377e-06,-0.4348
2.9791877e-06,-0.43308
2.9792377e-06,-0.430305
2.9792877e-06,-0.426144
2.9793377e-06,-0.421455
2.9793877e-06,-0.419014
2.9794377e-06,-0.421067
2.9794877e-06,-0.42656
2.9795377e-06,-0.431221
2.9795877e-06,-0.430555
2.9796377e-06,-0.424008
2.9796877e-06,-0.417016
2.9797377e-06,-0.416905
2.9797877e-06,-0.423841
2.9798377e-06,-0.428474
2.9798877e-06,-0.423203
2.9799377e-06,-0.413743
2.9799877e-06,-0.413105
2.9800377e-06,-0.423397
2.9800877e-06,-0.431887
2.9801377e-06,-0.428419
2.9801877e-06,-0.418958
2.9802377e-06,-0.416045
2.9802877e-06,-0.422038
2.9803377e-06,-0.429584
2.9803877e-06,-0.434023
2.9804377e-06,-0.435466
2.9804877e-06,-0.432442
2.9805377e-06,-0.423203
2.9805877e-06,-0.4123
2.9806377e-06,-0.407944
2.9806877e-06,-0.412522
2.9807377e-06,-0.420623
2.9807877e-06,-0.425617
2.9808377e-06,-0.424951
2.9808877e-06,-0.420512
2.9809377e-06,-0.416794
2.9809877e-06,-0.417599
2.9810377e-06,-0.42226
2.9810877e-06,-0.426088
2.9811377e-06,-0.425312
2.9811877e-06,-0.420956
2.9812377e-06,-0.417876
2.9812877e-06,-0.420678
2.9813377e-06,-0.429584
2.9813877e-06,-0.438934
2.9814377e-06,-0.441541
2.9814877e-06,-0.436464
2.9815377e-06,-0.429945
2.9815877e-06,-0.426727
2.9816377e-06,-0.424008
2.9816877e-06,-0.418126
2.9817377e-06,-0.412966
2.9817877e-06,-0.414908
2.9818377e-06,-0.421622
2.9818877e-06,-0.42373
2.9819377e-06,-0.417627
2.9819877e-06,-0.410303
2.9820377e-06,-0.409276
2.9820877e-06,-0.413216
2.9821377e-06,-0.41599
2.9821877e-06,-0.415657
2.9822377e-06,-0.41513
2.9822877e-06,-0.416156
2.9823377e-06,-0.416961
2.9823877e-06,-0.416351
2.9824377e-06,-0.416018
2.9824877e-06,-0.418071
2.9825377e-06,-0.421955
2.9825877e-06,-0.424674
2.9826377e-06,-0.423758
2.9826877e-06,-0.419929
2.9827377e-06,-0.415934
2.9827877e-06,-0.413327
2.9828377e-06,-0.412661
2.9828877e-06,-0.416073
2.9829377e-06,-0.424812
2.9829877e-06,-0.433107
2.9830377e-06,-0.430888
2.9830877e-06,-0.416989
2.9831377e-06,-0.403811
2.9831877e-06,-0.403006
2.9832377e-06,-0.411079
2.9832877e-06,-0.416351
2.9833377e-06,-0.415574
2.9833877e-06,-0.41488
2.9834377e-06,-0.41746
2.9834877e-06,-0.420512
2.9835377e-06,-0.422232
2.9835877e-06,-0.42337
2.9836377e-06,-0.421982
2.9836877e-06,-0.415296
2.9837377e-06,-0.407972
2.9837877e-06,-0.410025
2.9838377e-06,-0.422981
2.9838877e-06,-0.434939
2.9839377e-06,-0.434162
2.9839877e-06,-0.423286
2.9840377e-06,-0.414547
2.9840877e-06,-0.412383
2.9841377e-06,-0.409137
2.9841877e-06,-0.400093
2.9842377e-06,-0.39435
2.9842877e-06,-0.402645
2.9843377e-06,-0.418653
2.9843877e-06,-0.425478
2.9844377e-06,-0.419347
2.9844877e-06,-0.413354
2.9845377e-06,-0.41599
2.9845877e-06,-0.419929
2.9846377e-06,-0.417238
2.9846877e-06,-0.412966
2.9847377e-06,-0.414159
2.9847877e-06,-0.416878
2.9848377e-06,-0.414686
2.9848877e-06,-0.411246
2.9849377e-06,-0.41316
2.9849877e-06,-0.416767
2.9850377e-06,-0.414714
2.9850877e-06,-0.40947
2.9851377e-06,-0.40886
2.9851877e-06,-0.411745
2.9852377e-06,-0.410053
2.9852877e-06,-0.403561
2.9853377e-06,-0.401785
2.9853877e-06,-0.409859
2.9854377e-06,-0.420262
2.9854877e-06,-0.421844
2.9855377e-06,-0.413327
2.9855877e-06,-0.405142
2.9856377e-06,-0.407639
2.9856877e-06,-0.418792
2.9857377e-06,-0.426588
2.9857877e-06,-0.423203
2.9858377e-06,-0.413798
2.9858877e-06,-0.409637
2.9859377e-06,-0.415102
2.9859877e-06,-0.423813
2.9860377e-06,-0.426172
2.9860877e-06,-0.419846
2.9861377e-06,-0.41205
2.9861877e-06,-0.411163
2.9862377e-06,-0.417544
2.9862877e-06,-0.423592
2.9863377e-06,-0.422343
2.9863877e-06,-0.414464
2.9864377e-06,-0.407695
2.9864877e-06,-0.409331
2.9865377e-06,-0.418348
2.9865877e-06,-0.42484
2.9866377e-06,-0.419985
2.9866877e-06,-0.407251
2.9867377e-06,-0.399621
2.9867877e-06,-0.405253
2.9868377e-06,-0.418681
2.9868877e-06,-0.427892
2.9869377e-06,-0.427087
2.9869877e-06,-0.420096
2.9870377e-06,-0.413909
2.9870877e-06,-0.411995
2.9871377e-06,-0.412078
2.9871877e-06,-0.409748
2.9872377e-06,-0.404449
2.9872877e-06,-0.401896
2.9873377e-06,-0.407362
2.9873877e-06,-0.417654
2.9874377e-06,-0.423703
2.9874877e-06,-0.420984
2.9875377e-06,-0.413798
2.9875877e-06,-0.409054
2.9876377e-06,-0.410247
2.9876877e-06,-0.415907
2.9877377e-06,-0.421178
2.9877877e-06,-0.421317
2.9878377e-06,-0.41685
2.9878877e-06,-0.413909
2.9879377e-06,-0.4171
2.9879877e-06,-0.423286
2.9880377e-06,-0.425173
2.9880877e-06,-0.420623
2.9881377e-06,-0.41463
2.9881877e-06,-0.411329
2.9882377e-06,-0.408777
2.9882877e-06,-0.404504
2.9883377e-06,-0.400981
2.9883877e-06,-0.401952
2.9884377e-06,-0.406474
2.9884877e-06,-0.411024
2.9885377e-06,-0.414187
2.9885877e-06,-0.415823
2.9886377e-06,-0.413909
2.9886877e-06,-0.40825
2.9887377e-06,-0.404837
2.9887877e-06,-0.40972
2.9888377e-06,-0.419291
2.9888877e-06,-0.42459
2.9889377e-06,-0.424257
2.9889877e-06,-0.424396
2.9890377e-06,-0.425672
2.9890877e-06,-0.421483
2.9891377e-06,-0.411634
2.9891877e-06,-0.406335
2.9892377e-06,-0.411579
2.9892877e-06,-0.419652
2.9893377e-06,-0.419652
2.9893877e-06,-0.41144
2.9894377e-06,-0.403866
2.9894877e-06,-0.403783
2.9895377e-06,-0.410025
2.9895877e-06,-0.415574
2.9896377e-06,-0.414769
2.9896877e-06,-0.409415
2.9897377e-06,-0.406807
2.9897877e-06,-0.41033
2.9898377e-06,-0.414908
2.9898877e-06,-0.414076
2.9899377e-06,-0.408527
2.9899877e-06,-0.40431
2.9900377e-06,-0.405364
2.9900877e-06,-0.409914
2.9901377e-06,-0.412466
2.9901877e-06,-0.408915
2.9902377e-06,-0.401758
2.9902877e-06,-0.398872
2.9903377e-06,-0.404199
2.9903877e-06,-0.411468
2.9904377e-06,-0.412356
2.9904877e-06,-0.408555
2.9905377e-06,-0.40836
2.9905877e-06,-0.412272
2.9906377e-06,-0.412272
2.9906877e-06,-0.406779
2.9907377e-06,-0.40517
2.9907877e-06,-0.412078
2.9908377e-06,-0.417516
2.9908877e-06,-0.411412
2.9909377e-06,-0.400842
2.9909877e-06,-0.401619
2.9910377e-06,-0.415574
2.9910877e-06,-0.426948
2.9911377e-06,-0.422981
2.9911877e-06,-0.408971
2.9912377e-06,-0.399483
2.9912877e-06,-0.401009
2.9913377e-06,-0.407389
2.9913877e-06,-0.409387
2.9914377e-06,-0.404698
2.9914877e-06,-0.398484
2.9915377e-06,-0.395765
2.9915877e-06,-0.396597
2.9916377e-06,-0.398789
2.9916877e-06,-0.401924
2.9917377e-06,-0.406002
2.9917877e-06,-0.409054
2.9918377e-06,-0.409026
2.9918877e-06,-0.406335
2.9919377e-06,-0.402978
2.9919877e-06,-0.401258
2.9920377e-06,-0.402035
2.9920877e-06,-0.4032
2.9921377e-06,-0.401813
2.9921877e-06,-0.399094
2.9922377e-06,-0.40037
2.9922877e-06,-0.407084
2.9923377e-06,-0.413105
2.9923877e-06,-0.412938
2.9924377e-06,-0.410081
2.9924877e-06,-0.411662
2.9925377e-06,-0.416767
2.9925877e-06,-0.416961
2.9926377e-06,-0.409442
2.9926877e-06,-0.403006
2.9927377e-06,-0.406002
2.9927877e-06,-0.41427
2.9928377e-06,-0.417183
2.9928877e-06,-0.412106
2.9929377e-06,-0.406086
2.9929877e-06,-0.405198
2.9930377e-06,-0.408111
2.9930877e-06,-0.410663
2.9931377e-06,-0.411024
2.9931877e-06,-0.410136
2.9932377e-06,-0.409082
2.9932877e-06,-0.407722
2.9933377e-06,-0.404782
2.9933877e-06,-0.400176
2.9934377e-06,-0.39743
2.9934877e-06,-0.401341
2.9935377e-06,-0.411495
2.9935877e-06,-0.420956
2.9936377e-06,-0.423259
2.9936877e-06,-0.418404
2.9937377e-06,-0.410524
2.9937877e-06,-0.403561
2.9938377e-06,-0.401064
2.9938877e-06,-0.406058
2.9939377e-06,-0.416989
2.9939877e-06,-0.425645
2.9940377e-06,-0.424313
2.9940877e-06,-0.41463
2.9941377e-06,-0.406363
2.9941877e-06,-0.406835
2.9942377e-06,-0.413105
2.9942877e-06,-0.41624
2.9943377e-06,-0.412356
2.9943877e-06,-0.406474
2.9944377e-06,-0.404587
2.9944877e-06,-0.40542
2.9945377e-06,-0.403062
2.9945877e-06,-0.395904
2.9946377e-06,-0.389162
2.9946877e-06,-0.388136
2.9947377e-06,-0.392131
2.9947877e-06,-0.396986
2.9948377e-06,-0.399816
2.9948877e-06,-0.400093
2.9949377e-06,-0.398151
2.9949877e-06,-0.394905
2.9950377e-06,-0.392047
2.9950877e-06,-0.391271
2.9951377e-06,-0.39374
2.9951877e-06,-0.399427
2.9952377e-06,-0.405697
2.9952877e-06,-0.409054
2.9953377e-06,-0.408499
2.9953877e-06,-0.405503
2.9954377e-06,-0.400176
2.9954877e-06,-0.392047
2.9955377e-06,-0.384834
2.9955877e-06,-0.3855
2.9956377e-06,-0.395765
2.9956877e-06,-0.407944
2.9957377e-06,-0.412189
2.9957877e-06,-0.406696
2.9958377e-06,-0.399011
2.9958877e-06,-0.398484
2.9959377e-06,-0.40664
2.9959877e-06,-0.414298
2.9960377e-06,-0.410663
2.9960877e-06,-0.396986
2.9961377e-06,-0.387498
2.9961877e-06,-0.392158
2.9962377e-06,-0.403422
2.9962877e-06,-0.406391
2.9963377e-06,-0.399066
2.9963877e-06,-0.393684
2.9964377e-06,-0.399455
2.9964877e-06,-0.411579
2.9965377e-06,-0.418404
2.9965877e-06,-0.414214
2.9966377e-06,-0.403089
2.9966877e-06,-0.393379
2.9967377e-06,-0.390272
2.9967877e-06,-0.392852
2.9968377e-06,-0.396764
2.9968877e-06,-0.397874
2.9969377e-06,-0.394628
2.9969877e-06,-0.389634
2.9970377e-06,-0.388885
2.9970877e-06,-0.395737
2.9971377e-06,-0.405198
2.9971877e-06,-0.407778
2.9972377e-06,-0.401175
2.9972877e-06,-0.393989
2.9973377e-06,-0.394711
2.9973877e-06,-0.399982
2.9974377e-06,-0.398928
2.9974877e-06,-0.389162
2.9975377e-06,-0.382282
2.9975877e-06,-0.389828
2.9976377e-06,-0.407029
2.9976877e-06,-0.416323
2.9977377e-06,-0.408166
2.9977877e-06,-0.392436
2.9978377e-06,-0.38575
2.9978877e-06,-0.39177
2.9979377e-06,-0.399788
2.9979877e-06,-0.399982
2.9980377e-06,-0.393657
2.9980877e-06,-0.388274
2.9981377e-06,-0.387414
2.9981877e-06,-0.389218
2.9982377e-06,-0.391715
2.9982877e-06,-0.395626
2.9983377e-06,-0.400121
2.9983877e-06,-0.399954
2.9984377e-06,-0.391687
2.9984877e-06,-0.3812
2.9985377e-06,-0.378009
2.9985877e-06,-0.381977
2.9986377e-06,-0.384224
2.9986877e-06,-0.382393
2.9987377e-06,-0.384252
2.9987877e-06,-0.39202
2.9988377e-06,-0.395321
2.9988877e-06,-0.387775
2.9989377e-06,-0.380839
2.9989877e-06,-0.389051
2.9990377e-06,-0.406973
2.9990877e-06,-0.413382
2.9991377e-06,-0.398678
2.9991877e-06,-0.378564
2.9992377e-06,-0.374625
2.9992877e-06,-0.387941
2.9993377e-06,-0.400343
2.9993877e-06,-0.399011
2.9994377e-06,-0.390105
2.9994877e-06,-0.38661
2.9995377e-06,-0.39177
2.9995877e-06,-0.398845
2.9996377e-06,-0.40087
2.9996877e-06,-0.395848
2.9997377e-06,-0.38697
2.9997877e-06,-0.38009
2.9998377e-06,-0.378953
2.9998877e-06,-0.381422
2.9999377e-06,-0.383225
2.9999877e-06,-0.383669
3.0000377e-06,-0.384057
3.0000877e-06,-0.383419
3.0001377e-06,-0.380451
3.0001877e-06,-0.378925
3.0002377e-06,-0.384557
3.0002877e-06,-0.396237
3.0003377e-06,-0.404782
3.0003877e-06,-0.402701
3.0004377e-06,-0.392852
3.0004877e-06,-0.385306
3.0005377e-06,-0.386499
3.0005877e-06,-0.393379
3.0006377e-06,-0.398095
3.0006877e-06,-0.396486
3.0007377e-06,-0.391826
3.0007877e-06,-0.3903
3.0008377e-06,-0.393296
3.0008877e-06,-0.395266
3.0009377e-06,-0.391187
3.0009877e-06,-0.385278
3.0010377e-06,-0.386998
3.0010877e-06,-0.397485
3.0011377e-06,-0.40492
3.0011877e-06,-0.398317
3.0012377e-06,-0.382254
3.0012877e-06,-0.371795
3.0013377e-06,-0.374958
3.0013877e-06,-0.386138
3.0014377e-06,-0.395044
3.0014877e-06,-0.396459
3.0015377e-06,-0.391076
3.0015877e-06,-0.383558
3.0016377e-06,-0.380784
3.0016877e-06,-0.386665
3.0017377e-06,-0.396431
3.0017877e-06,-0.400148
3.0018377e-06,-0.393851
3.0018877e-06,-0.384501
3.0019377e-06,-0.381671
3.0019877e-06,-0.386915
3.0020377e-06,-0.393879
3.0020877e-06,-0.397346
3.0021377e-06,-0.398345
3.0021877e-06,-0.398956
3.0022377e-06,-0.397485
3.0022877e-06,-0.392242
3.0023377e-06,-0.386804
3.0023877e-06,-0.385334
3.0024377e-06,-0.385417
3.0024877e-06,-0.381228
3.0025377e-06,-0.373238
3.0025877e-06,-0.368799
3.0026377e-06,-0.372683
3.0026877e-06,-0.381144
3.0027377e-06,-0.386527
3.0027877e-06,-0.385028
3.0028377e-06,-0.379813
3.0028877e-06,-0.377815
3.0029377e-06,-0.382088
3.0029877e-06,-0.386776
3.0030377e-06,-0.38353
3.0030877e-06,-0.373487
3.0031377e-06,-0.368604
3.0031877e-06,-0.376955
3.0032377e-06,-0.391271
3.0032877e-06,-0.396792
3.0033377e-06,-0.389467
3.0033877e-06,-0.379896
3.0034377e-06,-0.378592
3.0034877e-06,-0.383558
3.0035377e-06,-0.386388
3.0035877e-06,-0.385334
3.0036377e-06,-0.385417
3.0036877e-06,-0.38808
3.0037377e-06,-0.388163
3.0037877e-06,-0.382642
3.0038377e-06,-0.376927
3.0038877e-06,-0.378426
3.0039377e-06,-0.386471
3.0039877e-06,-0.392935
3.0040377e-06,-0.392047
3.0040877e-06,-0.386943
3.0041377e-06,-0.385306
3.0041877e-06,-0.390216
3.0042377e-06,-0.396736
3.0042877e-06,-0.397874
3.0043377e-06,-0.392408
3.0043877e-06,-0.386083
3.0044377e-06,-0.384501
3.0044877e-06,-0.386554
3.0045377e-06,-0.386443
3.0045877e-06,-0.381893
3.0046377e-06,-0.378037
3.0046877e-06,-0.38034
3.0047377e-06,-0.386748
3.0047877e-06,-0.389551
3.0048377e-06,-0.385001
3.0048877e-06,-0.377926
3.0049377e-06,-0.376622
3.0049877e-06,-0.384557
3.0050377e-06,-0.396015
3.0050877e-06,-0.400787
3.0051377e-06,-0.394822
3.0051877e-06,-0.385667
3.0052377e-06,-0.383919
3.0052877e-06,-0.390078
3.0053377e-06,-0.393185
3.0053877e-06,-0.385001
3.0054377e-06,-0.371434
3.0054877e-06,-0.365719
3.0055377e-06,-0.371212
3.0055877e-06,-0.378093
3.0056377e-06,-0.377565
3.0056877e-06,-0.373127
3.0057377e-06,-0.373238
3.0057877e-06,-0.378148
3.0058377e-06,-0.380617
3.0058877e-06,-0.377593
3.0059377e-06,-0.375124
3.0059877e-06,-0.378536
3.0060377e-06,-0.383142
3.0060877e-06,-0.380728
3.0061377e-06,-0.372516
3.0061877e-06,-0.369464
3.0062377e-06,-0.378259
3.0062877e-06,-0.392464
3.0063377e-06,-0.39976
3.0063877e-06,-0.395765
3.0064377e-06,-0.387858
3.0064877e-06,-0.385334
3.0065377e-06,-0.387941
3.0065877e-06,-0.387081
3.0066377e-06,-0.378592
3.0066877e-06,-0.369686
3.0067377e-06,-0.37013
3.0067877e-06,-0.379008
3.0068377e-06,-0.386554
3.0068877e-06,-0.387553
3.0069377e-06,-0.385833
3.0069877e-06,-0.384973
3.0070377e-06,-0.382115
3.0070877e-06,-0.37493
3.0071377e-06,-0.368604
3.0071877e-06,-0.370214
3.0072377e-06,-0.379091
3.0072877e-06,-0.387636
3.0073377e-06,-0.389717
3.0073877e-06,-0.385722
3.0074377e-06,-0.38009
3.0074877e-06,-0.377871
3.0075377e-06,-0.381144
3.0075877e-06,-0.38611
3.0076377e-06,-0.385361
3.0076877e-06,-0.376594
3.0077377e-06,-0.367883
3.0077877e-06,-0.368882
3.0078377e-06,-0.37812
3.0078877e-06,-0.384446
3.0079377e-06,-0.381921
3.0079877e-06,-0.377482
3.0080377e-06,-0.379951
3.0080877e-06,-0.386693
3.0081377e-06,-0.388025
3.0081877e-06,-0.381339
3.0082377e-06,-0.374209
3.0082877e-06,-0.373598
3.0083377e-06,-0.378287
3.0083877e-06,-0.38231
3.0084377e-06,-0.382504
3.0084877e-06,-0.380173
3.0085377e-06,-0.378176
3.0085877e-06,-0.378287
3.0086377e-06,-0.381089
3.0086877e-06,-0.385888
3.0087377e-06,-0.390744
3.0087877e-06,-0.392907
3.0088377e-06,-0.390965
3.0088877e-06,-0.3855
3.0089377e-06,-0.378592
3.0089877e-06,-0.37296
3.0090377e-06,-0.371656
3.0090877e-06,-0.375096
3.0091377e-06,-0.378509
3.0091877e-06,-0.376178
3.0092377e-06,-0.369853
3.0092877e-06,-0.368521
3.0093377e-06,-0.3769
3.0093877e-06,-0.387803
3.0094377e-06,-0.390938
3.0094877e-06,-0.38661
3.0095377e-06,-0.383919
3.0095877e-06,-0.386305
3.0096377e-06,-0.386554
3.0096877e-06,-0.379397
3.0097377e-06,-0.371129
3.0097877e-06,-0.370713
3.0098377e-06,-0.375818
3.0098877e-06,-0.376844
3.0099377e-06,-0.372655
3.0099877e-06,-0.372377
3.0100377e-06,-0.379729
3.0100877e-06,-0.385195
3.0101377e-06,-0.379868
3.0101877e-06,-0.36952
3.0102377e-06,-0.367134
3.0102877e-06,-0.375429
3.0103377e-06,-0.385001
3.0103877e-06,-0.387414
3.0104377e-06,-0.383447
3.0104877e-06,-0.37862
3.0105377e-06,-0.376317
3.0105877e-06,-0.3764
3.0106377e-06,-0.377122
3.0106877e-06,-0.377066
3.0107377e-06,-0.37604
3.0107877e-06,-0.374958
3.0108377e-06,-0.374042
3.0108877e-06,-0.3721
3.0109377e-06,-0.36841
3.0109877e-06,-0.365247
3.0110377e-06,-0.366191
3.0110877e-06,-0.371462
3.0111377e-06,-0.377094
3.0111877e-06,-0.379757
3.0112377e-06,-0.380839
3.0112877e-06,-0.383447
3.0113377e-06,-0.386693
3.0113877e-06,-0.386471
3.0114377e-06,-0.382504
3.0114877e-06,-0.381006
3.0115377e-06,-0.385888
3.0115877e-06,-0.390744
3.0116377e-06,-0.385888
3.0116877e-06,-0.373071
3.0117377e-06,-0.365525
3.0117877e-06,-0.370408
3.0118377e-06,-0.379175
3.0118877e-06,-0.380062
3.0119377e-06,-0.374098
3.0119877e-06,-0.371157
3.0120377e-06,-0.374347
3.0120877e-06,-0.377038
3.0121377e-06,-0.374597
3.0121877e-06,-0.370269
3.0122377e-06,-0.367217
3.0122877e-06,-0.363389
3.0123377e-06,-0.358506
3.0123877e-06,-0.358867
3.0124377e-06,-0.368937
3.0124877e-06,-0.381755
3.0125377e-06,-0.385112
3.0125877e-06,-0.376345
3.0126377e-06,-0.365747
3.0126877e-06,-0.364693
3.0127377e-06,-0.373404
3.0127877e-06,-0.382698
3.0128377e-06,-0.385112
3.0128877e-06,-0.381977
3.0129377e-06,-0.379202
3.0129877e-06,-0.379175
3.0130377e-06,-0.377732
3.0130877e-06,-0.37013
3.0131377e-06,-0.359921
3.0131877e-06,-0.357923
3.0132377e-06,-0.368826
3.0132877e-06,-0.3812
3.0133377e-06,-0.378786
3.0133877e-06,-0.36214
3.0134377e-06,-0.350571
3.0134877e-06,-0.358284
3.0135377e-06,-0.376151
3.0135877e-06,-0.383614
3.0136377e-06,-0.374819
3.0136877e-06,-0.363611
3.0137377e-06,-0.363638
3.0137877e-06,-0.372433
3.0138377e-06,-0.378592
3.0138877e-06,-0.377926
3.0139377e-06,-0.375374
3.0139877e-06,-0.374236
3.0140377e-06,-0.371434
3.0140877e-06,-0.364915
3.0141377e-06,-0.359172
3.0141877e-06,-0.359838
3.0142377e-06,-0.366302
3.0142877e-06,-0.373016
3.0143377e-06,-0.376178
3.0143877e-06,-0.376151
3.0144377e-06,-0.374874
3.0144877e-06,-0.373376
3.0145377e-06,-0.371739
3.0145877e-06,-0.369437
3.0146377e-06,-0.366246
3.0146877e-06,-0.363139
3.0147377e-06,-0.362778
3.0147877e-06,-0.367245
3.0148377e-06,-0.375124
3.0148877e-06,-0.381616
3.0149377e-06,-0.382504
3.0149877e-06,-0.378176
3.0150377e-06,-0.373515
3.0150877e-06,-0.37296
3.0151377e-06,-0.376539
3.0151877e-06,-0.380201
3.0152377e-06,-0.379951
3.0152877e-06,-0.375318
3.0153377e-06,-0.369714
3.0153877e-06,-0.367495
3.0154377e-06,-0.369659
3.0154877e-06,-0.372239
3.0155377e-06,-0.370824
3.0155877e-06,-0.366302
3.0156377e-06,-0.364387
3.0156877e-06,-0.368133
3.0157377e-06,-0.373265
3.0157877e-06,-0.372461
3.0158377e-06,-0.364221
3.0158877e-06,-0.355898
3.0159377e-06,-0.356508
3.0159877e-06,-0.367328
3.0160377e-06,-0.380173
3.0160877e-06,-0.385472
3.0161377e-06,-0.380673
3.0161877e-06,-0.372045
3.0162377e-06,-0.368771
3.0162877e-06,-0.373765
3.0163377e-06,-0.379313
3.0163877e-06,-0.375485
3.0164377e-06,-0.363416
3.0164877e-06,-0.355288
3.0165377e-06,-0.358312
3.0165877e-06,-0.365192
3.0166377e-06,-0.36497
3.0166877e-06,-0.358006
3.0167377e-06,-0.354122
3.0167877e-06,-0.358672
3.0168377e-06,-0.366496
3.0168877e-06,-0.369409
3.0169377e-06,-0.365136
3.0169877e-06,-0.358062
3.0170377e-06,-0.354122
3.0170877e-06,-0.355648
3.0171377e-06,-0.360198
3.0171877e-06,-0.363444
3.0172377e-06,-0.364138
3.0172877e-06,-0.364942
3.0173377e-06,-0.367855
3.0173877e-06,-0.370408
3.0174377e-06,-0.369437
3.0174877e-06,-0.366635
3.0175377e-06,-0.366135
3.0175877e-06,-0.368161
3.0176377e-06,-0.369021
3.0176877e-06,-0.367994
3.0177377e-06,-0.36805
3.0177877e-06,-0.369631
3.0178377e-06,-0.368521
3.0178877e-06,-0.362612
3.0179377e-06,-0.355953
3.0179877e-06,-0.354428
3.0180377e-06,-0.359699
3.0180877e-06,-0.367855
3.0181377e-06,-0.372821
3.0181877e-06,-0.371462
3.0182377e-06,-0.367384
3.0182877e-06,-0.367994
3.0183377e-06,-0.374708
3.0183877e-06,-0.379202
3.0184377e-06,-0.373681
3.0184877e-06,-0.362945
3.0185377e-06,-0.359366
3.0185877e-06,-0.36644
3.0186377e-06,-0.37432
3.0186877e-06,-0.37432
3.0187377e-06,-0.369215
3.0187877e-06,-0.366024
3.0188377e-06,-0.36558
3.0188877e-06,-0.364693
3.0189377e-06,-0.363083
3.0189877e-06,-0.362445
3.0190377e-06,-0.361752
3.0190877e-06,-0.359088
3.0191377e-06,-0.356342
3.0191877e-06,-0.35759
3.0192377e-06,-0.362307
3.0192877e-06,-0.364387
3.0193377e-06,-0.359172
3.0193877e-06,-0.350377
3.0194377e-06,-0.347298
3.0194877e-06,-0.354372
3.0195377e-06,-0.365802
3.0195877e-06,-0.3721
3.0196377e-06,-0.370657
3.0196877e-06,-0.368271
3.0197377e-06,-0.371795
3.0197877e-06,-0.379091
3.0198377e-06,-0.381089
3.0198877e-06,-0.373099
3.0199377e-06,-0.361252
3.0199877e-06,-0.356508
3.0200377e-06,-0.362667
3.0200877e-06,-0.37185
3.0201377e-06,-0.37235
3.0201877e-06,-0.361613
3.0202377e-06,-0.349573
3.0202877e-06,-0.347714
3.0203377e-06,-0.356592
3.0203877e-06,-0.366857
3.0204377e-06,-0.371018
3.0204877e-06,-0.37063
3.0205377e-06,-0.370435
3.0205877e-06,-0.369659
3.0206377e-06,-0.363389
3.0206877e-06,-0.352708
3.0207377e-06,-0.347686
3.0207877e-06,-0.355038
3.0208377e-06,-0.367134
3.0208877e-06,-0.369964
3.0209377e-06,-0.361363
3.0209877e-06,-0.352818
3.0210377e-06,-0.352791
3.0210877e-06,-0.356619
3.0211377e-06,-0.357535
3.0211877e-06,-0.3587
3.0212377e-06,-0.365719
3.0212877e-06,-0.374264
3.0213377e-06,-0.375069
3.0213877e-06,-0.368355
3.0214377e-06,-0.363555
3.0214877e-06,-0.364748
3.0215377e-06,-0.366496
3.0215877e-06,-0.363916
3.0216377e-06,-0.359338
3.0216877e-06,-0.356536
3.0217377e-06,-0.35551
3.0217877e-06,-0.354982
3.0218377e-06,-0.354816
3.0218877e-06,-0.354455
3.0219377e-06,-0.352902
3.0219877e-06,-0.351431
3.0220377e-06,-0.353401
3.0220877e-06,-0.358977
3.0221377e-06,-0.363028
3.0221877e-06,-0.361336
3.0222377e-06,-0.356897
3.0222877e-06,-0.356508
3.0223377e-06,-0.361225
3.0223877e-06,-0.365136
3.0224377e-06,-0.363944
3.0224877e-06,-0.360004
3.0225377e-06,-0.357119
3.0225877e-06,-0.354788
3.0226377e-06,-0.351182
3.0226877e-06,-0.34813
3.0227377e-06,-0.348574
3.0227877e-06,-0.351265
3.0228377e-06,-0.352763
3.0228877e-06,-0.35354
3.0229377e-06,-0.356592
3.0229877e-06,-0.360337
3.0230377e-06,-0.358839
3.0230877e-06,-0.351431
3.0231377e-06,-0.345994
3.0231877e-06,-0.349434
3.0232377e-06,-0.358284
3.0232877e-06,-0.363638
3.0233377e-06,-0.362945
3.0233877e-06,-0.362085
3.0234377e-06,-0.364859
3.0234877e-06,-0.36558
3.0235377e-06,-0.357535
3.0235877e-06,-0.346299
3.0236377e-06,-0.34555
3.0236877e-06,-0.357951
3.0237377e-06,-0.369298
3.0237877e-06,-0.366329
3.0238377e-06,-0.353346
3.0238877e-06,-0.34505
3.0239377e-06,-0.348574
3.0239877e-06,-0.357951
3.0240377e-06,-0.362501
3.0240877e-06,-0.357701
3.0241377e-06,-0.349434
3.0241877e-06,-0.348269
3.0242377e-06,-0.356703
3.0242877e-06,-0.364221
3.0243377e-06,-0.359172
3.0243877e-06,-0.344634
3.0244377e-06,-0.336284
3.0244877e-06,-0.343025
3.0245377e-06,-0.355593
3.0245877e-06,-0.359532
3.0246377e-06,-0.354095
3.0246877e-06,-0.351237
3.0247377e-06,-0.35759
3.0247877e-06,-0.365969
3.0248377e-06,-0.366912
3.0248877e-06,-0.361114
3.0249377e-06,-0.356924
3.0249877e-06,-0.359477
3.0250377e-06,-0.365747
3.0250877e-06,-0.368937
3.0251377e-06,-0.365497
3.0251877e-06,-0.358367
3.0252377e-06,-0.354788
3.0252877e-06,-0.359449
3.0253377e-06,-0.368521
3.0253877e-06,-0.371628
3.0254377e-06,-0.362778
3.0254877e-06,-0.349101
3.0255377e-06,-0.344662
3.0255877e-06,-0.353207
3.0256377e-06,-0.362279
3.0256877e-06,-0.359144
3.0257377e-06,-0.347769
3.0257877e-06,-0.343108
3.0258377e-06,-0.350876
3.0258877e-06,-0.36178
3.0259377e-06,-0.365275
3.0259877e-06,-0.36103
3.0260377e-06,-0.354539
3.0260877e-06,-0.349045
3.0261377e-06,-0.345522
3.0261877e-06,-0.345994
3.0262377e-06,-0.352569
3.0262877e-06,-0.363444
3.0263377e-06,-0.371295
3.0263877e-06,-0.367994
3.0264377e-06,-0.353956
3.0264877e-06,-0.341111
3.0265377e-06,-0.341111
3.0265877e-06,-0.350072
3.0266377e-06,-0.352902
3.0266877e-06,-0.34419
3.0267377e-06,-0.336089
3.0267877e-06,-0.340972
3.0268377e-06,-0.354483
3.0268877e-06,-0.362501
3.0269377e-06,-0.359227
3.0269877e-06,-0.350876
3.0270377e-06,-0.344995
3.0270877e-06,-0.343608
3.0271377e-06,-0.344995
3.0271877e-06,-0.347741
3.0272377e-06,-0.351265
3.0272877e-06,-0.354982
3.0273377e-06,-0.357535
3.0273877e-06,-0.357202
3.0274377e-06,-0.353873
3.0274877e-06,-0.349961
3.0275377e-06,-0.348352
3.0275877e-06,-0.348768
3.0276377e-06,-0.347852
3.0276877e-06,-0.344107
3.0277377e-06,-0.341361
3.0277877e-06,-0.344329
3.0278377e-06,-0.349905
3.0278877e-06,-0.349212
3.0279377e-06,-0.340611
3.0279877e-06,-0.334508
3.0280377e-06,-0.339779
3.0280877e-06,-0.350211
3.0281377e-06,-0.35132
3.0281877e-06,-0.339502
3.0282377e-06,-0.328155
3.0282877e-06,-0.33215
3.0283377e-06,-0.348823
3.0283877e-06,-0.359838
3.0284377e-06,-0.35268
3.0284877e-06,-0.335285
3.0285377e-06,-0.325963
3.0285877e-06,-0.333065
3.0286377e-06,-0.349406
3.0286877e-06,-0.362723
3.0287377e-06,-0.365941
3.0287877e-06,-0.359199
3.0288377e-06,-0.347187
3.0288877e-06,-0.336922
3.0289377e-06,-0.334397
3.0289877e-06,-0.341028
3.0290377e-06,-0.352097
3.0290877e-06,-0.359532
3.0291377e-06,-0.358117
3.0291877e-06,-0.3501
3.0292377e-06,-0.343303
3.0292877e-06,-0.34358
3.0293377e-06,-0.349129
3.0293877e-06,-0.35268
3.0294377e-06,-0.349434
3.0294877e-06,-0.342692
3.0295377e-06,-0.34014
3.0295877e-06,-0.34419
3.0296377e-06,-0.348269
3.0296877e-06,-0.345827
3.0297377e-06,-0.33964
3.0297877e-06,-0.337726
3.0298377e-06,-0.342831
3.0298877e-06,-0.350044
3.0299377e-06,-0.353068
3.0299877e-06,-0.349711
3.0300377e-06,-0.34333
3.0300877e-06,-0.340861
3.0301377e-06,-0.345855
3.0301877e-06,-0.353179
3.0302377e-06,-0.354233
3.0302877e-06,-0.348019
3.0303377e-06,-0.341638
3.0303877e-06,-0.340611
3.0304377e-06,-0.344107
3.0304877e-06,-0.348657
3.0305377e-06,-0.35132
3.0305877e-06,-0.349323
3.0306377e-06,-0.343025
3.0306877e-06,-0.339308
3.0307377e-06,-0.345106
3.0307877e-06,-0.356481
3.0308377e-06,-0.360864
3.0308877e-06,-0.352902
3.0309377e-06,-0.341777
3.0309877e-06,-0.33903
3.0310377e-06,-0.344828
3.0310877e-06,-0.35071
3.0311377e-06,-0.351653
3.0311877e-06,-0.349628
3.0312377e-06,-0.348546
3.0312877e-06,-0.349434
3.0313377e-06,-0.349628
3.0313877e-06,-0.345744
3.0314377e-06,-0.338614
3.0314877e-06,-0.335229
3.0315377e-06,-0.342526
3.0315877e-06,-0.357341
3.0316377e-06,-0.366496
3.0316877e-06,-0.360503
3.0317377e-06,-0.344995
3.0317877e-06,-0.334674
3.0318377e-06,-0.336977
3.0318877e-06,-0.345245
3.0319377e-06,-0.349129
3.0319877e-06,-0.347242
3.0320377e-06,-0.345328
3.0320877e-06,-0.345494
3.0321377e-06,-0.343996
3.0321877e-06,-0.339502
3.0322377e-06,-0.33706
3.0322877e-06,-0.340722
3.0323377e-06,-0.346576
3.0323877e-06,-0.347325
3.0324377e-06,-0.342221
3.0324877e-06,-0.33817
3.0325377e-06,-0.340084
3.0325877e-06,-0.344412
3.0326377e-06,-0.344745
3.0326877e-06,-0.340667
3.0327377e-06,-0.337643
3.0327877e-06,-0.33964
3.0328377e-06,-0.344856
3.0328877e-06,-0.348047
3.0329377e-06,-0.345966
3.0329877e-06,-0.339973
3.0330377e-06,-0.33473
3.0330877e-06,-0.334231
3.0331377e-06,-0.338531
3.0331877e-06,-0.344218
3.0332377e-06,-0.34788
3.0332877e-06,-0.348352
3.0333377e-06,-0.346132
3.0333877e-06,-0.342054
3.0334377e-06,-0.337754
3.0334877e-06,-0.336672
3.0335377e-06,-0.34125
3.0335877e-06,-0.348047
3.0336377e-06,-0.34813
3.0336877e-06,-0.337532
3.0337377e-06,-0.325408
3.0337877e-06,-0.324382
3.0338377e-06,-0.332899
3.0338877e-06,-0.337338
3.0339377e-06,-0.33301
3.0339877e-06,-0.331151
3.0340377e-06,-0.339862
3.0340877e-06,-0.350294
3.0341377e-06,-0.349462
3.0341877e-06,-0.338392
3.0342377e-06,-0.329209
3.0342877e-06,-0.329237
3.0343377e-06,-0.335007
3.0343877e-06,-0.340695
3.0344377e-06,-0.346021
3.0344877e-06,-0.353124
3.0345377e-06,-0.358561
3.0345877e-06,-0.355066
3.0346377e-06,-0.342692
3.0346877e-06,-0.331678
3.0347377e-06,-0.330541
3.0347877e-06,-0.334924
3.0348377e-06,-0.334314
3.0348877e-06,-0.327933
3.0349377e-06,-0.326462
3.0349877e-06,-0.336006
3.0350377e-06,-0.347103
3.0350877e-06,-0.345633
3.0351377e-06,-0.331706
3.0351877e-06,-0.320054
3.0352377e-06,-0.321663
3.0352877e-06,-0.332288
3.0353377e-06,-0.34014
3.0353877e-06,-0.339197
3.0354377e-06,-0.332705
3.0354877e-06,-0.327988
3.0355377e-06,-0.329459
3.0355877e-06,-0.33534
3.0356377e-06,-0.340306
3.0356877e-06,-0.341277
3.0357377e-06,-0.339696
3.0357877e-06,-0.338253
3.0358377e-06,-0.337338
3.0358877e-06,-0.33534
3.0359377e-06,-0.331817
3.0359877e-06,-0.330235
3.0360377e-06,-0.335091
3.0360877e-06,-0.344329
3.0361377e-06,-0.348158
3.0361877e-06,-0.340528
3.0362377e-06,-0.330014
3.0362877e-06,-0.331012
3.0363377e-06,-0.344357
3.0363877e-06,-0.354233
3.0364377e-06,-0.348574
3.0364877e-06,-0.335645
3.0365377e-06,-0.332732
3.0365877e-06,-0.342332
3.0366377e-06,-0.349878
3.0366877e-06,-0.345661
3.0367377e-06,-0.337754
3.0367877e-06,-0.337809
3.0368377e-06,-0.344107
3.0368877e-06,-0.34677
3.0369377e-06,-0.343552
3.0369877e-06,-0.340695
3.0370377e-06,-0.341083
3.0370877e-06,-0.341416
3.0371377e-06,-0.339807
3.0371877e-06,-0.338864
3.0372377e-06,-0.340112
3.0372877e-06,-0.34186
3.0373377e-06,-0.343081
3.0373877e-06,-0.343996
3.0374377e-06,-0.343386
3.0374877e-06,-0.340223
3.0375377e-06,-0.337976
3.0375877e-06,-0.341472
3.0376377e-06,-0.349184
3.0376877e-06,-0.353151
3.0377377e-06,-0.348546
3.0377877e-06,-0.339751
3.0378377e-06,-0.335229
3.0378877e-06,-0.337643
3.0379377e-06,-0.342054
3.0379877e-06,-0.342581
3.0380377e-06,-0.338364
3.0380877e-06,-0.333038
3.0381377e-06,-0.331206
3.0381877e-06,-0.334785
3.0382377e-06,-0.341055
3.0382877e-06,-0.344551
3.0383377e-06,-0.343025
3.0383877e-06,-0.339918
3.0384377e-06,-0.339252
3.0384877e-06,-0.340029
3.0385377e-06,-0.339751
3.0385877e-06,-0.340168
3.0386377e-06,-0.343552
3.0386877e-06,-0.34591
3.0387377e-06,-0.341888
3.0387877e-06,-0.335091
3.0388377e-06,-0.335451
3.0388877e-06,-0.344717
3.0389377e-06,-0.352069
3.0389877e-06,-0.347325
3.0390377e-06,-0.334092
3.0390877e-06,-0.325713
3.0391377e-06,-0.329958
3.0391877e-06,-0.340251
3.0392377e-06,-0.343414
3.0392877e-06,-0.335312
3.0393377e-06,-0.326851
3.0393877e-06,-0.33104
3.0394377e-06,-0.345633
3.0394877e-06,-0.354344
3.0395377e-06,-0.347631
3.0395877e-06,-0.336006
3.0396377e-06,-0.336284
3.0396877e-06,-0.348796
3.0397377e-06,-0.357452
3.0397877e-06,-0.351709
3.0398377e-06,-0.339751
3.0398877e-06,-0.335285
3.0399377e-06,-0.338975
3.0399877e-06,-0.339751
3.0400377e-06,-0.332594
3.0400877e-06,-0.326019
3.0401377e-06,-0.32932
3.0401877e-06,-0.33842
3.0402377e-06,-0.341194
3.0402877e-06,-0.334231
3.0403377e-06,-0.327045
3.0403877e-06,-0.32846
3.0404377e-06,-0.335701
3.0404877e-06,-0.339585
3.0405377e-06,-0.336311
3.0405877e-06,-0.330152
3.0406377e-06,-0.326906
3.0406877e-06,-0.327905
3.0407377e-06,-0.330763
3.0407877e-06,-0.333787
3.0408377e-06,-0.337393
3.0408877e-06,-0.341055
3.0409377e-06,-0.341416
3.0409877e-06,-0.336505
3.0410377e-06,-0.330652
3.0410877e-06,-0.330291
3.0411377e-06,-0.333537
3.0411877e-06,-0.331484
3.0412377e-06,-0.322745
3.0412877e-06,-0.319138
3.0413377e-06,-0.329431
3.0413877e-06,-0.344135
3.0414377e-06,-0.346438
3.0414877e-06,-0.334952
3.0415377e-06,-0.325103
3.0415877e-06,-0.327517
3.0416377e-06,-0.335312
3.0416877e-06,-0.336478
3.0417377e-06,-0.330152
3.0417877e-06,-0.324687
3.0418377e-06,-0.324604
3.0418877e-06,-0.327156
3.0419377e-06,-0.330291
3.0419877e-06,-0.336117
3.0420377e-06,-0.343691
3.0420877e-06,-0.344856
3.0421377e-06,-0.333814
3.0421877e-06,-0.318223
3.0422377e-06,-0.312147
3.0422877e-06,-0.318916
3.0423377e-06,-0.32785
3.0423877e-06,-0.329653
3.0424377e-06,-0.326768
3.0424877e-06,-0.32563
3.0425377e-06,-0.326851
3.0425877e-06,-0.328099
3.0426377e-06,-0.32907
3.0426877e-06,-0.329264
3.0427377e-06,-0.326851
3.0427877e-06,-0.323882
3.0428377e-06,-0.325047
3.0428877e-06,-0.328349
3.0429377e-06,-0.325908
3.0429877e-06,-0.317224
3.0430377e-06,-0.31284
3.0430877e-06,-0.319416
3.0431377e-06,-0.329486
3.0431877e-06,-0.332039
3.0432377e-06,-0.326657
3.0432877e-06,-0.321413
3.0433377e-06,-0.321857
3.0433877e-06,-0.327406
3.0434377e-06,-0.33473
3.0434877e-06,-0.339668
3.0435377e-06,-0.33878
3.0435877e-06,-0.333259
3.0436377e-06,-0.328876
3.0436877e-06,-0.328765
3.0437377e-06,-0.329736
3.0437877e-06,-0.328127
3.0438377e-06,-0.325602
3.0438877e-06,-0.325547
3.0439377e-06,-0.327794
3.0439877e-06,-0.330014
3.0440377e-06,-0.331956
3.0440877e-06,-0.334175
3.0441377e-06,-0.334314
3.0441877e-06,-0.32932
3.0442377e-06,-0.321968
3.0442877e-06,-0.320941
3.0443377e-06,-0.330208
3.0443877e-06,-0.341472
3.0444377e-06,-0.342609
3.0444877e-06,-0.333537
3.0445377e-06,-0.326601
3.0445877e-06,-0.329486
3.0446377e-06,-0.334841
3.0446877e-06,-0.332427
3.0447377e-06,-0.325464
3.0447877e-06,-0.325991
3.0448377e-06,-0.335812
3.0448877e-06,-0.342165
3.0449377e-06,-0.335645
3.0449877e-06,-0.324631
3.0450377e-06,-0.324992
3.0450877e-06,-0.338503
3.0451377e-06,-0.349489
3.0451877e-06,-0.344357
3.0452377e-06,-0.328488
3.0452877e-06,-0.318944
3.0453377e-06,-0.323633
3.0453877e-06,-0.333481
3.0454377e-06,-0.336644
3.0454877e-06,-0.334175
3.0455377e-06,-0.335423
3.0455877e-06,-0.341083
3.0456377e-06,-0.340057
3.0456877e-06,-0.326379
3.0457377e-06,-0.311342
3.0457877e-06,-0.311065
3.0458377e-06,-0.324992
3.0458877e-06,-0.335867
3.0459377e-06,-0.331012
3.0459877e-06,-0.315837
3.0460377e-06,-0.305017
3.0460877e-06,-0.306432
3.0461377e-06,-0.317224
3.0461877e-06,-0.330208
3.0462377e-06,-0.339751
3.0462877e-06,-0.343219
3.0463377e-06,-0.34075
3.0463877e-06,-0.334286
3.0464377e-06,-0.326851
3.0464877e-06,-0.321607
3.0465377e-06,-0.321025
3.0465877e-06,-0.325075
3.0466377e-06,-0.330097
3.0466877e-06,-0.330707
3.0467377e-06,-0.325242
3.0467877e-06,-0.318389
3.0468377e-06,-0.316086
3.0468877e-06,-0.31764
3.0469377e-06,-0.316808
3.0469877e-06,-0.311953
3.0470377e-06,-0.312036
3.0470877e-06,-0.325658
3.0471377e-06,-0.345134
3.0471877e-06,-0.35132
3.0472377e-06,-0.337643
3.0472877e-06,-0.320165
3.0473377e-06,-0.317113
3.0473877e-06,-0.326046
3.0474377e-06,-0.331317
3.0474877e-06,-0.327295
3.0475377e-06,-0.322329
3.0475877e-06,-0.322273
3.0476377e-06,-0.322773
3.0476877e-06,-0.319693
3.0477377e-06,-0.318112
3.0477877e-06,-0.325408
3.0478377e-06,-0.339058
3.0478877e-06,-0.347686
3.0479377e-06,-0.344967
3.0479877e-06,-0.337116
3.0480377e-06,-0.332621
3.0480877e-06,-0.330069
3.0481377e-06,-0.323244
3.0481877e-06,-0.314699
3.0482377e-06,-0.313839
3.0482877e-06,-0.321469
3.0483377e-06,-0.326435
3.0483877e-06,-0.321552
3.0484377e-06,-0.314339
3.0484877e-06,-0.315365
3.0485377e-06,-0.322911
3.0485877e-06,-0.327211
3.0486377e-06,-0.325242
3.0486877e-06,-0.322356
3.0487377e-06,-0.321857
3.0487877e-06,-0.322107
3.0488377e-06,-0.322717
3.0488877e-06,-0.325686
3.0489377e-06,-0.329348
3.0489877e-06,-0.329153
3.0490377e-06,-0.325602
3.0490877e-06,-0.325214
3.0491377e-06,-0.331012
3.0491877e-06,-0.337782
3.0492377e-06,-0.339557
3.0492877e-06,-0.336949
3.0493377e-06,-0.33387
3.0493877e-06,-0.331262
3.0494377e-06,-0.3276
3.0494877e-06,-0.323133
3.0495377e-06,-0.319721
3.0495877e-06,-0.317779
3.0496377e-06,-0.316225
3.0496877e-06,-0.31506
3.0497377e-06,-0.315088
3.0497877e-06,-0.315864
3.0498377e-06,-0.316447
3.0498877e-06,-0.318112
3.0499377e-06,-0.322384
3.0499877e-06,-0.32674
3.0500377e-06,-0.325935
3.0500877e-06,-0.319887
3.0501377e-06,-0.315448
3.0501877e-06,-0.318056
3.0502377e-06,-0.32477
3.0502877e-06,-0.328182
3.0503377e-06,-0.324687
3.0503877e-06,-0.317363
3.0504377e-06,-0.312175
3.0504877e-06,-0.312757
3.0505377e-06,-0.317196
3.0505877e-06,-0.320359
3.0506377e-06,-0.31961
3.0506877e-06,-0.31764
3.0507377e-06,-0.318417
3.0507877e-06,-0.321968
3.0508377e-06,-0.325075
3.0508877e-06,-0.325047
3.0509377e-06,-0.32244
3.0509877e-06,-0.320331
3.0510377e-06,-0.320803
3.0510877e-06,-0.321718
3.0511377e-06,-0.320276
3.0511877e-06,-0.319305
3.0512377e-06,-0.324382
3.0512877e-06,-0.332594
3.0513377e-06,-0.332816
3.0513877e-06,-0.321552
3.0514377e-06,-0.311037
3.0514877e-06,-0.313701
3.0515377e-06,-0.325269
3.0515877e-06,-0.331345
3.0516377e-06,-0.326768
3.0516877e-06,-0.318888
3.0517377e-06,-0.314422
3.0517877e-06,-0.312563
3.0518377e-06,-0.31223
3.0518877e-06,-0.316614
3.0519377e-06,-0.325214
3.0519877e-06,-0.32871
3.0520377e-06,-0.32022
3.0520877e-06,-0.307902
3.0521377e-06,-0.306293
3.0521877e-06,-0.316059
3.0522377e-06,-0.322051
3.0522877e-06,-0.314949
3.0523377e-06,-0.304545
3.0523877e-06,-0.305849
3.0524377e-06,-0.318361
3.0524877e-06,-0.327211
3.0525377e-06,-0.323161
3.0525877e-06,-0.314672
3.0526377e-06,-0.316974
3.0526877e-06,-0.332538
3.0527377e-06,-0.346992
3.0527877e-06,-0.345799
3.0528377e-06,-0.331123
3.0528877e-06,-0.31825
3.0529377e-06,-0.316946
3.0529877e-06,-0.322023
3.0530377e-06,-0.322689
3.0530877e-06,-0.316392
3.0531377e-06,-0.309373
3.0531877e-06,-0.307403
3.0532377e-06,-0.311037
3.0532877e-06,-0.318001
3.0533377e-06,-0.325519
3.0533877e-06,-0.330097
3.0534377e-06,-0.329514
3.0534877e-06,-0.325935
3.0535377e-06,-0.324243
3.0535877e-06,-0.326213
3.0536377e-06,-0.328626
3.0536877e-06,-0.327933
3.0537377e-06,-0.324826
3.0537877e-06,-0.322301
3.0538377e-06,-0.320664
3.0538877e-06,-0.318167
3.0539377e-06,-0.315504
3.0539877e-06,-0.316086
3.0540377e-06,-0.320137
3.0540877e-06,-0.322134
3.0541377e-06,-0.317057
3.0541877e-06,-0.307347
3.0542377e-06,-0.300911
3.0542877e-06,-0.303186
3.0543377e-06,-0.312008
3.0543877e-06,-0.320414
3.0544377e-06,-0.323133
3.0544877e-06,-0.32108
3.0545377e-06,-0.318805
3.0545877e-06,-0.317168
3.0546377e-06,-0.311786
3.0546877e-06,-0.301077
3.0547377e-06,-0.292699
3.0547877e-06,-0.296638
3.0548377e-06,-0.311231
3.0548877e-06,-0.322551
3.0549377e-06,-0.320026
3.0549877e-06,-0.309317
3.0550377e-06,-0.304268
3.0550877e-06,-0.309567
3.0551377e-06,-0.317529
3.0551877e-06,-0.321052
3.0552377e-06,-0.321219
3.0552877e-06,-0.32133
3.0553377e-06,-0.321358
3.0553877e-06,-0.321524
3.0554377e-06,-0.323966
3.0554877e-06,-0.327489
3.0555377e-06,-0.326019
3.0555877e-06,-0.317085
3.0556377e-06,-0.307874
3.0556877e-06,-0.306848
3.0557377e-06,-0.311648
3.0557877e-06,-0.312535
3.0558377e-06,-0.307736
3.0558877e-06,-0.306238
3.0559377e-06,-0.31284
3.0559877e-06,-0.319027
3.0560377e-06,-0.315754
3.0560877e-06,-0.307431
3.0561377e-06,-0.305017
3.0561877e-06,-0.310538
3.0562377e-06,-0.31653
3.0562877e-06,-0.317363
3.0563377e-06,-0.313173
3.0563877e-06,-0.305877
3.0564377e-06,-0.298636
3.0564877e-06,-0.297637
3.0565377e-06,-0.306321
3.0565877e-06,-0.318306
3.0566377e-06,-0.322412
3.0566877e-06,-0.315504
3.0567377e-06,-0.306043
3.0567877e-06,-0.303963
3.0568377e-06,-0.310843
3.0568877e-06,-0.320303
3.0569377e-06,-0.324076
3.0569877e-06,-0.318278
3.0570377e-06,-0.306959
3.0570877e-06,-0.300384
3.0571377e-06,-0.305849
3.0571877e-06,-0.318694
3.0572377e-06,-0.325186
3.0572877e-06,-0.31764
3.0573377e-06,-0.304379
3.0573877e-06,-0.300467
3.0574377e-06,-0.309289
3.0574877e-06,-0.318639
3.0575377e-06,-0.316142
3.0575877e-06,-0.303879
3.0576377e-06,-0.294891
3.0576877e-06,-0.297831
3.0577377e-06,-0.308235
3.0577877e-06,-0.314782
3.0578377e-06,-0.312563
3.0578877e-06,-0.307736
3.0579377e-06,-0.309151
3.0579877e-06,-0.318667
3.0580377e-06,-0.329736
3.0580877e-06,-0.333676
3.0581377e-06,-0.327017
3.0581877e-06,-0.315837
3.0582377e-06,-0.311426
3.0582877e-06,-0.317751
3.0583377e-06,-0.325797
3.0583877e-06,-0.325325
3.0584377e-06,-0.3185
3.0584877e-06,-0.31531
3.0585377e-06,-0.318472
3.0585877e-06,-0.320387
3.0586377e-06,-0.314255
3.0586877e-06,-0.302992
3.0587377e-06,-0.295584
3.0587877e-06,-0.297193
3.0588377e-06,-0.305294
3.0588877e-06,-0.313617
3.0589377e-06,-0.317723
3.0589877e-06,-0.317307
3.0590377e-06,-0.31506
3.0590877e-06,-0.313922
3.0591377e-06,-0.314699
3.0591877e-06,-0.315975
3.0592377e-06,-0.316225
3.0592877e-06,-0.315393
3.0593377e-06,-0.314422
3.0593877e-06,-0.314394
3.0594377e-06,-0.316031
3.0594877e-06,-0.318556
3.0595377e-06,-0.318639
3.0595877e-06,-0.313229
3.0596377e-06,-0.304795
3.0596877e-06,-0.30105
3.0597377e-06,-0.306487
3.0597877e-06,-0.316031
3.0598377e-06,-0.32047
3.0598877e-06,-0.316475
3.0599377e-06,-0.309595
3.0599877e-06,-0.307347
3.0600377e-06,-0.311453
3.0600877e-06,-0.316503
3.0601377e-06,-0.316059
3.0601877e-06,-0.310094
3.0602377e-06,-0.305849
3.0602877e-06,-0.309816
3.0603377e-06,-0.319943
3.0603877e-06,-0.327766
3.0604377e-06,-0.327961
3.0604877e-06,-0.323133
3.0605377e-06,-0.318583
3.0605877e-06,-0.315781
3.0606377e-06,-0.313534
3.0606877e-06,-0.312036
3.0607377e-06,-0.311342
3.0607877e-06,-0.308346
3.0608377e-06,-0.301438
3.0608877e-06,-0.296084
3.0609377e-06,-0.299163
3.0609877e-06,-0.30768
3.0610377e-06,-0.31076
3.0610877e-06,-0.304906
3.0611377e-06,-0.299135
3.0611877e-06,-0.301604
3.0612377e-06,-0.308901
3.0612877e-06,-0.313562
3.0613377e-06,-0.31506
3.0613877e-06,-0.317807
3.0614377e-06,-0.321385
3.0614877e-06,-0.320026
3.0615377e-06,-0.311342
3.0615877e-06,-0.301632
3.0616377e-06,-0.299357
3.0616877e-06,-0.305433
3.0617377e-06,-0.312591
3.0617877e-06,-0.313784
3.0618377e-06,-0.30904
3.0618877e-06,-0.303907
3.0619377e-06,-0.302797
3.0619877e-06,-0.304323
3.0620377e-06,-0.302853
3.0620877e-06,-0.296167
3.0621377e-06,-0.29059
3.0621877e-06,-0.294974
3.0622377e-06,-0.30854
3.0622877e-06,-0.319388
3.0623377e-06,-0.317973
3.0623877e-06,-0.309262
3.0624377e-06,-0.305988
3.0624877e-06,-0.311786
3.0625377e-06,-0.317335
3.0625877e-06,-0.314394
3.0626377e-06,-0.306876
3.0626877e-06,-0.304046
3.0627377e-06,-0.307403
3.0627877e-06,-0.3099
3.0628377e-06,-0.307014
3.0628877e-06,-0.30313
3.0629377e-06,-0.304656
3.0629877e-06,-0.309678
3.0630377e-06,-0.310011
3.0630877e-06,-0.303269
3.0631377e-06,-0.298386
3.0631877e-06,-0.304407
3.0632377e-06,-0.31678
3.0632877e-06,-0.320192
3.0633377e-06,-0.306737
3.0633877e-06,-0.28715
3.0634377e-06,-0.279771
3.0634877e-06,-0.290313
3.0635377e-06,-0.306071
3.0635877e-06,-0.311176
3.0636377e-06,-0.303796
3.0636877e-06,-0.296222
3.0637377e-06,-0.299385
3.0637877e-06,-0.311009
3.0638377e-06,-0.319055
3.0638877e-06,-0.315337
3.0639377e-06,-0.30338
3.0639877e-06,-0.293864
3.0640377e-06,-0.294252
3.0640877e-06,-0.303602
3.0641377e-06,-0.314949
3.0641877e-06,-0.320941
3.0642377e-06,-0.317973
3.0642877e-06,-0.308929
3.0643377e-06,-0.302631
3.0643877e-06,-0.306404
3.0644377e-06,-0.316253
3.0644877e-06,-0.319332
3.0645377e-06,-0.310038
3.0645877e-06,-0.298137
3.0646377e-06,-0.295695
3.0646877e-06,-0.301244
3.0647377e-06,-0.304018
3.0647877e-06,-0.300106
3.0648377e-06,-0.297166
3.0648877e-06,-0.302853
3.0649377e-06,-0.314089
3.0649877e-06,-0.321219
3.0650377e-06,-0.319721
3.0650877e-06,-0.314172
3.0651377e-06,-0.310732
3.0651877e-06,-0.310427
3.0652377e-06,-0.310649
3.0652877e-06,-0.30965
3.0653377e-06,-0.30682
3.0653877e-06,-0.302104
3.0654377e-06,-0.297998
3.0654877e-06,-0.29933
3.0655377e-06,-0.306876
3.0655877e-06,-0.313312
3.0656377e-06,-0.310982
3.0656877e-06,-0.302132
3.0657377e-06,-0.296694
3.0657877e-06,-0.29944
3.0658377e-06,-0.305045
3.0658877e-06,-0.307181
3.0659377e-06,-0.306515
3.0659877e-06,-0.307236
3.0660377e-06,-0.309317
3.0660877e-06,-0.309733
3.0661377e-06,-0.309123
3.0661877e-06,-0.31198
3.0662377e-06,-0.318417
3.0662877e-06,-0.320886
3.0663377e-06,-0.313562
3.0663877e-06,-0.302104
3.0664377e-06,-0.297609
3.0664877e-06,-0.301993
3.0665377e-06,-0.306515
3.0665877e-06,-0.304906
3.0666377e-06,-0.301632
3.0666877e-06,-0.304018
3.0667377e-06,-0.312091
3.0667877e-06,-0.31875
3.0668377e-06,-0.317168
3.0668877e-06,-0.306876
3.0669377e-06,-0.295029
3.0669877e-06,-0.291645
3.0670377e-06,-0.299912
3.0670877e-06,-0.311564
3.0671377e-06,-0.314228
3.0671877e-06,-0.30363
3.0672377e-06,-0.288565
3.0672877e-06,-0.283211
3.0673377e-06,-0.293836
3.0673877e-06,-0.311758
3.0674377e-06,-0.320858
3.0674877e-06,-0.314699
3.0675377e-06,-0.302908
3.0675877e-06,-0.29858
3.0676377e-06,-0.302714
3.0676877e-06,-0.306043
3.0677377e-06,-0.303519
3.0677877e-06,-0.299496
3.0678377e-06,-0.29933
3.0678877e-06,-0.302908
3.0679377e-06,-0.307292
3.0679877e-06,-0.310593
3.0680377e-06,-0.311869
3.0680877e-06,-0.311287
3.0681377e-06,-0.310122
3.0681877e-06,-0.309206
3.0682377e-06,-0.307431
3.0682877e-06,-0.303852
3.0683377e-06,-0.299357
3.0683877e-06,-0.295113
3.0684377e-06,-0.291811
3.0684877e-06,-0.291867
3.0685377e-06,-0.298248
3.0685877e-06,-0.308263
3.0686377e-06,-0.312424
3.0686877e-06,-0.305294
3.0687377e-06,-0.29478
3.0687877e-06,-0.29428
3.0688377e-06,-0.305322
3.0688877e-06,-0.314228
3.0689377e-06,-0.30854
3.0689877e-06,-0.292671
3.0690377e-06,-0.283072
3.0690877e-06,-0.289952
3.0691377e-06,-0.307153
3.0691877e-06,-0.319194
3.0692377e-06,-0.316003
3.0692877e-06,-0.301493
3.0693377e-06,-0.289619
3.0693877e-06,-0.2917
3.0694377e-06,-0.304739
3.0694877e-06,-0.314339
3.0695377e-06,-0.311315
3.0695877e-06,-0.302631
3.0696377e-06,-0.301161
3.0696877e-06,-0.307819
3.0697377e-06,-0.311342
3.0697877e-06,-0.305544
3.0698377e-06,-0.298469
3.0698877e-06,-0.300217
3.0699377e-06,-0.307902
3.0699877e-06,-0.310094
3.0700377e-06,-0.303907
3.0700877e-06,-0.298775
3.0701377e-06,-0.301965
3.0701877e-06,-0.308096
3.0702377e-06,-0.30793
3.0702877e-06,-0.301466
3.0703377e-06,-0.296222
3.0703877e-06,-0.296555
3.0704377e-06,-0.300106
3.0704877e-06,-0.302964
3.0705377e-06,-0.303768
3.0705877e-06,-0.302686
3.0706377e-06,-0.299995
3.0706877e-06,-0.296111
3.0707377e-06,-0.292449
3.0707877e-06,-0.290341
3.0708377e-06,-0.289481
3.0708877e-06,-0.288593
3.0709377e-06,-0.287483
3.0709877e-06,-0.288121
3.0710377e-06,-0.292838
3.0710877e-06,-0.300994
3.0711377e-06,-0.308346
3.0711877e-06,-0.310787
3.0712377e-06,-0.30879
3.0712877e-06,-0.30571
3.0713377e-06,-0.302492
3.0713877e-06,-0.296805
3.0714377e-06,-0.288926
3.0714877e-06,-0.285347
3.0715377e-06,-0.292505
3.0715877e-06,-0.306931
3.0716377e-06,-0.316031
3.0716877e-06,-0.311509
3.0717377e-06,-0.299135
3.0717877e-06,-0.291811
3.0718377e-06,-0.294946
3.0718877e-06,-0.302243
3.0719377e-06,-0.304795
3.0719877e-06,-0.300134
3.0720377e-06,-0.292366
3.0720877e-06,-0.286679
3.0721377e-06,-0.285402
3.0721877e-06,-0.287511
3.0722377e-06,-0.290507
3.0722877e-06,-0.293004
3.0723377e-06,-0.294724
3.0723877e-06,-0.295418
3.0724377e-06,-0.295223
3.0724877e-06,-0.294752
3.0725377e-06,-0.294058
3.0725877e-06,-0.292699
3.0726377e-06,-0.29231
3.0726877e-06,-0.296666
3.0727377e-06,-0.306238
3.0727877e-06,-0.315088
3.0728377e-06,-0.316059
3.0728877e-06,-0.308845
3.0729377e-06,-0.299884
3.0729877e-06,-0.295667
3.0730377e-06,-0.298081
3.0730877e-06,-0.304212
3.0731377e-06,-0.308041
3.0731877e-06,-0.304628
3.0732377e-06,-0.296305
3.0732877e-06,-0.291034
3.0733377e-06,-0.291534
3.0733877e-06,-0.290951
3.0734377e-06,-0.284764
3.0734877e-06,-0.280742
3.0735377e-06,-0.288676
3.0735877e-06,-0.302686
3.0736377e-06,-0.305516
3.0736877e-06,-0.291589
3.0737377e-06,-0.275942
3.0737877e-06,-0.275248
3.0738377e-06,-0.287428
3.0738877e-06,-0.297415
3.0739377e-06,-0.29772
3.0739877e-06,-0.295196
3.0740377e-06,-0.298331
3.0740877e-06,-0.306016
3.0741377e-06,-0.31076
3.0741877e-06,-0.307958
3.0742377e-06,-0.29944
3.0742877e-06,-0.290396
3.0743377e-06,-0.285458
3.0743877e-06,-0.286013
3.0744377e-06,-0.289564
3.0744877e-06,-0.292033
3.0745377e-06,-0.291645
3.0745877e-06,-0.290896
3.0746377e-06,-0.293864
3.0746877e-06,-0.300994
3.0747377e-06,-0.307347
3.0747877e-06,-0.307236
3.0748377e-06,-0.300939
3.0748877e-06,-0.294641
3.0749377e-06,-0.293587
3.0749877e-06,-0.296389
3.0750377e-06,-0.297998
3.0750877e-06,-0.297249
3.0751377e-06,-0.297554
3.0751877e-06,-0.29994
3.0752377e-06,-0.300162
3.0752877e-06,-0.296084
3.0753377e-06,-0.292394
3.0753877e-06,-0.293503
3.0754377e-06,-0.295917
3.0754877e-06,-0.294197
3.0755377e-06,-0.291561
3.0755877e-06,-0.296999
3.0756377e-06,-0.310787
3.0756877e-06,-0.320664
3.0757377e-06,-0.316641
3.0757877e-06,-0.303852
3.0758377e-06,-0.295418
3.0758877e-06,-0.296167
3.0759377e-06,-0.299746
3.0759877e-06,-0.299413
3.0760377e-06,-0.295695
3.0760877e-06,-0.29367
3.0761377e-06,-0.296777
3.0761877e-06,-0.303657
3.0762377e-06,-0.308845
3.0762877e-06,-0.307514
3.0763377e-06,-0.300522
3.0763877e-06,-0.293476
3.0764377e-06,-0.290729
3.0764877e-06,-0.291978
3.0765377e-06,-0.294197
3.0765877e-06,-0.294752
3.0766377e-06,-0.293587
3.0766877e-06,-0.294252
3.0767377e-06,-0.299801
3.0767877e-06,-0.306876
3.0768377e-06,-0.30854
3.0768877e-06,-0.304296
3.0769377e-06,-0.301383
3.0769877e-06,-0.303352
3.0770377e-06,-0.304712
3.0770877e-06,-0.301355
3.0771377e-06,-0.298358
3.0771877e-06,-0.301383
3.0772377e-06,-0.30646
3.0772877e-06,-0.305877
3.0773377e-06,-0.299635
3.0773877e-06,-0.293476
3.0774377e-06,-0.289869
3.0774877e-06,-0.287233
3.0775377e-06,-0.28593
3.0775877e-06,-0.287899
3.0776377e-06,-0.291117
3.0776877e-06,-0.290951
3.0777377e-06,-0.28715
3.0777877e-06,-0.284431
3.0778377e-06,-0.286151
3.0778877e-06,-0.291284
3.0779377e-06,-0.296666
3.0779877e-06,-0.299191
3.0780377e-06,-0.297249
3.0780877e-06,-0.292754
3.0781377e-06,-0.289925
3.0781877e-06,-0.291034
3.0782377e-06,-0.294918
3.0782877e-06,-0.299219
3.0783377e-06,-0.301521
3.0783877e-06,-0.299274
3.0784377e-06,-0.29281
3.0784877e-06,-0.286817
3.0785377e-06,-0.285874
3.0785877e-06,-0.289786
3.0786377e-06,-0.294891
3.0786877e-06,-0.298525
3.0787377e-06,-0.30019
3.0787877e-06,-0.299968
3.0788377e-06,-0.297193
3.0788877e-06,-0.291756
3.0789377e-06,-0.286179
3.0789877e-06,-0.285291
3.0790377e-06,-0.291312
3.0790877e-06,-0.299246
3.0791377e-06,-0.301216
3.0791877e-06,-0.296611
3.0792377e-06,-0.293115
3.0792877e-06,-0.295418
3.0793377e-06,-0.297748
3.0793877e-06,-0.291756
3.0794377e-06,-0.278883
3.0794877e-06,-0.270144
3.0795377e-06,-0.274166
3.0795877e-06,-0.287317
3.0796377e-06,-0.297027
3.0796877e-06,-0.295113
3.0797377e-06,-0.287095
3.0797877e-06,-0.285402
3.0798377e-06,-0.29428
3.0798877e-06,-0.30449
3.0799377e-06,-0.304212
3.0799877e-06,-0.292616
3.0800377e-06,-0.281158
3.0800877e-06,-0.280409
3.0801377e-06,-0.287483
3.0801877e-06,-0.290646
3.0802377e-06,-0.286568
3.0802877e-06,-0.28543
3.0803377e-06,-0.294807
3.0803877e-06,-0.306681
3.0804377e-06,-0.308374
3.0804877e-06,-0.300467
3.0805377e-06,-0.294252
3.0805877e-06,-0.293281
3.0806377e-06,-0.28998
3.0806877e-06,-0.282101
3.0807377e-06,-0.27966
3.0807877e-06,-0.28937
3.0808377e-06,-0.301854
3.0808877e-06,-0.303047
3.0809377e-06,-0.292144
3.0809877e-06,-0.280381
3.0810377e-06,-0.27683
3.0810877e-06,-0.281352
3.0811377e-06,-0.289064
3.0811877e-06,-0.294946
3.0812377e-06,-0.295279
3.0812877e-06,-0.290646
3.0813377e-06,-0.287622
3.0813877e-06,-0.29231
3.0814377e-06,-0.301937
3.0814877e-06,-0.307486
3.0815377e-06,-0.304878
3.0815877e-06,-0.298997
3.0816377e-06,-0.296777
3.0816877e-06,-0.300079
3.0817377e-06,-0.306321
3.0817877e-06,-0.311398
3.0818377e-06,-0.311398
3.0818877e-06,-0.304601
3.0819377e-06,-0.294641
3.0819877e-06,-0.289564
3.0820377e-06,-0.294641
3.0820877e-06,-0.305544
3.0821377e-06,-0.311009
3.0821877e-06,-0.30449
3.0822377e-06,-0.292477
3.0822877e-06,-0.287483
3.0823377e-06,-0.292643
3.0823877e-06,-0.297942
3.0824377e-06,-0.293448
3.0824877e-06,-0.282378
3.0825377e-06,-0.27572
3.0825877e-06,-0.277496
3.0826377e-06,-0.281629
3.0826877e-06,-0.283127
3.0827377e-06,-0.284293
3.0827877e-06,-0.288093
3.0828377e-06,-0.291756
3.0828877e-06,-0.290979
3.0829377e-06,-0.286124
3.0829877e-06,-0.281158
3.0830377e-06,-0.279188
3.0830877e-06,-0.28138
3.0831377e-06,-0.287261
3.0831877e-06,-0.293392
3.0832377e-06,-0.294558
3.0832877e-06,-0.28912
3.0833377e-06,-0.282101
3.0833877e-06,-0.281213
3.0834377e-06,-0.288843
3.0834877e-06,-0.298747
3.0835377e-06,-0.301216
3.0835877e-06,-0.292421
3.0836377e-06,-0.279299
3.0836877e-06,-0.273417
3.0837377e-06,-0.279132
3.0837877e-06,-0.289425
3.0838377e-06,-0.294474
3.0838877e-06,-0.292394
3.0839377e-06,-0.288149
3.0839877e-06,-0.284986
3.0840377e-06,-0.281518
3.0840877e-06,-0.277828
3.0841377e-06,-0.278023
3.0841877e-06,-0.283627
3.0842377e-06,-0.289286
3.0842877e-06,-0.289231
3.0843377e-06,-0.285042
3.0843877e-06,-0.2826
3.0844377e-06,-0.283793
3.0844877e-06,-0.285486
3.0845377e-06,-0.284431
3.0845877e-06,-0.280658
3.0846377e-06,-0.278134
3.0846877e-06,-0.282434
3.0847377e-06,-0.294031
3.0847877e-06,-0.303713
3.0848377e-06,-0.300522
3.0848877e-06,-0.286179
3.0849377e-06,-0.275221
3.0849877e-06,-0.277523
3.0850377e-06,-0.28654
3.0850877e-06,-0.289897
3.0851377e-06,-0.28654
3.0851877e-06,-0.285819
3.0852377e-06,-0.291395
3.0852877e-06,-0.295251
3.0853377e-06,-0.291034
3.0853877e-06,-0.284958
3.0854377e-06,-0.286956
3.0854877e-06,-0.296028
3.0855377e-06,-0.30166
3.0855877e-06,-0.297443
3.0856377e-06,-0.286512
3.0856877e-06,-0.275997
3.0857377e-06,-0.27092
3.0857877e-06,-0.273722
3.0858377e-06,-0.283793
3.0858877e-06,-0.295612
3.0859377e-06,-0.299801
3.0859877e-06,-0.29084
3.0860377e-06,-0.275137
3.0860877e-06,-0.267286
3.0861377e-06,-0.274583
3.0861877e-06,-0.288066
3.0862377e-06,-0.29306
3.0862877e-06,-0.286429
3.0863377e-06,-0.278605
3.0863877e-06,-0.279354
3.0864377e-06,-0.286318
3.0864877e-06,-0.289758
3.0865377e-06,-0.285153
3.0865877e-06,-0.27805
3.0866377e-06,-0.276303
3.0866877e-06,-0.281324
3.0867377e-06,-0.287899
3.0867877e-06,-0.290923
3.0868377e-06,-0.289814
3.0868877e-06,-0.287566
3.0869377e-06,-0.286928
3.0869877e-06,-0.287622
3.0870377e-06,-0.287233
3.0870877e-06,-0.285125
3.0871377e-06,-0.284043
3.0871877e-06,-0.286373
3.0872377e-06,-0.289564
3.0872877e-06,-0.288066
3.0873377e-06,-0.280325
3.0873877e-06,-0.272335
3.0874377e-06,-0.271198
3.0874877e-06,-0.27683
3.0875377e-06,-0.282462
3.0875877e-06,-0.283183
3.0876377e-06,-0.280714
3.0876877e-06,-0.279687
3.0877377e-06,-0.281713
3.0877877e-06,-0.284598
3.0878377e-06,-0.285486
3.0878877e-06,-0.283821
3.0879377e-06,-0.282156
3.0879877e-06,-0.284098
3.0880377e-06,-0.289952
3.0880877e-06,-0.294419
3.0881377e-06,-0.291284
3.0881877e-06,-0.282073
3.0882377e-06,-0.275859
3.0882877e-06,-0.278217
3.0883377e-06,-0.284542
3.0883877e-06,-0.287677
3.0884377e-06,-0.287039
3.0884877e-06,-0.285569
3.0885377e-06,-0.283405
3.0885877e-06,-0.279549
3.0886377e-06,-0.276663
3.0886877e-06,-0.278467
3.0887377e-06,-0.284764
3.0887877e-06,-0.290923
3.0888377e-06,-0.291312
3.0888877e-06,-0.283627
3.0889377e-06,-0.272169
3.0889877e-06,-0.265039
3.0890377e-06,-0.265816
3.0890877e-06,-0.270671
3.0891377e-06,-0.275332
3.0891877e-06,-0.280159
3.0892377e-06,-0.285846
3.0892877e-06,-0.289175
3.0893377e-06,-0.286817
3.0893877e-06,-0.280991
3.0894377e-06,-0.278328
3.0894877e-06,-0.283127
3.0895377e-06,-0.291589
3.0895877e-06,-0.294419
3.0896377e-06,-0.287566
3.0896877e-06,-0.278578
3.0897377e-06,-0.277995
3.0897877e-06,-0.285513
3.0898377e-06,-0.29084
3.0898877e-06,-0.288371
3.0899377e-06,-0.283294
3.0899877e-06,-0.281463
3.0900377e-06,-0.281158
3.0900877e-06,-0.279438
3.0901377e-06,-0.280325
3.0901877e-06,-0.288676
3.0902377e-06,-0.299496
3.0902877e-06,-0.301272
3.0903377e-06,-0.290479
3.0903877e-06,-0.276968
3.0904377e-06,-0.272918
3.0904877e-06,-0.279743
3.0905377e-06,-0.28765
3.0905877e-06,-0.287372
3.0906377e-06,-0.279798
3.0906877e-06,-0.273445
3.0907377e-06,-0.274028
3.0907877e-06,-0.279132
3.0908377e-06,-0.282795
3.0908877e-06,-0.283183
3.0909377e-06,-0.283599
3.0909877e-06,-0.285708
3.0910377e-06,-0.28568
3.0910877e-06,-0.280131
3.0911377e-06,-0.273833
3.0911877e-06,-0.274638
3.0912377e-06,-0.281435
3.0912877e-06,-0.284986
3.0913377e-06,-0.282295
3.0913877e-06,-0.281518
3.0914377e-06,-0.289009
3.0914877e-06,-0.297998
3.0915377e-06,-0.297443
3.0915877e-06,-0.287677
3.0916377e-06,-0.280991
3.0916877e-06,-0.285763
3.0917377e-06,-0.295223
3.0917877e-06,-0.295917
3.0918377e-06,-0.285597
3.0918877e-06,-0.276774
3.0919377e-06,-0.28002
3.0919877e-06,-0.289508
3.0920377e-06,-0.292061
3.0920877e-06,-0.285541
3.0921377e-06,-0.280076
3.0921877e-06,-0.282156
3.0922377e-06,-0.286817
3.0922877e-06,-0.286817
3.0923377e-06,-0.282212
3.0923877e-06,-0.277884
3.0924377e-06,-0.277523
3.0924877e-06,-0.281907
3.0925377e-06,-0.288898
3.0925877e-06,-0.293143
3.0926377e-06,-0.290091
3.0926877e-06,-0.282101
3.0927377e-06,-0.277079
3.0927877e-06,-0.279438
3.0928377e-06,-0.285319
3.0928877e-06,-0.288787
3.0929377e-06,-0.288954
3.0929877e-06,-0.288621
3.0930377e-06,-0.288149
3.0930877e-06,-0.284431
3.0931377e-06,-0.276608
3.0931877e-06,-0.270116
3.0932377e-06,-0.271864
3.0932877e-06,-0.281047
3.0933377e-06,-0.288093
3.0933877e-06,-0.285375
3.0934377e-06,-0.276691
3.0934877e-06,-0.272862
3.0935377e-06,-0.27769
3.0935877e-06,-0.283127
3.0936377e-06,-0.280825
3.0936877e-06,-0.274361
3.0937377e-06,-0.273944
3.0937877e-06,-0.281546
3.0938377e-06,-0.287095
3.0938877e-06,-0.281657
3.0939377e-06,-0.26945
3.0939877e-06,-0.262958
3.0940377e-06,-0.268645
3.0940877e-06,-0.28088
3.0941377e-06,-0.289425
3.0941877e-06,-0.289508
3.0942377e-06,-0.284098
3.0942877e-06,-0.278994
3.0943377e-06,-0.277718
3.0943877e-06,-0.280242
3.0944377e-06,-0.284515
3.0944877e-06,-0.287317
3.0945377e-06,-0.285513
3.0945877e-06,-0.278356
3.0946377e-06,-0.270615
3.0946877e-06,-0.270227
3.0947377e-06,-0.279771
3.0947877e-06,-0.291672
3.0948377e-06,-0.295362
3.0948877e-06,-0.288621
3.0949377e-06,-0.27916
3.0949877e-06,-0.275165
3.0950377e-06,-0.277496
3.0950877e-06,-0.281241
3.0951377e-06,-0.282101
3.0951877e-06,-0.280325
3.0952377e-06,-0.280464
3.0952877e-06,-0.286207
3.0953377e-06,-0.294058
3.0953877e-06,-0.294447
3.0954377e-06,-0.28285
3.0954877e-06,-0.267758
3.0955377e-06,-0.262681
3.0955877e-06,-0.270005
3.0956377e-06,-0.27805
3.0956877e-06,-0.276525
3.0957377e-06,-0.269478
3.0957877e-06,-0.268923
3.0958377e-06,-0.278772
3.0958877e-06,-0.291506
3.0959377e-06,-0.298248
3.0959877e-06,-0.296195
3.0960377e-06,-0.287122
3.0960877e-06,-0.275942
3.0961377e-06,-0.269589
3.0961877e-06,-0.271947
3.0962377e-06,-0.278827
3.0962877e-06,-0.282628
3.0963377e-06,-0.281518
3.0963877e-06,-0.279687
3.0964377e-06,-0.27891
3.0964877e-06,-0.276525
3.0965377e-06,-0.272585
3.0965877e-06,-0.272751
3.0966377e-06,-0.280464
3.0966877e-06,-0.290424
3.0967377e-06,-0.29453
3.0967877e-06,-0.291811
3.0968377e-06,-0.287955
3.0968877e-06,-0.286207
3.0969377e-06,-0.28285
3.0969877e-06,-0.273612
3.0970377e-06,-0.262375
3.0970877e-06,-0.258575
3.0971377e-06,-0.265621
3.0971877e-06,-0.276497
3.0972377e-06,-0.282489
3.0972877e-06,-0.282323
3.0973377e-06,-0.279521
3.0973877e-06,-0.276192
3.0974377e-06,-0.273112
3.0974877e-06,-0.272557
3.0975377e-06,-0.275387
3.0975877e-06,-0.278023
3.0976377e-06,-0.276774
3.0976877e-06,-0.274083
3.0977377e-06,-0.276025
3.0977877e-06,-0.283793
3.0978377e-06,-0.29059
3.0978877e-06,-0.288732
3.0979377e-06,-0.278938
3.0979877e-06,-0.270837
3.0980377e-06,-0.272557
3.0980877e-06,-0.281074
3.0981377e-06,-0.285402
3.0981877e-06,-0.280325
3.0982377e-06,-0.272973
3.0982877e-06,-0.272696
3.0983377e-06,-0.278467
3.0983877e-06,-0.282489
3.0984377e-06,-0.282434
3.0984877e-06,-0.282545
3.0985377e-06,-0.283738
3.0985877e-06,-0.281657
3.0986377e-06,-0.275554
3.0986877e-06,-0.271309
3.0987377e-06,-0.273168
3.0987877e-06,-0.278161
3.0988377e-06,-0.28088
3.0988877e-06,-0.279992
3.0989377e-06,-0.277939
3.0989877e-06,-0.276941
3.0990377e-06,-0.276636
3.0990877e-06,-0.275054
3.0991377e-06,-0.27092
3.0991877e-06,-0.266371
3.0992377e-06,-0.266509
3.0992877e-06,-0.273306
3.0993377e-06,-0.280242
3.0993877e-06,-0.278134
3.0994377e-06,-0.268257
3.0994877e-06,-0.262597
3.0995377e-06,-0.267702
3.0995877e-06,-0.275221
3.0996377e-06,-0.274804
3.0996877e-06,-0.269755
3.0997377e-06,-0.271031
3.0997877e-06,-0.279632
3.0998377e-06,-0.284154
3.0998877e-06,-0.276608
3.0999377e-06,-0.263457
3.0999877e-06,-0.257909
3.1000377e-06,-0.265372
3.1000877e-06,-0.278966
3.1001377e-06,-0.286817
3.1001877e-06,-0.283349
3.1002377e-06,-0.274416
3.1002877e-06,-0.271309
3.1003377e-06,-0.277412
3.1003877e-06,-0.283682
3.1004377e-06,-0.280076
3.1004877e-06,-0.268618
3.1005377e-06,-0.260406
3.1005877e-06,-0.262403
3.1006377e-06,-0.271642
3.1006877e-06,-0.280658
3.1007377e-06,-0.284265
3.1007877e-06,-0.282129
3.1008377e-06,-0.278328
3.1008877e-06,-0.277218
3.1009377e-06,-0.277357
3.1009877e-06,-0.273695
3.1010377e-06,-0.267147
3.1010877e-06,-0.266814
3.1011377e-06,-0.277856
3.1011877e-06,-0.291867
3.1012377e-06,-0.295113
3.1012877e-06,-0.284293
3.1013377e-06,-0.269838
3.1013877e-06,-0.264262
3.1014377e-06,-0.270116
3.1014877e-06,-0.278883
3.1015377e-06,-0.280353
3.1015877e-06,-0.273057
3.1016377e-06,-0.265566
3.1016877e-06,-0.266592
3.1017377e-06,-0.274638
3.1017877e-06,-0.279798
3.1018377e-06,-0.276497
3.1018877e-06,-0.27006
3.1019377e-06,-0.268146
3.1019877e-06,-0.269755
3.1020377e-06,-0.268895
3.1020877e-06,-0.265982
3.1021377e-06,-0.267785
3.1021877e-06,-0.275443
3.1022377e-06,-0.281407
3.1022877e-06,-0.280852
3.1023377e-06,-0.278883
3.1023877e-06,-0.280658
3.1024377e-06,-0.281324
3.1024877e-06,-0.274111
3.1025377e-06,-0.264623
3.1025877e-06,-0.266093
3.1026377e-06,-0.27941
3.1026877e-06,-0.28826
3.1027377e-06,-0.279854
3.1027877e-06,-0.262986
3.1028377e-06,-0.256744
3.1028877e-06,-0.26551
3.1029377e-06,-0.27511
3.1029877e-06,-0.27339
3.1030377e-06,-0.264595
3.1030877e-06,-0.261072
3.1031377e-06,-0.267258
3.1031877e-06,-0.276136
3.1032377e-06,-0.278938
3.1032877e-06,-0.274638
3.1033377e-06,-0.268923
3.1033877e-06,-0.266121
3.1034377e-06,-0.26576
3.1034877e-06,-0.267092
3.1035377e-06,-0.27203
3.1035877e-06,-0.280381
3.1036377e-06,-0.28654
3.1036877e-06,-0.285125
3.1037377e-06,-0.278799
3.1037877e-06,-0.275498
3.1038377e-06,-0.277773
3.1038877e-06,-0.279743
3.1039377e-06,-0.276025
3.1039877e-06,-0.269228
3.1040377e-06,-0.265594
3.1040877e-06,-0.26662
3.1041377e-06,-0.268645
3.1041877e-06,-0.268424
3.1042377e-06,-0.266509
3.1042877e-06,-0.266149
3.1043377e-06,-0.269561
3.1043877e-06,-0.274333
3.1044377e-06,-0.274277
3.1044877e-06,-0.266676
3.1045377e-06,-0.257937
3.1045877e-06,-0.257909
3.1046377e-06,-0.267397
3.1046877e-06,-0.275775
3.1047377e-06,-0.273722
3.1047877e-06,-0.265205
3.1048377e-06,-0.262986
3.1048877e-06,-0.271669
3.1049377e-06,-0.281019
3.1049877e-06,-0.278966
3.1050377e-06,-0.268257
3.1050877e-06,-0.263596
3.1051377e-06,-0.272141
3.1051877e-06,-0.284376
3.1052377e-06,-0.287677
3.1052877e-06,-0.282489
3.1053377e-06,-0.278605
3.1053877e-06,-0.279327
3.1054377e-06,-0.278494
3.1054877e-06,-0.272446
3.1055377e-06,-0.266592
3.1055877e-06,-0.26748
3.1056377e-06,-0.27375
3.1056877e-06,-0.277912
3.1057377e-06,-0.274361
3.1057877e-06,-0.265205
3.1058377e-06,-0.259102
3.1058877e-06,-0.263208
3.1059377e-06,-0.273695
3.1059877e-06,-0.277939
3.1060377e-06,-0.27006
3.1060877e-06,-0.259795
3.1061377e-06,-0.259324
3.1061877e-06,-0.266592
3.1062377e-06,-0.270033
3.1062877e-06,-0.266676
3.1063377e-06,-0.264872
3.1063877e-06,-0.268895
3.1064377e-06,-0.271642
3.1064877e-06,-0.26712
3.1065377e-06,-0.261266
3.1065877e-06,-0.263374
3.1066377e-06,-0.272002
3.1066877e-06,-0.276802
3.1067377e-06,-0.272585
3.1067877e-06,-0.26551
3.1068377e-06,-0.264678
3.1068877e-06,-0.270754
3.1069377e-06,-0.275443
3.1069877e-06,-0.271836
3.1070377e-06,-0.26293
3.1070877e-06,-0.257715
3.1071377e-06,-0.259768
3.1071877e-06,-0.263707
3.1072377e-06,-0.263818
3.1072877e-06,-0.261488
3.1073377e-06,-0.261932
3.1073877e-06,-0.266398
3.1074377e-06,-0.271309
3.1074877e-06,-0.273528
3.1075377e-06,-0.273029
3.1075877e-06,-0.271337
3.1076377e-06,-0.269922
3.1076877e-06,-0.269506
3.1077377e-06,-0.268507
3.1077877e-06,-0.264234
3.1078377e-06,-0.257826
3.1078877e-06,-0.255356
3.1079377e-06,-0.259795
3.1079877e-06,-0.265899
3.1080377e-06,-0.268007
3.1080877e-06,-0.268035
3.1081377e-06,-0.270338
3.1081877e-06,-0.272696
3.1082377e-06,-0.269672
3.1082877e-06,-0.262015
3.1083377e-06,-0.256411
3.1083877e-06,-0.256771
3.1084377e-06,-0.261571
3.1084877e-06,-0.267841
3.1085377e-06,-0.273584
3.1085877e-06,-0.277385
3.1086377e-06,-0.279132
3.1086877e-06,-0.280242
3.1087377e-06,-0.281269
3.1087877e-06,-0.281574
3.1088377e-06,-0.281518
3.1088877e-06,-0.282351
3.1089377e-06,-0.2826
3.1089877e-06,-0.278356
3.1090377e-06,-0.269866
3.1090877e-06,-0.263846
3.1091377e-06,-0.26465
3.1091877e-06,-0.26748
3.1092377e-06,-0.265205
3.1092877e-06,-0.259546
3.1093377e-06,-0.25838
3.1093877e-06,-0.263568
3.1094377e-06,-0.268507
3.1094877e-06,-0.267674
3.1095377e-06,-0.262459
3.1095877e-06,-0.257021
3.1096377e-06,-0.254413
3.1096877e-06,-0.25691
3.1097377e-06,-0.263652
3.1097877e-06,-0.268784
3.1098377e-06,-0.267231
3.1098877e-06,-0.262348
3.1099377e-06,-0.262237
3.1099877e-06,-0.268618
3.1100377e-06,-0.274721
3.1100877e-06,-0.274472
3.1101377e-06,-0.269117
3.1101877e-06,-0.262986
3.1102377e-06,-0.257881
3.1102877e-06,-0.254496
3.1103377e-06,-0.255107
3.1103877e-06,-0.260489
3.1104377e-06,-0.266842
3.1104877e-06,-0.269589
3.1105377e-06,-0.268812
3.1105877e-06,-0.267397
3.1106377e-06,-0.26662
3.1106877e-06,-0.266371
3.1107377e-06,-0.266953
3.1107877e-06,-0.267647
3.1108377e-06,-0.266232
3.1108877e-06,-0.263679
3.1109377e-06,-0.264734
3.1109877e-06,-0.270643
3.1110377e-06,-0.274777
3.1110877e-06,-0.270504
3.1111377e-06,-0.260655
3.1111877e-06,-0.255024
3.1112377e-06,-0.259185
3.1112877e-06,-0.268313
3.1113377e-06,-0.272391
3.1113877e-06,-0.267286
3.1114377e-06,-0.260017
3.1114877e-06,-0.260572
3.1115377e-06,-0.269173
3.1115877e-06,-0.275443
3.1116377e-06,-0.272002
3.1116877e-06,-0.263624
3.1117377e-06,-0.259906
3.1117877e-06,-0.262903
3.1118377e-06,-0.266176
3.1118877e-06,-0.264595
3.1119377e-06,-0.260905
3.1119877e-06,-0.261183
3.1120377e-06,-0.265427
3.1120877e-06,-0.266787
3.1121377e-06,-0.261626
3.1121877e-06,-0.255634
3.1122377e-06,-0.25666
3.1122877e-06,-0.264373
3.1123377e-06,-0.271725
3.1123877e-06,-0.273861
3.1124377e-06,-0.272086
3.1124877e-06,-0.27031
3.1125377e-06,-0.270698
3.1125877e-06,-0.272058
3.1126377e-06,-0.271337
3.1126877e-06,-0.267314
3.1127377e-06,-0.262986
3.1127877e-06,-0.262736
3.1128377e-06,-0.267258
3.1128877e-06,-0.272224
3.1129377e-06,-0.272474
3.1129877e-06,-0.267203
3.1130377e-06,-0.261155
3.1130877e-06,-0.260101
3.1131377e-06,-0.264706
3.1131877e-06,-0.269783
3.1132377e-06,-0.270116
3.1132877e-06,-0.265816
3.1133377e-06,-0.261321
3.1133877e-06,-0.260295
3.1134377e-06,-0.26232
3.1134877e-06,-0.264207
3.1135377e-06,-0.264512
3.1135877e-06,-0.265899
3.1136377e-06,-0.271059
3.1136877e-06,-0.276663
3.1137377e-06,-0.275082
3.1137877e-06,-0.265178
3.1138377e-06,-0.256549
3.1138877e-06,-0.257687
3.1139377e-06,-0.263541
3.1139877e-06,-0.262625
3.1140377e-06,-0.254302
3.1140877e-06,-0.249059
3.1141377e-06,-0.252332
3.1141877e-06,-0.257659
3.1142377e-06,-0.258491
3.1142877e-06,-0.257604
3.1143377e-06,-0.260766
3.1143877e-06,-0.266648
3.1144377e-06,-0.268867
3.1144877e-06,-0.265594
3.1145377e-06,-0.262237
3.1145877e-06,-0.263624
3.1146377e-06,-0.267896
3.1146877e-06,-0.270366
3.1147377e-06,-0.270255
3.1147877e-06,-0.268645
3.1148377e-06,-0.263957
3.1148877e-06,-0.255107
3.1149377e-06,-0.247422
3.1149877e-06,-0.24806
3.1150377e-06,-0.256106
3.1150877e-06,-0.263624
3.1151377e-06,-0.266371
3.1151877e-06,-0.267009
3.1152377e-06,-0.268118
3.1152877e-06,-0.268229
3.1153377e-06,-0.266426
3.1153877e-06,-0.264595
3.1154377e-06,-0.264068
3.1154877e-06,-0.264068
3.1155377e-06,-0.264068
3.1155877e-06,-0.26379
3.1156377e-06,-0.260988
3.1156877e-06,-0.254025
3.1157377e-06,-0.247561
3.1157877e-06,-0.25003
3.1158377e-06,-0.26232
3.1158877e-06,-0.272973
3.1159377e-06,-0.270227
3.1159877e-06,-0.256744
3.1160377e-06,-0.246479
3.1160877e-06,-0.247727
3.1161377e-06,-0.254913
3.1161877e-06,-0.258519
3.1162377e-06,-0.256799
3.1162877e-06,-0.255245
3.1163377e-06,-0.257188
3.1163877e-06,-0.25949
3.1164377e-06,-0.257271
3.1164877e-06,-0.2515
3.1165377e-06,-0.248837
3.1165877e-06,-0.253387
3.1166377e-06,-0.260489
3.1166877e-06,-0.262181
3.1167377e-06,-0.257465
3.1167877e-06,-0.253442
3.1168377e-06,-0.255911
3.1168877e-06,-0.262015
3.1169377e-06,-0.264151
3.1169877e-06,-0.259268
3.1170377e-06,-0.252249
3.1170877e-06,-0.249614
3.1171377e-06,-0.251916
3.1171877e-06,-0.25433
3.1172377e-06,-0.253692
3.1172877e-06,-0.251916
3.1173377e-06,-0.251139
3.1173877e-06,-0.250529
3.1174377e-06,-0.250363
3.1174877e-06,-0.255162
3.1175377e-06,-0.26687
3.1175877e-06,-0.278522
3.1176377e-06,-0.281047
3.1176877e-06,-0.275332
3.1177377e-06,-0.270477
3.1177877e-06,-0.270282
3.1178377e-06,-0.268895
3.1178877e-06,-0.26171
3.1179377e-06,-0.25322
3.1179877e-06,-0.250113
3.1180377e-06,-0.252138
3.1180877e-06,-0.254469
3.1181377e-06,-0.255134
3.1181877e-06,-0.256244
3.1182377e-06,-0.259546
3.1182877e-06,-0.264678
3.1183377e-06,-0.269949
3.1183877e-06,-0.272252
3.1184377e-06,-0.268146
3.1184877e-06,-0.258852
3.1185377e-06,-0.252277
3.1185877e-06,-0.254913
3.1186377e-06,-0.263152
3.1186877e-06,-0.267397
3.1187377e-06,-0.264539
3.1187877e-06,-0.260184
3.1188377e-06,-0.259407
3.1188877e-06,-0.260766
3.1189377e-06,-0.260544
3.1189877e-06,-0.258408
3.1190377e-06,-0.256272
3.1190877e-06,-0.254718
3.1191377e-06,-0.253054
3.1191877e-06,-0.252027
3.1192377e-06,-0.253525
3.1192877e-06,-0.256771
3.1193377e-06,-0.258103
3.1193877e-06,-0.255689
3.1194377e-06,-0.253109
3.1194877e-06,-0.255495
3.1195377e-06,-0.262903
3.1195877e-06,-0.269922
3.1196377e-06,-0.271642
3.1196877e-06,-0.268534
3.1197377e-06,-0.264706
3.1197877e-06,-0.262764
3.1198377e-06,-0.261571
3.1198877e-06,-0.259407
3.1199377e-06,-0.257992
3.1199877e-06,-0.260156
3.1200377e-06,-0.263735
3.1200877e-06,-0.262237
3.1201377e-06,-0.254857
3.1201877e-06,-0.250807
3.1202377e-06,-0.258297
3.1202877e-06,-0.272391
3.1203377e-06,-0.278439
3.1203877e-06,-0.268618
3.1204377e-06,-0.252027
3.1204877e-06,-0.245397
3.1205377e-06,-0.253636
3.1205877e-06,-0.26293
3.1206377e-06,-0.258713
3.1206877e-06,-0.246395
3.1207377e-06,-0.244759
3.1207877e-06,-0.258602
3.1208377e-06,-0.271475
3.1208877e-06,-0.268867
3.1209377e-06,-0.256855
3.1209877e-06,-0.250668
3.1210377e-06,-0.254552
3.1210877e-06,-0.260433
3.1211377e-06,-0.260628
3.1211877e-06,-0.255717
3.1212377e-06,-0.252554
3.1212877e-06,-0.257298
3.1213377e-06,-0.267758
3.1213877e-06,-0.27289
3.1214377e-06,-0.264678
3.1214877e-06,-0.249947
3.1215377e-06,-0.244287
3.1215877e-06,-0.253442
3.1216377e-06,-0.267147
3.1216877e-06,-0.273112
3.1217377e-06,-0.270199
3.1217877e-06,-0.265178
3.1218377e-06,-0.261349
3.1218877e-06,-0.256799
3.1219377e-06,-0.25064
3.1219877e-06,-0.246673
3.1220377e-06,-0.249059
3.1220877e-06,-0.256771
3.1221377e-06,-0.263374
3.1221877e-06,-0.263319
3.1222377e-06,-0.257826
3.1222877e-06,-0.253636
3.1223377e-06,-0.255384
3.1223877e-06,-0.261321
3.1224377e-06,-0.266925
3.1224877e-06,-0.269533
3.1225377e-06,-0.268673
3.1225877e-06,-0.2649
3.1226377e-06,-0.260406
3.1226877e-06,-0.257826
3.1227377e-06,-0.257271
3.1227877e-06,-0.256244
3.1228377e-06,-0.254025
3.1228877e-06,-0.253026
3.1229377e-06,-0.254358
3.1229877e-06,-0.25544
3.1230377e-06,-0.254247
3.1230877e-06,-0.25286
3.1231377e-06,-0.253636
3.1231877e-06,-0.255162
3.1232377e-06,-0.255273
3.1232877e-06,-0.255495
3.1233377e-06,-0.257604
3.1233877e-06,-0.258991
3.1234377e-06,-0.256383
3.1234877e-06,-0.252055
3.1235377e-06,-0.250807
3.1235877e-06,-0.252749
3.1236377e-06,-0.254247
3.1236877e-06,-0.254552
3.1237377e-06,-0.254996
3.1237877e-06,-0.254247
3.1238377e-06,-0.249974
3.1238877e-06,-0.245757
3.1239377e-06,-0.24917
3.1239877e-06,-0.260073
3.1240377e-06,-0.266565
3.1240877e-06,-0.25888
3.1241377e-06,-0.243649
3.1241877e-06,-0.237573
3.1242377e-06,-0.247033
3.1242877e-06,-0.260822
3.1243377e-06,-0.264539
3.1243877e-06,-0.257548
3.1244377e-06,-0.250918
3.1244877e-06,-0.252
3.1245377e-06,-0.257021
3.1245877e-06,-0.259906
3.1246377e-06,-0.260517
3.1246877e-06,-0.260766
3.1247377e-06,-0.258325
3.1247877e-06,-0.25125
3.1248377e-06,-0.244814
3.1248877e-06,-0.246312
3.1249377e-06,-0.253664
3.1249877e-06,-0.256993
3.1250377e-06,-0.252416
3.1250877e-06,-0.247172
3.1251377e-06,-0.248615
3.1251877e-06,-0.254108
3.1252377e-06,-0.256161
3.1252877e-06,-0.252693
3.1253377e-06,-0.247699
3.1253877e-06,-0.245175
3.1254377e-06,-0.246479
3.1254877e-06,-0.251112
3.1255377e-06,-0.256993
3.1255877e-06,-0.260572
3.1256377e-06,-0.25974
3.1256877e-06,-0.255884
3.1257377e-06,-0.252138
3.1257877e-06,-0.251001
3.1258377e-06,-0.25347
3.1258877e-06,-0.258242
3.1259377e-06,-0.261571
3.1259877e-06,-0.260739
3.1260377e-06,-0.25752
3.1260877e-06,-0.254053
3.1261377e-06,-0.248115
3.1261877e-06,-0.238461
3.1262377e-06,-0.232246
3.1262877e-06,-0.238322
3.1263377e-06,-0.253248
3.1263877e-06,-0.263347
3.1264377e-06,-0.261571
3.1264877e-06,-0.254913
3.1265377e-06,-0.252776
3.1265877e-06,-0.255523
3.1266377e-06,-0.257354
3.1266877e-06,-0.255523
3.1267377e-06,-0.253248
3.1267877e-06,-0.255079
3.1268377e-06,-0.261016
3.1268877e-06,-0.26465
3.1269377e-06,-0.260128
3.1269877e-06,-0.250918
3.1270377e-06,-0.246645
3.1270877e-06,-0.250057
3.1271377e-06,-0.253969
3.1271877e-06,-0.253137
3.1272377e-06,-0.251639
3.1272877e-06,-0.253192
3.1273377e-06,-0.253081
3.1273877e-06,-0.247394
3.1274377e-06,-0.243593
3.1274877e-06,-0.251278
3.1275377e-06,-0.2654
3.1275877e-06,-0.270088
3.1276377e-06,-0.259962
3.1276877e-06,-0.247366
3.1277377e-06,-0.245036
3.1277877e-06,-0.251306
3.1278377e-06,-0.257409
3.1278877e-06,-0.261127
3.1279377e-06,-0.264734
3.1279877e-06,-0.265649
3.1280377e-06,-0.259241
3.1280877e-06,-0.248504
3.1281377e-06,-0.24179
3.1281877e-06,-0.241374
3.1282377e-06,-0.242622
3.1282877e-06,-0.245036
3.1283377e-06,-0.253942
3.1283877e-06,-0.26773
3.1284377e-06,-0.273168
3.1284877e-06,-0.261349
3.1285377e-06,-0.242123
3.1285877e-06,-0.233134
3.1286377e-06,-0.238683
3.1286877e-06,-0.248837
3.1287377e-06,-0.255273
3.1287877e-06,-0.258075
3.1288377e-06,-0.258353
3.1288877e-06,-0.254635
3.1289377e-06,-0.247783
3.1289877e-06,-0.2424
3.1290377e-06,-0.241873
3.1290877e-06,-0.245175
3.1291377e-06,-0.249614
3.1291877e-06,-0.253331
3.1292377e-06,-0.25544
3.1292877e-06,-0.255273
3.1293377e-06,-0.252221
3.1293877e-06,-0.247255
3.1294377e-06,-0.245008
3.1294877e-06,-0.251001
3.1295377e-06,-0.263319
3.1295877e-06,-0.270865
3.1296377e-06,-0.264456
3.1296877e-06,-0.249447
3.1297377e-06,-0.24068
3.1297877e-06,-0.244897
3.1298377e-06,-0.25372
3.1298877e-06,-0.256133
3.1299377e-06,-0.252305
3.1299877e-06,-0.250363
3.1300377e-06,-0.253026
3.1300877e-06,-0.254718
3.1301377e-06,-0.251334
3.1301877e-06,-0.246257
3.1302377e-06,-0.244315
3.1302877e-06,-0.244842
3.1303377e-06,-0.24437
3.1303877e-06,-0.242733
3.1304377e-06,-0.242456
3.1304877e-06,-0.244453
3.1305377e-06,-0.247006
3.1305877e-06,-0.248199
3.1306377e-06,-0.24695
3.1306877e-06,-0.242872
3.1307377e-06,-0.237934
3.1307877e-06,-0.237212
3.1308377e-06,-0.244176
3.1308877e-06,-0.254996
3.1309377e-06,-0.261377
3.1309877e-06,-0.259962
3.1310377e-06,-0.255356
3.1310877e-06,-0.252527
3.1311377e-06,-0.251112
3.1311877e-06,-0.249392
3.1312377e-06,-0.248726
3.1312877e-06,-0.250224
3.1313377e-06,-0.25175
3.1313877e-06,-0.251278
3.1314377e-06,-0.250141
3.1314877e-06,-0.250529
3.1315377e-06,-0.252221
3.1315877e-06,-0.253775
3.1316377e-06,-0.254829
3.1316877e-06,-0.255301
3.1317377e-06,-0.254136
3.1317877e-06,-0.251528
3.1318377e-06,-0.250612
3.1318877e-06,-0.254829
3.1319377e-06,-0.262819
3.1319877e-06,-0.267702
3.1320377e-06,-0.262847
3.1320877e-06,-0.249253
3.1321377e-06,-0.23724
3.1321877e-06,-0.237462
3.1322377e-06,-0.248337
3.1322877e-06,-0.256327
3.1323377e-06,-0.251833
3.1323877e-06,-0.241041
3.1324377e-06,-0.237185
3.1324877e-06,-0.243288
3.1325377e-06,-0.249974
3.1325877e-06,-0.249586
3.1326377e-06,-0.24573
3.1326877e-06,-0.24695
3.1327377e-06,-0.255051
3.1327877e-06,-0.263125
3.1328377e-06,-0.264401
3.1328877e-06,-0.259573
3.1329377e-06,-0.25347
3.1329877e-06,-0.248504
3.1330377e-06,-0.245341
3.1330877e-06,-0.246035
3.1331377e-06,-0.250834
3.1331877e-06,-0.254191
3.1332377e-06,-0.250418
3.1332877e-06,-0.242289
3.1333377e-06,-0.238378
3.1333877e-06,-0.241901
3.1334377e-06,-0.247699
3.1334877e-06,-0.250279
3.1335377e-06,-0.249392
3.1335877e-06,-0.247394
3.1336377e-06,-0.244842
3.1336877e-06,-0.241845
3.1337377e-06,-0.240431
3.1337877e-06,-0.243177
3.1338377e-06,-0.250085
3.1338877e-06,-0.25777
3.1339377e-06,-0.26207
3.1339877e-06,-0.261183
3.1340377e-06,-0.256383
3.1340877e-06,-0.251334
3.1341377e-06,-0.249836
3.1341877e-06,-0.252776
3.1342377e-06,-0.256605
3.1342877e-06,-0.256189
3.1343377e-06,-0.250862
3.1343877e-06,-0.246118
3.1344377e-06,-0.246451
3.1344877e-06,-0.249281
3.1345377e-06,-0.249142
3.1345877e-06,-0.246451
3.1346377e-06,-0.24573
3.1346877e-06,-0.246728
3.1347377e-06,-0.24498
3.1347877e-06,-0.241624
3.1348377e-06,-0.243288
3.1348877e-06,-0.250141
3.1349377e-06,-0.253553
3.1349877e-06,-0.249197
3.1350377e-06,-0.243898
3.1350877e-06,-0.244564
3.1351377e-06,-0.24806
3.1351877e-06,-0.247949
3.1352377e-06,-0.245147
3.1352877e-06,-0.244814
3.1353377e-06,-0.246395
3.1353877e-06,-0.244509
3.1354377e-06,-0.238821
3.1354877e-06,-0.236907
3.1355377e-06,-0.243427
3.1355877e-06,-0.251972
3.1356377e-06,-0.252971
3.1356877e-06,-0.246617
3.1357377e-06,-0.241513
3.1357877e-06,-0.242123
3.1358377e-06,-0.244786
3.1358877e-06,-0.246284
3.1359377e-06,-0.248615
3.1359877e-06,-0.252915
3.1360377e-06,-0.254774
3.1360877e-06,-0.250751
3.1361377e-06,-0.245202
3.1361877e-06,-0.245813
3.1362377e-06,-0.25286
3.1362877e-06,-0.257992
3.1363377e-06,-0.255051
3.1363877e-06,-0.24892
3.1364377e-06,-0.249586
3.1364877e-06,-0.258602
3.1365377e-06,-0.26551
3.1365877e-06,-0.260267
3.1366377e-06,-0.246395
3.1366877e-06,-0.237018
3.1367377e-06,-0.238267
3.1367877e-06,-0.243177
3.1368377e-06,-0.243205
3.1368877e-06,-0.239626
3.1369377e-06,-0.238849
3.1369877e-06,-0.241596
3.1370377e-06,-0.242678
3.1370877e-06,-0.240014
3.1371377e-06,-0.238211
3.1371877e-06,-0.241568
3.1372377e-06,-0.246617
3.1372877e-06,-0.246118
3.1373377e-06,-0.240236
3.1373877e-06,-0.238183
3.1374377e-06,-0.24548
3.1374877e-06,-0.255162
3.1375377e-06,-0.25691
3.1375877e-06,-0.250834
3.1376377e-06,-0.24573
3.1376877e-06,-0.246812
3.1377377e-06,-0.250973
3.1377877e-06,-0.252305
3.1378377e-06,-0.247921
3.1378877e-06,-0.239321
3.1379377e-06,-0.231858
3.1379877e-06,-0.232024
3.1380377e-06,-0.240847
3.1380877e-06,-0.250252
3.1381377e-06,-0.249419
3.1381877e-06,-0.237185
3.1382377e-06,-0.22556
3.1382877e-06,-0.227308
3.1383377e-06,-0.241485
3.1383877e-06,-0.255107
3.1384377e-06,-0.258686
3.1384877e-06,-0.254274
3.1385377e-06,-0.248615
3.1385877e-06,-0.245147
3.1386377e-06,-0.245064
3.1386877e-06,-0.249059
3.1387377e-06,-0.25408
3.1387877e-06,-0.253969
3.1388377e-06,-0.247311
3.1388877e-06,-0.240347
3.1389377e-06,-0.238849
3.1389877e-06,-0.24068
3.1390377e-06,-0.240763
3.1390877e-06,-0.239876
3.1391377e-06,-0.243732
3.1391877e-06,-0.25347
3.1392377e-06,-0.261821
3.1392877e-06,-0.260378
3.1393377e-06,-0.249919
3.1393877e-06,-0.240653
3.1394377e-06,-0.241679
3.1394877e-06,-0.250973
3.1395377e-06,-0.257576
3.1395877e-06,-0.254053
3.1396377e-06,-0.244842
3.1396877e-06,-0.240653
3.1397377e-06,-0.245563
3.1397877e-06,-0.252554
3.1398377e-06,-0.252749
3.1398877e-06,-0.245397
3.1399377e-06,-0.237101
3.1399877e-06,-0.233939
3.1400377e-06,-0.236879
3.1400877e-06,-0.242733
3.1401377e-06,-0.247089
3.1401877e-06,-0.246839
3.1402377e-06,-0.242789
3.1402877e-06,-0.239903
3.1403377e-06,-0.242678
3.1403877e-06,-0.249641
3.1404377e-06,-0.254413
3.1404877e-06,-0.253609
3.1405377e-06,-0.251611
3.1405877e-06,-0.254302
3.1406377e-06,-0.259462
3.1406877e-06,-0.258297
3.1407377e-06,-0.247255
3.1407877e-06,-0.23319
3.1408377e-06,-0.22581
3.1408877e-06,-0.229389
3.1409377e-06,-0.241513
3.1409877e-06,-0.254885
3.1410377e-06,-0.260544
3.1410877e-06,-0.254857
3.1411377e-06,-0.244648
3.1411877e-06,-0.240458
3.1412377e-06,-0.244648
3.1412877e-06,-0.249891
3.1413377e-06,-0.249641
3.1413877e-06,-0.245619
3.1414377e-06,-0.2429
3.1414877e-06,-0.242678
3.1415377e-06,-0.243649
3.1415877e-06,-0.245813
3.1416377e-06,-0.248421
3.1416877e-06,-0.247505
3.1417377e-06,-0.241818
3.1417877e-06,-0.237823
3.1418377e-06,-0.241873
3.1418877e-06,-0.24953
3.1419377e-06,-0.250973
3.1419877e-06,-0.245036
3.1420377e-06,-0.240569
3.1420877e-06,-0.242678
3.1421377e-06,-0.245535
3.1421877e-06,-0.241679
3.1422377e-06,-0.234216
3.1422877e-06,-0.233384
3.1423377e-06,-0.241735
3.1423877e-06,-0.24867
3.1424377e-06,-0.244259
3.1424877e-06,-0.233162
3.1425377e-06,-0.22839
3.1425877e-06,-0.233439
3.1426377e-06,-0.238905
3.1426877e-06,-0.237296
3.1427377e-06,-0.232607
3.1427877e-06,-0.232108
3.1428377e-06,-0.235714
3.1428877e-06,-0.2386
3.1429377e-06,-0.239682
3.1429877e-06,-0.241735
3.1430377e-06,-0.244342
3.1430877e-06,-0.242955
3.1431377e-06,-0.236491
3.1431877e-06,-0.23158
3.1432377e-06,-0.235409
3.1432877e-06,-0.244786
3.1433377e-06,-0.247366
3.1433877e-06,-0.236019
3.1434377e-06,-0.219457
3.1434877e-06,-0.21413
3.1435377e-06,-0.225727
3.1435877e-06,-0.242095
3.1436377e-06,-0.247144
3.1436877e-06,-0.239043
3.1437377e-06,-0.229999
3.1437877e-06,-0.229
3.1438377e-06,-0.231969
3.1438877e-06,-0.231775
3.1439377e-06,-0.230831
3.1439877e-06,-0.235742
3.1440377e-06,-0.243732
3.1440877e-06,-0.243732
3.1441377e-06,-0.232302
3.1441877e-06,-0.220955
3.1442377e-06,-0.222758
3.1442877e-06,-0.236657
3.1443377e-06,-0.249919
3.1443877e-06,-0.25286
3.1444377e-06,-0.246562
3.1444877e-06,-0.238239
3.1445377e-06,-0.233717
3.1445877e-06,-0.233994
3.1446377e-06,-0.23638
3.1446877e-06,-0.237961
3.1447377e-06,-0.2386
3.1447877e-06,-0.240209
3.1448377e-06,-0.243593
3.1448877e-06,-0.246645
3.1449377e-06,-0.245397
3.1449877e-06,-0.239154
3.1450377e-06,-0.233578
3.1450877e-06,-0.235548
3.1451377e-06,-0.243677
3.1451877e-06,-0.248837
3.1452377e-06,-0.245813
3.1452877e-06,-0.240514
3.1453377e-06,-0.240958
3.1453877e-06,-0.245313
3.1454377e-06,-0.24462
3.1454877e-06,-0.237434
3.1455377e-06,-0.23355
3.1455877e-06,-0.239598
3.1456377e-06,-0.248226
3.1456877e-06,-0.247727
3.1457377e-06,-0.238877
3.1457877e-06,-0.233384
3.1458377e-06,-0.237129
3.1458877e-06,-0.242955
3.1459377e-06,-0.242789
3.1459877e-06,-0.238849
3.1460377e-06,-0.238322
3.1460877e-06,-0.242345
3.1461377e-06,-0.246118
3.1461877e-06,-0.246701
3.1462377e-06,-0.246201
3.1462877e-06,-0.247505
3.1463377e-06,-0.249974
3.1463877e-06,-0.249225
3.1464377e-06,-0.242289
3.1464877e-06,-0.23319
3.1465377e-06,-0.23036
3.1465877e-06,-0.236019
3.1466377e-06,-0.241679
3.1466877e-06,-0.239709
3.1467377e-06,-0.23491
3.1467877e-06,-0.236019
3.1468377e-06,-0.239154
3.1468877e-06,-0.232746
3.1469377e-06,-0.218597
3.1469877e-06,-0.21266
3.1470377e-06,-0.222176
3.1470877e-06,-0.234244
3.1471377e-06,-0.233966
3.1471877e-06,-0.224617
3.1472377e-06,-0.221843
3.1472877e-06,-0.232441
3.1473377e-06,-0.24634
3.1473877e-06,-0.249725
3.1474377e-06,-0.241457
3.1474877e-06,-0.233633
3.1475377e-06,-0.235853
3.1475877e-06,-0.244065
3.1476377e-06,-0.247533
3.1476877e-06,-0.244065
3.1477377e-06,-0.240653
3.1477877e-06,-0.240514
3.1478377e-06,-0.238877
3.1478877e-06,-0.233966
3.1479377e-06,-0.233134
3.1479877e-06,-0.241013
3.1480377e-06,-0.248948
3.1480877e-06,-0.245646
3.1481377e-06,-0.233772
3.1481877e-06,-0.226337
3.1482377e-06,-0.228529
3.1482877e-06,-0.233162
3.1483377e-06,-0.234188
3.1483877e-06,-0.235603
3.1484377e-06,-0.243399
3.1484877e-06,-0.25458
3.1485377e-06,-0.259407
3.1485877e-06,-0.25261
3.1486377e-06,-0.240209
3.1486877e-06,-0.234383
3.1487377e-06,-0.240736
3.1487877e-06,-0.251334
3.1488377e-06,-0.253775
3.1488877e-06,-0.246479
3.1489377e-06,-0.239903
3.1489877e-06,-0.241568
3.1490377e-06,-0.246284
3.1490877e-06,-0.245424
3.1491377e-06,-0.240514
3.1491877e-06,-0.240403
3.1492377e-06,-0.246368
3.1492877e-06,-0.248754
3.1493377e-06,-0.241402
3.1493877e-06,-0.231248
3.1494377e-06,-0.22839
3.1494877e-06,-0.232746
3.1495377e-06,-0.237545
3.1495877e-06,-0.239903
3.1496377e-06,-0.240264
3.1496877e-06,-0.237212
3.1497377e-06,-0.230776
3.1497877e-06,-0.22692
3.1498377e-06,-0.229971
3.1498877e-06,-0.235215
3.1499377e-06,-0.236019
3.1499877e-06,-0.234577
3.1500377e-06,-0.237434
3.1500877e-06,-0.242983
3.1501377e-06,-0.242123
3.1501877e-06,-0.232884
3.1502377e-06,-0.225838
3.1502877e-06,-0.230471
3.1503377e-06,-0.241568
3.1503877e-06,-0.246284
3.1504377e-06,-0.241568
3.1504877e-06,-0.236463
3.1505377e-06,-0.237046
3.1505877e-06,-0.238988
3.1506377e-06,-0.237573
3.1506877e-06,-0.235354
3.1507377e-06,-0.234604
3.1507877e-06,-0.231691
3.1508377e-06,-0.226309
3.1508877e-06,-0.226947
3.1509377e-06,-0.238072
3.1509877e-06,-0.249697
3.1510377e-06,-0.249586
3.1510877e-06,-0.240874
3.1511377e-06,-0.236879
3.1511877e-06,-0.241735
3.1512377e-06,-0.245646
3.1512877e-06,-0.240153
3.1513377e-06,-0.229611
3.1513877e-06,-0.224534
3.1514377e-06,-0.228584
3.1514877e-06,-0.23552
3.1515377e-06,-0.23749
3.1515877e-06,-0.234327
3.1516377e-06,-0.231997
3.1516877e-06,-0.233689
3.1517377e-06,-0.237046
3.1517877e-06,-0.24032
3.1518377e-06,-0.244065
3.1518877e-06,-0.245924
3.1519377e-06,-0.241457
3.1519877e-06,-0.232829
3.1520377e-06,-0.229999
3.1520877e-06,-0.238489
3.1521377e-06,-0.250834
3.1521877e-06,-0.255134
3.1522377e-06,-0.249308
3.1522877e-06,-0.241651
3.1523377e-06,-0.238849
3.1523877e-06,-0.239016
3.1524377e-06,-0.236963
3.1524877e-06,-0.232357
3.1525377e-06,-0.230388
3.1525877e-06,-0.235215
3.1526377e-06,-0.244065
3.1526877e-06,-0.249142
3.1527377e-06,-0.245702
3.1527877e-06,-0.236574
3.1528377e-06,-0.227447
3.1528877e-06,-0.221621
3.1529377e-06,-0.220733
3.1529877e-06,-0.225671
3.1530377e-06,-0.232857
3.1530877e-06,-0.23441
3.1531377e-06,-0.227891
3.1531877e-06,-0.221676
3.1532377e-06,-0.224007
3.1532877e-06,-0.231137
3.1533377e-06,-0.233772
3.1533877e-06,-0.230776
3.1534377e-06,-0.228529
3.1534877e-06,-0.229638
3.1535377e-06,-0.231497
3.1535877e-06,-0.232441
3.1536377e-06,-0.232191
3.1536877e-06,-0.228695
3.1537377e-06,-0.222508
3.1537877e-06,-0.220594
3.1538377e-06,-0.228862
3.1538877e-06,-0.2424
3.1539377e-06,-0.250057
3.1539877e-06,-0.247228
3.1540377e-06,-0.239709
3.1540877e-06,-0.235437
3.1541377e-06,-0.235215
3.1541877e-06,-0.233106
3.1542377e-06,-0.225754
3.1542877e-06,-0.218791
3.1543377e-06,-0.220095
3.1543877e-06,-0.228029
3.1544377e-06,-0.232968
3.1544877e-06,-0.230498
3.1545377e-06,-0.225838
3.1545877e-06,-0.223174
3.1546377e-06,-0.21979
3.1546877e-06,-0.21499
3.1547377e-06,-0.214962
3.1547877e-06,-0.222342
3.1548377e-06,-0.22778
3.1548877e-06,-0.222425
3.1549377e-06,-0.21327
3.1549877e-06,-0.215628
3.1550377e-06,-0.230804
3.1550877e-06,-0.242844
3.1551377e-06,-0.238683
3.1551877e-06,-0.224118
3.1552377e-06,-0.216183
3.1552877e-06,-0.224173
3.1553377e-06,-0.239903
3.1553877e-06,-0.245424
3.1554377e-06,-0.232524
3.1554877e-06,-0.213797
3.1555377e-06,-0.210024
3.1555877e-06,-0.2247
3.1556377e-06,-0.23896
3.1556877e-06,-0.235797
3.1557377e-06,-0.22187
3.1557877e-06,-0.216793
3.1558377e-06,-0.226725
3.1558877e-06,-0.238322
3.1559377e-06,-0.238877
3.1559877e-06,-0.231386
3.1560377e-06,-0.22642
3.1560877e-06,-0.227946
3.1561377e-06,-0.232635
3.1561877e-06,-0.237323
3.1562377e-06,-0.240209
3.1562877e-06,-0.23871
3.1563377e-06,-0.231997
3.1563877e-06,-0.225089
3.1564377e-06,-0.224173
3.1564877e-06,-0.228556
3.1565377e-06,-0.231137
3.1565877e-06,-0.228556
3.1566377e-06,-0.225754
3.1566877e-06,-0.228002
3.1567377e-06,-0.232773
3.1567877e-06,-0.233412
3.1568377e-06,-0.228529
3.1568877e-06,-0.223396
3.1569377e-06,-0.222869
3.1569877e-06,-0.227142
3.1570377e-06,-0.233412
3.1570877e-06,-0.238849
3.1571377e-06,-0.241984
3.1571877e-06,-0.242622
3.1572377e-06,-0.241041
3.1572877e-06,-0.237351
3.1573377e-06,-0.232496
3.1573877e-06,-0.228473
3.1574377e-06,-0.226503
3.1574877e-06,-0.226337
3.1575377e-06,-0.228778
3.1575877e-06,-0.235465
3.1576377e-06,-0.243926
3.1576877e-06,-0.246312
3.1577377e-06,-0.237407
3.1577877e-06,-0.222814
3.1578377e-06,-0.21474
3.1578877e-06,-0.21868
3.1579377e-06,-0.228279
3.1579877e-06,-0.233966
3.1580377e-06,-0.233744
3.1580877e-06,-0.231969
3.1581377e-06,-0.230748
3.1581877e-06,-0.227364
3.1582377e-06,-0.220566
3.1582877e-06,-0.215351
3.1583377e-06,-0.218014
3.1583877e-06,-0.227502
3.1584377e-06,-0.235603
3.1584877e-06,-0.23699
3.1585377e-06,-0.234743
3.1585877e-06,-0.233828
3.1586377e-06,-0.233356
3.1586877e-06,-0.229833
3.1587377e-06,-0.223923
3.1587877e-06,-0.220178
3.1588377e-06,-0.22101
3.1588877e-06,-0.224645
3.1589377e-06,-0.227835
3.1589877e-06,-0.228556
3.1590377e-06,-0.227169
3.1590877e-06,-0.226559
3.1591377e-06,-0.230138
3.1591877e-06,-0.236408
3.1592377e-06,-0.237961
3.1592877e-06,-0.230804
3.1593377e-06,-0.221676
3.1593877e-06,-0.219928
3.1594377e-06,-0.224922
3.1594877e-06,-0.229084
3.1595377e-06,-0.23011
3.1595877e-06,-0.23183
3.1596377e-06,-0.23466
3.1596877e-06,-0.235076
3.1597377e-06,-0.233467
3.1597877e-06,-0.234327
3.1598377e-06,-0.237379
3.1598877e-06,-0.237046
3.1599377e-06,-0.231941
3.1599877e-06,-0.227585
3.1600377e-06,-0.22692
3.1600877e-06,-0.226198
3.1601377e-06,-0.222758
3.1601877e-06,-0.220566
3.1602377e-06,-0.223674
3.1602877e-06,-0.229694
3.1603377e-06,-0.233162
3.1603877e-06,-0.231941
3.1604377e-06,-0.228168
3.1604877e-06,-0.224645
3.1605377e-06,-0.222037
3.1605877e-06,-0.219235
3.1606377e-06,-0.216155
3.1606877e-06,-0.216155
3.1607377e-06,-0.222647
3.1607877e-06,-0.232801
3.1608377e-06,-0.238378
3.1608877e-06,-0.235076
3.1609377e-06,-0.227613
3.1609877e-06,-0.223507
3.1610377e-06,-0.224395
3.1610877e-06,-0.226642
3.1611377e-06,-0.228029
3.1611877e-06,-0.229999
3.1612377e-06,-0.233828
3.1612877e-06,-0.237656
3.1613377e-06,-0.23785
3.1613877e-06,-0.232191
3.1614377e-06,-0.222425
3.1614877e-06,-0.215184
3.1615377e-06,-0.21782
3.1615877e-06,-0.230193
3.1616377e-06,-0.242262
3.1616877e-06,-0.243593
3.1617377e-06,-0.234743
3.1617877e-06,-0.225311
3.1618377e-06,-0.221815
3.1618877e-06,-0.22237
3.1619377e-06,-0.222786
3.1619877e-06,-0.222092
3.1620377e-06,-0.221399
3.1620877e-06,-0.222425
3.1621377e-06,-0.227308
3.1621877e-06,-0.234604
3.1622377e-06,-0.236963
3.1622877e-06,-0.229278
3.1623377e-06,-0.217709
3.1623877e-06,-0.213575
3.1624377e-06,-0.218402
3.1624877e-06,-0.223896
3.1625377e-06,-0.225005
3.1625877e-06,-0.224478
3.1626377e-06,-0.22495
3.1626877e-06,-0.225089
3.1627377e-06,-0.225144
3.1627877e-06,-0.228224
3.1628377e-06,-0.232857
3.1628877e-06,-0.231053
3.1629377e-06,-0.218708
3.1629877e-06,-0.204975
3.1630377e-06,-0.205474
3.1630877e-06,-0.223618
3.1631377e-06,-0.243399
3.1631877e-06,-0.245563
3.1632377e-06,-0.229666
3.1632877e-06,-0.21352
3.1633377e-06,-0.21105
3.1633877e-06,-0.219262
3.1634377e-06,-0.228862
3.1634877e-06,-0.237185
3.1635377e-06,-0.244592
3.1635877e-06,-0.246895
3.1636377e-06,-0.241069
3.1636877e-06,-0.233911
3.1637377e-06,-0.234688
3.1637877e-06,-0.241402
3.1638377e-06,-0.243371
3.1638877e-06,-0.236824
3.1639377e-06,-0.229389
3.1639877e-06,-0.227891
3.1640377e-06,-0.2295
3.1640877e-06,-0.228556
3.1641377e-06,-0.225921
3.1641877e-06,-0.226198
3.1642377e-06,-0.229139
3.1642877e-06,-0.23011
3.1643377e-06,-0.227669
3.1643877e-06,-0.224672
3.1644377e-06,-0.222703
3.1644877e-06,-0.221537
3.1645377e-06,-0.22323
3.1645877e-06,-0.229999
3.1646377e-06,-0.237934
3.1646877e-06,-0.23921
3.1647377e-06,-0.231747
3.1647877e-06,-0.223258
3.1648377e-06,-0.222952
3.1648877e-06,-0.23072
3.1649377e-06,-0.23663
3.1649877e-06,-0.232357
3.1650377e-06,-0.221787
3.1650877e-06,-0.216821
3.1651377e-06,-0.22187
3.1651877e-06,-0.226947
3.1652377e-06,-0.220899
3.1652877e-06,-0.208415
3.1653377e-06,-0.205502
3.1653877e-06,-0.218319
3.1654377e-06,-0.235354
3.1654877e-06,-0.243177
3.1655377e-06,-0.24179
3.1655877e-06,-0.238766
3.1656377e-06,-0.236685
3.1656877e-06,-0.233162
3.1657377e-06,-0.229028
3.1657877e-06,-0.228418
3.1658377e-06,-0.23183
3.1658877e-06,-0.234521
3.1659377e-06,-0.232857
3.1659877e-06,-0.228862
3.1660377e-06,-0.227114
3.1660877e-06,-0.228834
3.1661377e-06,-0.231359
3.1661877e-06,-0.231969
3.1662377e-06,-0.23011
3.1662877e-06,-0.227419
3.1663377e-06,-0.226448
3.1663877e-06,-0.227807
3.1664377e-06,-0.228251
3.1664877e-06,-0.22384
3.1665377e-06,-0.215822
3.1665877e-06,-0.210967
3.1666377e-06,-0.214574
3.1666877e-06,-0.224229
3.1667377e-06,-0.231969
3.1667877e-06,-0.231747
3.1668377e-06,-0.225005
3.1668877e-06,-0.219124
3.1669377e-06,-0.220483
3.1669877e-06,-0.228113
3.1670377e-06,-0.235298
3.1670877e-06,-0.237684
3.1671377e-06,-0.237046
3.1671877e-06,-0.236019
3.1672377e-06,-0.232662
3.1672877e-06,-0.224312
3.1673377e-06,-0.214657
3.1673877e-06,-0.211272
3.1674377e-06,-0.216405
3.1674877e-06,-0.224312
3.1675377e-06,-0.22864
3.1675877e-06,-0.228778
3.1676377e-06,-0.228445
3.1676877e-06,-0.230166
3.1677377e-06,-0.232746
3.1677877e-06,-0.233245
3.1678377e-06,-0.230859
3.1678877e-06,-0.228168
3.1679377e-06,-0.227752
3.1679877e-06,-0.228224
3.1680377e-06,-0.225477
3.1680877e-06,-0.21868
3.1681377e-06,-0.212354
3.1681877e-06,-0.211411
3.1682377e-06,-0.216127
3.1682877e-06,-0.223479
3.1683377e-06,-0.231248
3.1683877e-06,-0.237629
3.1684377e-06,-0.23946
3.1684877e-06,-0.234937
3.1685377e-06,-0.227613
3.1685877e-06,-0.22384
3.1686377e-06,-0.225421
3.1686877e-06,-0.228002
3.1687377e-06,-0.227696
3.1687877e-06,-0.225976
3.1688377e-06,-0.226448
3.1688877e-06,-0.229084
3.1689377e-06,-0.23036
3.1689877e-06,-0.227696
3.1690377e-06,-0.223008
3.1690877e-06,-0.22212
3.1691377e-06,-0.228556
3.1691877e-06,-0.237157
3.1692377e-06,-0.237712
3.1692877e-06,-0.227197
3.1693377e-06,-0.214435
3.1693877e-06,-0.209774
3.1694377e-06,-0.215212
3.1694877e-06,-0.226531
3.1695377e-06,-0.238988
3.1695877e-06,-0.246312
3.1696377e-06,-0.241651
3.1696877e-06,-0.22667
3.1697377e-06,-0.215129
3.1697877e-06,-0.219124
3.1698377e-06,-0.233328
3.1698877e-06,-0.241041
3.1699377e-06,-0.235936
3.1699877e-06,-0.229222
3.1700377e-06,-0.232607
3.1700877e-06,-0.241207
3.1701377e-06,-0.241346
3.1701877e-06,-0.231414
3.1702377e-06,-0.224339
3.1702877e-06,-0.227918
3.1703377e-06,-0.233328
3.1703877e-06,-0.230082
3.1704377e-06,-0.223147
3.1704877e-06,-0.224423
3.1705377e-06,-0.232718
3.1705877e-06,-0.235298
3.1706377e-06,-0.228057
3.1706877e-06,-0.220955
3.1707377e-06,-0.221232
3.1707877e-06,-0.223119
3.1708377e-06,-0.218541
3.1708877e-06,-0.209996
3.1709377e-06,-0.206833
3.1709877e-06,-0.212743
3.1710377e-06,-0.221232
3.1710877e-06,-0.224062
3.1711377e-06,-0.221482
3.1711877e-06,-0.221232
3.1712377e-06,-0.226476
3.1712877e-06,-0.229583
3.1713377e-06,-0.223507
3.1713877e-06,-0.214019
3.1714377e-06,-0.213131
3.1714877e-06,-0.222508
3.1715377e-06,-0.23072
3.1715877e-06,-0.228057
3.1716377e-06,-0.217459
3.1716877e-06,-0.209691
3.1717377e-06,-0.211245
3.1717877e-06,-0.219679
3.1718377e-06,-0.228695
3.1718877e-06,-0.233467
3.1719377e-06,-0.231886
3.1719877e-06,-0.224395
3.1720377e-06,-0.215628
3.1720877e-06,-0.213159
3.1721377e-06,-0.220012
3.1721877e-06,-0.228667
3.1722377e-06,-0.228335
3.1722877e-06,-0.219179
3.1723377e-06,-0.213936
3.1723877e-06,-0.222037
3.1724377e-06,-0.236519
3.1724877e-06,-0.241818
3.1725377e-06,-0.232219
3.1725877e-06,-0.21757
3.1726377e-06,-0.211716
3.1726877e-06,-0.219457
3.1727377e-06,-0.23355
3.1727877e-06,-0.241568
3.1728377e-06,-0.236574
3.1728877e-06,-0.224173
3.1729377e-06,-0.216793
3.1729877e-06,-0.219762
3.1730377e-06,-0.225643
3.1730877e-06,-0.225616
3.1731377e-06,-0.221954
3.1731877e-06,-0.223147
3.1732377e-06,-0.229666
3.1732877e-06,-0.233023
3.1733377e-06,-0.228418
3.1733877e-06,-0.220594
3.1734377e-06,-0.215878
3.1734877e-06,-0.215517
3.1735377e-06,-0.21807
3.1735877e-06,-0.221759
3.1736377e-06,-0.222703
3.1736877e-06,-0.218208
3.1737377e-06,-0.213686
3.1737877e-06,-0.218708
3.1738377e-06,-0.232801
3.1738877e-06,-0.241735
3.1739377e-06,-0.234161
3.1739877e-06,-0.217598
3.1740377e-06,-0.210718
3.1740877e-06,-0.21954
3.1741377e-06,-0.229306
3.1741877e-06,-0.224145
3.1742377e-06,-0.209025
3.1742877e-06,-0.20331
3.1743377e-06,-0.214491
3.1743877e-06,-0.22864
3.1744377e-06,-0.229167
3.1744877e-06,-0.217043
3.1745377e-06,-0.206972
3.1745877e-06,-0.209219
3.1746377e-06,-0.221094
3.1746877e-06,-0.232884
3.1747377e-06,-0.236657
3.1747877e-06,-0.230748
3.1748377e-06,-0.220899
3.1748877e-06,-0.216349
3.1749377e-06,-0.221232
3.1749877e-06,-0.229694
3.1750377e-06,-0.232857
3.1750877e-06,-0.229888
3.1751377e-06,-0.227641
3.1751877e-06,-0.229749
3.1752377e-06,-0.230831
3.1752877e-06,-0.224589
3.1753377e-06,-0.214352
3.1753877e-06,-0.210718
3.1754377e-06,-0.218541
3.1754877e-06,-0.230055
3.1755377e-06,-0.233772
3.1755877e-06,-0.227724
3.1756377e-06,-0.220788
3.1756877e-06,-0.220927
3.1757377e-06,-0.225588
3.1757877e-06,-0.226614
3.1758377e-06,-0.222869
3.1758877e-06,-0.222592
3.1759377e-06,-0.230526
3.1759877e-06,-0.238821
3.1760377e-06,-0.236158
3.1760877e-06,-0.223202
3.1761377e-06,-0.21266
3.1761877e-06,-0.21352
3.1762377e-06,-0.221371
3.1762877e-06,-0.226476
3.1763377e-06,-0.226087
3.1763877e-06,-0.224561
3.1764377e-06,-0.224839
3.1764877e-06,-0.224783
3.1765377e-06,-0.22187
3.1765877e-06,-0.217015
3.1766377e-06,-0.213325
3.1766877e-06,-0.213076
3.1767377e-06,-0.21671
3.1767877e-06,-0.222952
3.1768377e-06,-0.2295
3.1768877e-06,-0.234216
3.1769377e-06,-0.235381
3.1769877e-06,-0.23072
3.1770377e-06,-0.219152
3.1770877e-06,-0.206334
3.1771377e-06,-0.203865
3.1771877e-06,-0.216238
3.1772377e-06,-0.230887
3.1772877e-06,-0.231109
3.1773377e-06,-0.218819
3.1773877e-06,-0.212549
3.1774377e-06,-0.220012
3.1774877e-06,-0.226004
3.1775377e-06,-0.215406
3.1775877e-06,-0.197373
3.1776377e-06,-0.193822
3.1776877e-06,-0.209802
3.1777377e-06,-0.226809
3.1777877e-06,-0.226725
3.1778377e-06,-0.213853
3.1778877e-06,-0.207666
3.1779377e-06,-0.217792
3.1779877e-06,-0.232746
3.1780377e-06,-0.235992
3.1780877e-06,-0.226309
3.1781377e-06,-0.217071
3.1781877e-06,-0.21818
3.1782377e-06,-0.225782
3.1782877e-06,-0.229888
3.1783377e-06,-0.226781
3.1783877e-06,-0.221232
3.1784377e-06,-0.219595
3.1784877e-06,-0.222619
3.1785377e-06,-0.224867
3.1785877e-06,-0.221454
3.1786377e-06,-0.215822
3.1786877e-06,-0.21696
3.1787377e-06,-0.22728
3.1787877e-06,-0.236491
3.1788377e-06,-0.23208
3.1788877e-06,-0.21499
3.1789377e-06,-0.200564
3.1789877e-06,-0.201146
3.1790377e-06,-0.211911
3.1790877e-06,-0.218236
3.1791377e-06,-0.21499
3.1791877e-06,-0.210939
3.1792377e-06,-0.215184
3.1792877e-06,-0.22692
3.1793377e-06,-0.238544
3.1793877e-06,-0.242123
3.1794377e-06,-0.233717
3.1794877e-06,-0.21843
3.1795377e-06,-0.209469
3.1795877e-06,-0.213908
3.1796377e-06,-0.221315
3.1796877e-06,-0.21671
3.1797377e-06,-0.20356
3.1797877e-06,-0.201451
3.1798377e-06,-0.217653
3.1798877e-06,-0.234438
3.1799377e-06,-0.233162
3.1799877e-06,-0.219484
3.1800377e-06,-0.213076
3.1800877e-06,-0.219318
3.1801377e-06,-0.225227
3.1801877e-06,-0.221371
3.1802377e-06,-0.214574
3.1802877e-06,-0.216183
3.1803377e-06,-0.225782
3.1803877e-06,-0.23233
3.1804377e-06,-0.228224
3.1804877e-06,-0.218097
3.1805377e-06,-0.21302
3.1805877e-06,-0.217071
3.1806377e-06,-0.223008
3.1806877e-06,-0.22298
3.1807377e-06,-0.219956
3.1807877e-06,-0.22187
3.1808377e-06,-0.22753
3.1808877e-06,-0.227197
3.1809377e-06,-0.218236
3.1809877e-06,-0.210773
3.1810377e-06,-0.213187
3.1810877e-06,-0.220067
3.1811377e-06,-0.221121
3.1811877e-06,-0.216988
3.1812377e-06,-0.21696
3.1812877e-06,-0.223951
3.1813377e-06,-0.230415
3.1813877e-06,-0.229555
3.1814377e-06,-0.223285
3.1814877e-06,-0.218319
3.1815377e-06,-0.21843
3.1815877e-06,-0.221288
3.1816377e-06,-0.221454
3.1816877e-06,-0.217126
3.1817377e-06,-0.213325
3.1817877e-06,-0.215351
3.1818377e-06,-0.220594
3.1818877e-06,-0.221954
3.1819377e-06,-0.218042
3.1819877e-06,-0.21499
3.1820377e-06,-0.217709
3.1820877e-06,-0.22359
3.1821377e-06,-0.225865
3.1821877e-06,-0.220983
3.1822377e-06,-0.212965
3.1822877e-06,-0.210468
3.1823377e-06,-0.217681
3.1823877e-06,-0.227974
3.1824377e-06,-0.231081
3.1824877e-06,-0.226226
3.1825377e-06,-0.222259
3.1825877e-06,-0.223063
3.1826377e-06,-0.221815
3.1826877e-06,-0.213936
3.1827377e-06,-0.207638
3.1827877e-06,-0.212909
3.1828377e-06,-0.225421
3.1828877e-06,-0.230998
3.1829377e-06,-0.224506
3.1829877e-06,-0.215462
3.1830377e-06,-0.213825
3.1830877e-06,-0.218125
3.1831377e-06,-0.220705
3.1831877e-06,-0.219235
3.1832377e-06,-0.217459
3.1832877e-06,-0.217459
3.1833377e-06,-0.216238
3.1833877e-06,-0.211883
3.1834377e-06,-0.208581
3.1834877e-06,-0.211827
3.1835377e-06,-0.219457
3.1835877e-06,-0.222259
3.1836377e-06,-0.215822
3.1836877e-06,-0.207915
3.1837377e-06,-0.209108
3.1837877e-06,-0.218458
3.1838377e-06,-0.225089
3.1838877e-06,-0.22359
3.1839377e-06,-0.220622
3.1839877e-06,-0.224034
3.1840377e-06,-0.23122
3.1840877e-06,-0.233217
3.1841377e-06,-0.226809
3.1841877e-06,-0.218264
3.1842377e-06,-0.215767
3.1842877e-06,-0.220511
3.1843377e-06,-0.226004
3.1843877e-06,-0.225311
3.1844377e-06,-0.218513
3.1844877e-06,-0.212049
3.1845377e-06,-0.211217
3.1845877e-06,-0.214879
3.1846377e-06,-0.217404
3.1846877e-06,-0.21438
3.1847377e-06,-0.206917
3.1847877e-06,-0.20159
3.1848377e-06,-0.204253
3.1848877e-06,-0.212992
3.1849377e-06,-0.21929
3.1849877e-06,-0.218014
3.1850377e-06,-0.212826
3.1850877e-06,-0.210329
3.1851377e-06,-0.211383
3.1851877e-06,-0.211661
3.1852377e-06,-0.208831
3.1852877e-06,-0.205308
3.1853377e-06,-0.204448
3.1853877e-06,-0.205973
3.1854377e-06,-0.207083
3.1854877e-06,-0.206612
3.1855377e-06,-0.206473
3.1855877e-06,-0.209053
3.1856377e-06,-0.214185
3.1856877e-06,-0.21929
3.1857377e-06,-0.221954
3.1857877e-06,-0.220872
3.1858377e-06,-0.215462
3.1858877e-06,-0.207416
3.1859377e-06,-0.202644
3.1859877e-06,-0.207194
3.1860377e-06,-0.218597
3.1860877e-06,-0.225893
3.1861377e-06,-0.22187
3.1861877e-06,-0.212382
3.1862377e-06,-0.209996
3.1862877e-06,-0.218458
3.1863377e-06,-0.227807
3.1863877e-06,-0.22692
3.1864377e-06,-0.218125
3.1864877e-06,-0.213436
3.1865377e-06,-0.217764
3.1865877e-06,-0.223341
3.1866377e-06,-0.221621
3.1866877e-06,-0.214296
3.1867377e-06,-0.208443
3.1867877e-06,-0.206695
3.1868377e-06,-0.206667
3.1868877e-06,-0.206778
3.1869377e-06,-0.207472
3.1869877e-06,-0.208415
3.1870377e-06,-0.20872
3.1870877e-06,-0.209636
3.1871377e-06,-0.212604
3.1871877e-06,-0.215267
3.1872377e-06,-0.213575
3.1872877e-06,-0.208554
3.1873377e-06,-0.205973
3.1873877e-06,-0.207694
3.1874377e-06,-0.208997
3.1874877e-06,-0.206861
3.1875377e-06,-0.205807
3.1875877e-06,-0.210301
3.1876377e-06,-0.216211
3.1876877e-06,-0.21646
3.1877377e-06,-0.21241
3.1877877e-06,-0.212077
3.1878377e-06,-0.217542
3.1878877e-06,-0.221898
3.1879377e-06,-0.220483
3.1879877e-06,-0.216821
3.1880377e-06,-0.215045
3.1880877e-06,-0.214185
3.1881377e-06,-0.212854
3.1881877e-06,-0.212771
3.1882377e-06,-0.214491
3.1882877e-06,-0.215711
3.1883377e-06,-0.216238
3.1883877e-06,-0.218486
3.1884377e-06,-0.221232
3.1884877e-06,-0.21979
3.1885377e-06,-0.213964
3.1885877e-06,-0.210135
3.1886377e-06,-0.212077
3.1886877e-06,-0.215156
3.1887377e-06,-0.212687
3.1887877e-06,-0.205308
3.1888377e-06,-0.200064
3.1888877e-06,-0.201451
3.1889377e-06,-0.206445
3.1889877e-06,-0.209968
3.1890377e-06,-0.211855
3.1890877e-06,-0.21438
3.1891377e-06,-0.21585
3.1891877e-06,-0.212077
3.1892377e-06,-0.205086
3.1892877e-06,-0.203865
3.1893377e-06,-0.212521
3.1893877e-06,-0.222231
3.1894377e-06,-0.221565
3.1894877e-06,-0.212521
3.1895377e-06,-0.208554
3.1895877e-06,-0.216377
3.1896377e-06,-0.22753
3.1896877e-06,-0.231109
3.1897377e-06,-0.226947
3.1897877e-06,-0.222037
3.1898377e-06,-0.219346
3.1898877e-06,-0.217515
3.1899377e-06,-0.217653
3.1899877e-06,-0.221676
3.1900377e-06,-0.225033
3.1900877e-06,-0.2204
3.1901377e-06,-0.210745
3.1901877e-06,-0.209774
3.1902377e-06,-0.223341
3.1902877e-06,-0.238433
3.1903377e-06,-0.238378
3.1903877e-06,-0.225089
3.1904377e-06,-0.215795
3.1904877e-06,-0.219401
3.1905377e-06,-0.226725
3.1905877e-06,-0.225976
3.1906377e-06,-0.218513
3.1906877e-06,-0.21388
3.1907377e-06,-0.215989
3.1907877e-06,-0.220455
3.1908377e-06,-0.222397
3.1908877e-06,-0.221121
3.1909377e-06,-0.218208
3.1909877e-06,-0.215129
3.1910377e-06,-0.213631
3.1910877e-06,-0.215323
3.1911377e-06,-0.220123
3.1911877e-06,-0.225754
3.1912377e-06,-0.228917
3.1912877e-06,-0.22728
3.1913377e-06,-0.22187
3.1913877e-06,-0.217293
3.1914377e-06,-0.217043
3.1914877e-06,-0.218902
3.1915377e-06,-0.217376
3.1915877e-06,-0.211134
3.1916377e-06,-0.205086
3.1916877e-06,-0.204531
3.1917377e-06,-0.208665
3.1917877e-06,-0.212021
3.1918377e-06,-0.211356
3.1918877e-06,-0.208221
3.1919377e-06,-0.205197
3.1919877e-06,-0.203171
3.1920377e-06,-0.202755
3.1920877e-06,-0.205946
3.1921377e-06,-0.213353
3.1921877e-06,-0.221094
3.1922377e-06,-0.222481
3.1922877e-06,-0.215628
3.1923377e-06,-0.20872
3.1923877e-06,-0.212604
3.1924377e-06,-0.224978
3.1924877e-06,-0.229444
3.1925377e-06,-0.216988
3.1925877e-06,-0.201729
3.1926377e-06,-0.203449
3.1926877e-06,-0.219429
3.1927377e-06,-0.227225
3.1927877e-06,-0.215767
3.1928377e-06,-0.199454
3.1928877e-06,-0.197706
3.1929377e-06,-0.210496
3.1929877e-06,-0.221954
3.1930377e-06,-0.221926
3.1930877e-06,-0.214907
3.1931377e-06,-0.208221
3.1931877e-06,-0.202339
3.1932377e-06,-0.197318
3.1932877e-06,-0.199176
3.1933377e-06,-0.211134
3.1933877e-06,-0.223174
3.1934377e-06,-0.221399
3.1934877e-06,-0.20675
3.1935377e-06,-0.195459
3.1935877e-06,-0.198483
3.1936377e-06,-0.209774
3.1936877e-06,-0.21696
3.1937377e-06,-0.215684
3.1937877e-06,-0.210135
3.1938377e-06,-0.206057
3.1938877e-06,-0.206806
3.1939377e-06,-0.211633
3.1939877e-06,-0.215184
3.1940377e-06,-0.212854
3.1940877e-06,-0.207721
3.1941377e-06,-0.208359
3.1941877e-06,-0.217737
3.1942377e-06,-0.227918
3.1942877e-06,-0.229971
3.1943377e-06,-0.225838
3.1943877e-06,-0.224478
3.1944377e-06,-0.226809
3.1944877e-06,-0.223313
3.1945377e-06,-0.209636
3.1945877e-06,-0.197012
3.1946377e-06,-0.199371
3.1946877e-06,-0.213742
3.1947377e-06,-0.223258
3.1947877e-06,-0.21929
3.1948377e-06,-0.210274
3.1948877e-06,-0.20614
3.1949377e-06,-0.204725
3.1949877e-06,-0.200258
3.1950377e-06,-0.195958
3.1950877e-06,-0.199482
3.1951377e-06,-0.20958
3.1951877e-06,-0.216294
3.1952377e-06,-0.21413
3.1952877e-06,-0.208498
3.1953377e-06,-0.207472
3.1953877e-06,-0.21155
3.1954377e-06,-0.214213
3.1954877e-06,-0.211161
3.1955377e-06,-0.205668
3.1955877e-06,-0.204586
3.1956377e-06,-0.210579
3.1956877e-06,-0.219817
3.1957377e-06,-0.225782
3.1957877e-06,-0.223812
3.1958377e-06,-0.214491
3.1958877e-06,-0.205197
3.1959377e-06,-0.205752
3.1959877e-06,-0.216682
3.1960377e-06,-0.22495
3.1960877e-06,-0.218458
3.1961377e-06,-0.203976
3.1961877e-06,-0.199759
3.1962377e-06,-0.210246
3.1962877e-06,-0.219762
3.1963377e-06,-0.215573
3.1963877e-06,-0.205696
3.1964377e-06,-0.206112
3.1964877e-06,-0.217348
3.1965377e-06,-0.224756
3.1965877e-06,-0.218735
3.1966377e-06,-0.206279
3.1966877e-06,-0.201451
3.1967377e-06,-0.20897
3.1967877e-06,-0.220372
3.1968377e-06,-0.224978
3.1968877e-06,-0.221732
3.1969377e-06,-0.217376
3.1969877e-06,-0.215739
3.1970377e-06,-0.214962
3.1970877e-06,-0.214047
3.1971377e-06,-0.215351
3.1971877e-06,-0.21868
3.1972377e-06,-0.219651
3.1972877e-06,-0.216377
3.1973377e-06,-0.213214
3.1973877e-06,-0.214158
3.1974377e-06,-0.216322
3.1974877e-06,-0.214546
3.1975377e-06,-0.210079
3.1975877e-06,-0.20897
3.1976377e-06,-0.211633
3.1976877e-06,-0.211467
3.1977377e-06,-0.206057
3.1977877e-06,-0.204031
3.1978377e-06,-0.214213
3.1978877e-06,-0.230665
3.1979377e-06,-0.23663
3.1979877e-06,-0.224395
3.1980377e-06,-0.205197
3.1980877e-06,-0.196152
3.1981377e-06,-0.20134
3.1981877e-06,-0.209885
3.1982377e-06,-0.211106
3.1982877e-06,-0.206445
3.1983377e-06,-0.204808
3.1983877e-06,-0.209303
3.1984377e-06,-0.213492
3.1984877e-06,-0.2118
3.1985377e-06,-0.207971
3.1985877e-06,-0.208609
3.1986377e-06,-0.213076
3.1986877e-06,-0.215489
3.1987377e-06,-0.21438
3.1987877e-06,-0.214074
3.1988377e-06,-0.217098
3.1988877e-06,-0.220899
3.1989377e-06,-0.221648
3.1989877e-06,-0.218208
3.1990377e-06,-0.212327
3.1990877e-06,-0.208137
3.1991377e-06,-0.209358
3.1991877e-06,-0.214158
3.1992377e-06,-0.214935
3.1992877e-06,-0.207666
3.1993377e-06,-0.199371
3.1993877e-06,-0.199814
3.1994377e-06,-0.207555
3.1994877e-06,-0.211578
3.1995377e-06,-0.208026
3.1995877e-06,-0.206001
3.1996377e-06,-0.212465
3.1996877e-06,-0.220677
3.1997377e-06,-0.220206
3.1997877e-06,-0.2118
3.1998377e-06,-0.204614
3.1998877e-06,-0.202894
3.1999377e-06,-0.20392
3.1999877e-06,-0.207
3.2000377e-06,-0.214685
3.2000877e-06,-0.224229
3.2001377e-06,-0.226337
3.2001877e-06,-0.217515
3.2002377e-06,-0.206972
3.2002877e-06,-0.205086
3.2003377e-06,-0.209552
3.2003877e-06,-0.210329
3.2004377e-06,-0.205058
3.2004877e-06,-0.200952
3.2005377e-06,-0.201867
3.2005877e-06,-0.202949
3.2006377e-06,-0.200425
3.2006877e-06,-0.198372
3.2007377e-06,-0.202034
3.2007877e-06,-0.209358
3.2008377e-06,-0.213742
3.2008877e-06,-0.212465
3.2009377e-06,-0.208332
3.2009877e-06,-0.20478
3.2010377e-06,-0.202866
3.2010877e-06,-0.203255
3.2011377e-06,-0.207083
3.2011877e-06,-0.213159
3.2012377e-06,-0.217376
3.2012877e-06,-0.216766
3.2013377e-06,-0.212021
3.2013877e-06,-0.205086
3.2014377e-06,-0.198427
3.2014877e-06,-0.197096
3.2015377e-06,-0.204392
3.2015877e-06,-0.213436
3.2016377e-06,-0.211605
3.2016877e-06,-0.198233
3.2017377e-06,-0.18991
3.2017877e-06,-0.199703
3.2018377e-06,-0.218042
3.2018877e-06,-0.224506
3.2019377e-06,-0.215656
3.2019877e-06,-0.208498
3.2020377e-06,-0.214574
3.2020877e-06,-0.223701
3.2021377e-06,-0.220206
3.2021877e-06,-0.205613
3.2022377e-06,-0.195376
3.2022877e-06,-0.197956
3.2023377e-06,-0.206917
3.2023877e-06,-0.212882
3.2024377e-06,-0.214269
3.2024877e-06,-0.214435
3.2025377e-06,-0.213825
3.2025877e-06,-0.209941
3.2026377e-06,-0.20331
3.2026877e-06,-0.199509
3.2027377e-06,-0.202977
3.2027877e-06,-0.211189
3.2028377e-06,-0.21671
3.2028877e-06,-0.214879
3.2029377e-06,-0.207416
3.2029877e-06,-0.199565
3.2030377e-06,-0.195875
3.2030877e-06,-0.198843
3.2031377e-06,-0.207333
3.2031877e-06,-0.215933
3.2032377e-06,-0.218513
3.2032877e-06,-0.214768
3.2033377e-06,-0.210079
3.2033877e-06,-0.208026
3.2034377e-06,-0.205918
3.2034877e-06,-0.200952
3.2035377e-06,-0.197012
3.2035877e-06,-0.200813
3.2036377e-06,-0.210718
3.2036877e-06,-0.215267
3.2037377e-06,-0.206778
3.2037877e-06,-0.192934
3.2038377e-06,-0.188884
3.2038877e-06,-0.198899
3.2039377e-06,-0.211522
3.2039877e-06,-0.213686
3.2040377e-06,-0.204947
3.2040877e-06,-0.196208
3.2041377e-06,-0.196818
3.2041877e-06,-0.205696
3.2042377e-06,-0.213964
3.2042877e-06,-0.214685
3.2043377e-06,-0.208914
3.2043877e-06,-0.202894
3.2044377e-06,-0.201007
3.2044877e-06,-0.201451
3.2045377e-06,-0.199204
3.2045877e-06,-0.19335
3.2046377e-06,-0.189217
3.2046877e-06,-0.190326
3.2047377e-06,-0.192241
3.2047877e-06,-0.189771
3.2048377e-06,-0.18708
3.2048877e-06,-0.192518
3.2049377e-06,-0.204808
3.2049877e-06,-0.212771
3.2050377e-06,-0.210135
3.2050877e-06,-0.203477
3.2051377e-06,-0.201646
3.2051877e-06,-0.203421
3.2052377e-06,-0.20048
3.2052877e-06,-0.191713
3.2053377e-06,-0.187247
3.2053877e-06,-0.195487
3.2054377e-06,-0.209941
3.2054877e-06,-0.216738
3.2055377e-06,-0.212798
3.2055877e-06,-0.207472
3.2056377e-06,-0.205613
3.2056877e-06,-0.200952
3.2057377e-06,-0.190576
3.2057877e-06,-0.183862
3.2058377e-06,-0.188911
3.2058877e-06,-0.199565
3.2059377e-06,-0.204226
3.2059877e-06,-0.20098
3.2060377e-06,-0.196874
3.2060877e-06,-0.197456
3.2061377e-06,-0.203282
3.2061877e-06,-0.211356
3.2062377e-06,-0.215656
3.2062877e-06,-0.211245
3.2063377e-06,-0.202145
3.2063877e-06,-0.199981
3.2064377e-06,-0.21044
3.2064877e-06,-0.224672
3.2065377e-06,-0.229084
3.2065877e-06,-0.220677
3.2066377e-06,-0.208609
3.2066877e-06,-0.20356
3.2067377e-06,-0.209247
3.2067877e-06,-0.220622
3.2068377e-06,-0.226614
3.2068877e-06,-0.219068
3.2069377e-06,-0.202395
3.2069877e-06,-0.191325
3.2070377e-06,-0.194765
3.2070877e-06,-0.205419
3.2071377e-06,-0.210246
3.2071877e-06,-0.207499
3.2072377e-06,-0.205918
3.2072877e-06,-0.209636
3.2073377e-06,-0.212188
3.2073877e-06,-0.207499
3.2074377e-06,-0.199925
3.2074877e-06,-0.198455
3.2075377e-06,-0.203643
3.2075877e-06,-0.206556
3.2076377e-06,-0.201535
3.2076877e-06,-0.195265
3.2077377e-06,-0.198205
3.2077877e-06,-0.208776
3.2078377e-06,-0.212743
3.2078877e-06,-0.202256
3.2079377e-06,-0.189328
3.2079877e-06,-0.191602
3.2080377e-06,-0.207583
3.2080877e-06,-0.217237
3.2081377e-06,-0.208748
3.2081877e-06,-0.19421
3.2082377e-06,-0.192102
3.2082877e-06,-0.202311
3.2083377e-06,-0.208997
3.2083877e-06,-0.204503
3.2084377e-06,-0.198566
3.2084877e-06,-0.20073
3.2085377e-06,-0.205752
3.2085877e-06,-0.203116
3.2086377e-06,-0.193323
3.2086877e-06,-0.186303
3.2087377e-06,-0.187635
3.2087877e-06,-0.194266
3.2088377e-06,-0.202089
3.2088877e-06,-0.210135
3.2089377e-06,-0.215489
3.2089877e-06,-0.211328
3.2090377e-06,-0.195986
3.2090877e-06,-0.181254
3.2091377e-06,-0.182669
3.2091877e-06,-0.199371
3.2092377e-06,-0.212021
3.2092877e-06,-0.206501
3.2093377e-06,-0.192823
3.2093877e-06,-0.192074
3.2094377e-06,-0.208304
3.2094877e-06,-0.22359
3.2095377e-06,-0.221066
3.2095877e-06,-0.204919
3.2096377e-06,-0.193489
3.2096877e-06,-0.197207
3.2097377e-06,-0.208221
3.2097877e-06,-0.212049
3.2098377e-06,-0.205058
3.2098877e-06,-0.197373
3.2099377e-06,-0.199176
3.2099877e-06,-0.207194
3.2100377e-06,-0.208304
3.2100877e-06,-0.197345
3.2101377e-06,-0.186387
3.2101877e-06,-0.190104
3.2102377e-06,-0.205474
3.2102877e-06,-0.215184
3.2103377e-06,-0.211189
3.2103877e-06,-0.204198
3.2104377e-06,-0.206223
3.2104877e-06,-0.213131
3.2105377e-06,-0.212549
3.2105877e-06,-0.202838
3.2106377e-06,-0.195903
3.2106877e-06,-0.200369
3.2107377e-06,-0.209719
3.2107877e-06,-0.210107
3.2108377e-06,-0.197761
3.2108877e-06,-0.18425
3.2109377e-06,-0.183973
3.2109877e-06,-0.197456
3.2110377e-06,-0.210662
3.2110877e-06,-0.211494
3.2111377e-06,-0.203338
3.2111877e-06,-0.197734
3.2112377e-06,-0.198261
3.2112877e-06,-0.199787
3.2113377e-06,-0.200702
3.2113877e-06,-0.205335
3.2114377e-06,-0.211689
3.2114877e-06,-0.209025
3.2115377e-06,-0.194183
3.2115877e-06,-0.181532
3.2116377e-06,-0.186747
3.2116877e-06,-0.205668
3.2117377e-06,-0.218208
3.2117877e-06,-0.212854
3.2118377e-06,-0.199038
3.2118877e-06,-0.193156
3.2119377e-06,-0.197817
3.2119877e-06,-0.200952
3.2120377e-06,-0.194959
3.2120877e-06,-0.188079
3.2121377e-06,-0.191547
3.2121877e-06,-0.200952
3.2122377e-06,-0.201646
3.2122877e-06,-0.191824
3.2123377e-06,-0.186886
3.2123877e-06,-0.196208
3.2124377e-06,-0.207832
3.2124877e-06,-0.205946
3.2125377e-06,-0.194571
3.2125877e-06,-0.190937
3.2126377e-06,-0.199537
3.2126877e-06,-0.20614
3.2127377e-06,-0.198871
3.2127877e-06,-0.184611
3.2128377e-06,-0.179229
3.2128877e-06,-0.187635
3.2129377e-06,-0.20048
3.2129877e-06,-0.207694
3.2130377e-06,-0.207971
3.2130877e-06,-0.205585
3.2131377e-06,-0.204031
3.2131877e-06,-0.204198
3.2132377e-06,-0.205169
3.2132877e-06,-0.205169
3.2133377e-06,-0.20356
3.2133877e-06,-0.201618
3.2134377e-06,-0.200203
3.2134877e-06,-0.198261
3.2135377e-06,-0.195237
3.2135877e-06,-0.193406
3.2136377e-06,-0.195265
3.2136877e-06,-0.199814
3.2137377e-06,-0.203338
3.2137877e-06,-0.203671
3.2138377e-06,-0.201535
3.2138877e-06,-0.198677
3.2139377e-06,-0.196097
3.2139877e-06,-0.19532
3.2140377e-06,-0.197983
3.2140877e-06,-0.202894
3.2141377e-06,-0.205169
3.2141877e-06,-0.201035
3.2142377e-06,-0.192268
3.2142877e-06,-0.184639
3.2143377e-06,-0.182281
3.2143877e-06,-0.184556
3.2144377e-06,-0.187718
3.2144877e-06,-0.188495
3.2145377e-06,-0.185915
3.2145877e-06,-0.181892
3.2146377e-06,-0.181032
3.2146877e-06,-0.187247
3.2147377e-06,-0.197956
3.2147877e-06,-0.204115
3.2148377e-06,-0.200369
3.2148877e-06,-0.193128
3.2149377e-06,-0.193239
3.2149877e-06,-0.200924
3.2150377e-06,-0.204808
3.2150877e-06,-0.197179
3.2151377e-06,-0.184445
3.2151877e-06,-0.179617
3.2152377e-06,-0.188329
3.2152877e-06,-0.204475
3.2153377e-06,-0.215822
3.2153877e-06,-0.213603
3.2154377e-06,-0.200564
3.2154877e-06,-0.189161
3.2155377e-06,-0.189244
3.2155877e-06,-0.197956
3.2156377e-06,-0.205113
3.2156877e-06,-0.205752
3.2157377e-06,-0.202533
3.2157877e-06,-0.198843
3.2158377e-06,-0.195958
3.2158877e-06,-0.195847
3.2159377e-06,-0.200369
3.2159877e-06,-0.207388
3.2160377e-06,-0.211744
3.2160877e-06,-0.210939
3.2161377e-06,-0.206889
3.2161877e-06,-0.201673
3.2162377e-06,-0.195487
3.2162877e-06,-0.189549
3.2163377e-06,-0.186942
3.2163877e-06,-0.189189
3.2164377e-06,-0.194266
3.2164877e-06,-0.198649
3.2165377e-06,-0.199232
3.2165877e-06,-0.195154
3.2166377e-06,-0.189633
3.2166877e-06,-0.18794
3.2167377e-06,-0.191713
3.2167877e-06,-0.198261
3.2168377e-06,-0.205002
3.2168877e-06,-0.20958
3.2169377e-06,-0.207
3.2169877e-06,-0.195487
3.2170377e-06,-0.184833
3.2170877e-06,-0.188246
3.2171377e-06,-0.202866
3.2171877e-06,-0.210468
3.2172377e-06,-0.201951
3.2172877e-06,-0.190354
3.2173377e-06,-0.191658
3.2173877e-06,-0.202395
3.2174377e-06,-0.206695
3.2174877e-06,-0.200231
3.2175377e-06,-0.194405
3.2175877e-06,-0.197096
3.2176377e-06,-0.201229
3.2176877e-06,-0.197789
3.2177377e-06,-0.19052
3.2177877e-06,-0.189633
3.2178377e-06,-0.195708
3.2178877e-06,-0.199814
3.2179377e-06,-0.197956
3.2179877e-06,-0.195875
3.2180377e-06,-0.198289
3.2180877e-06,-0.201285
3.2181377e-06,-0.199315
3.2181877e-06,-0.19421
3.2182377e-06,-0.191852
3.2182877e-06,-0.19335
3.2183377e-06,-0.194571
3.2183877e-06,-0.193128
3.2184377e-06,-0.191159
3.2184877e-06,-0.190881
3.2185377e-06,-0.191824
3.2185877e-06,-0.193489
3.2186377e-06,-0.197151
3.2186877e-06,-0.202783
3.2187377e-06,-0.206667
3.2187877e-06,-0.204531
3.2188377e-06,-0.196208
3.2188877e-06,-0.186664
3.2189377e-06,-0.181726
3.2189877e-06,-0.183585
3.2190377e-06,-0.189799
3.2190877e-06,-0.195847
3.2191377e-06,-0.197484
3.2191877e-06,-0.192352
3.2192377e-06,-0.183058
3.2192877e-06,-0.177897
3.2193377e-06,-0.183668
3.2193877e-06,-0.196069
3.2194377e-06,-0.203227
3.2194877e-06,-0.200036
3.2195377e-06,-0.194016
3.2195877e-06,-0.193961
3.2196377e-06,-0.198899
3.2196877e-06,-0.201618
3.2197377e-06,-0.199343
3.2197877e-06,-0.195958
3.2198377e-06,-0.195847
3.2198877e-06,-0.199482
3.2199377e-06,-0.204392
3.2199877e-06,-0.208248
3.2200377e-06,-0.209941
3.2200877e-06,-0.209747
3.2201377e-06,-0.208637
3.2201877e-06,-0.206612
3.2202377e-06,-0.202006
3.2202877e-06,-0.195625
3.2203377e-06,-0.192823
3.2203877e-06,-0.19704
3.2204377e-06,-0.202866
3.2204877e-06,-0.202727
3.2205377e-06,-0.19815
3.2205877e-06,-0.19679
3.2206377e-06,-0.199343
3.2206877e-06,-0.199149
3.2207377e-06,-0.195043
3.2207877e-06,-0.194044
3.2208377e-06,-0.198621
3.2208877e-06,-0.201007
3.2209377e-06,-0.195736
3.2209877e-06,-0.18966
3.2210377e-06,-0.192268
3.2210877e-06,-0.201729
3.2211377e-06,-0.208082
3.2211877e-06,-0.207222
3.2212377e-06,-0.203643
3.2212877e-06,-0.201313
3.2213377e-06,-0.198843
3.2213877e-06,-0.194654
3.2214377e-06,-0.191353
3.2214877e-06,-0.192657
3.2215377e-06,-0.1984
3.2215877e-06,-0.203809
3.2216377e-06,-0.203726
3.2216877e-06,-0.197068
3.2217377e-06,-0.18819
3.2217877e-06,-0.183501
3.2218377e-06,-0.186303
3.2218877e-06,-0.194072
3.2219377e-06,-0.200175
3.2219877e-06,-0.199287
3.2220377e-06,-0.192435
3.2220877e-06,-0.186775
3.2221377e-06,-0.188745
3.2221877e-06,-0.197234
3.2222377e-06,-0.204503
3.2222877e-06,-0.204503
3.2223377e-06,-0.198677
3.2223877e-06,-0.193128
3.2224377e-06,-0.191852
3.2224877e-06,-0.194072
3.2225377e-06,-0.197623
3.2225877e-06,-0.201118
3.2226377e-06,-0.2027
3.2226877e-06,-0.201118
3.2227377e-06,-0.198732
3.2227877e-06,-0.19987
3.2228377e-06,-0.204337
3.2228877e-06,-0.20639
3.2229377e-06,-0.201951
3.2229877e-06,-0.194543
3.2230377e-06,-0.191186
3.2230877e-06,-0.193961
3.2231377e-06,-0.198178
3.2231877e-06,-0.198871
3.2232377e-06,-0.195625
3.2232877e-06,-0.190909
3.2233377e-06,-0.186747
3.2233877e-06,-0.184611
3.2234377e-06,-0.185887
3.2234877e-06,-0.190604
3.2235377e-06,-0.196319
3.2235877e-06,-0.200342
3.2236377e-06,-0.201618
3.2236877e-06,-0.200369
3.2237377e-06,-0.19754
3.2237877e-06,-0.195209
3.2238377e-06,-0.196208
3.2238877e-06,-0.201313
3.2239377e-06,-0.206279
3.2239877e-06,-0.204503
3.2240377e-06,-0.195292
3.2240877e-06,-0.188051
3.2241377e-06,-0.19213
3.2241877e-06,-0.203837
3.2242377e-06,-0.209858
3.2242877e-06,-0.205169
3.2243377e-06,-0.198899
3.2243877e-06,-0.199093
3.2244377e-06,-0.200508
3.2244877e-06,-0.195154
3.2245377e-06,-0.188051
3.2245877e-06,-0.190548
3.2246377e-06,-0.200785
3.2246877e-06,-0.204059
3.2247377e-06,-0.194959
3.2247877e-06,-0.186331
3.2248377e-06,-0.190132
3.2248877e-06,-0.200064
3.2249377e-06,-0.202506
3.2249877e-06,-0.196707
3.2250377e-06,-0.192518
3.2250877e-06,-0.193128
3.2251377e-06,-0.191935
3.2251877e-06,-0.185388
3.2252377e-06,-0.179395
3.2252877e-06,-0.180034
3.2253377e-06,-0.185083
3.2253877e-06,-0.188301
3.2254377e-06,-0.187968
3.2254877e-06,-0.187691
3.2255377e-06,-0.190465
3.2255877e-06,-0.194848
3.2256377e-06,-0.197373
3.2256877e-06,-0.195903
3.2257377e-06,-0.190937
3.2257877e-06,-0.184944
3.2258377e-06,-0.181476
3.2258877e-06,-0.183224
3.2259377e-06,-0.18991
3.2259877e-06,-0.197234
3.2260377e-06,-0.199454
3.2260877e-06,-0.194682
3.2261377e-06,-0.1888
3.2261877e-06,-0.191103
3.2262377e-06,-0.202783
3.2262877e-06,-0.211994
3.2263377e-06,-0.206445
3.2263877e-06,-0.189133
3.2264377e-06,-0.175928
3.2264877e-06,-0.177592
3.2265377e-06,-0.189716
3.2265877e-06,-0.200674
3.2266377e-06,-0.204115
3.2266877e-06,-0.201507
3.2267377e-06,-0.196874
3.2267877e-06,-0.192546
3.2268377e-06,-0.189605
3.2268877e-06,-0.188939
3.2269377e-06,-0.190271
3.2269877e-06,-0.191381
3.2270377e-06,-0.190382
3.2270877e-06,-0.18844
3.2271377e-06,-0.188301
3.2271877e-06,-0.190215
3.2272377e-06,-0.191575
3.2272877e-06,-0.190992
3.2273377e-06,-0.19077
3.2273877e-06,-0.192462
3.2274377e-06,-0.19299
3.2274877e-06,-0.188884
3.2275377e-06,-0.182447
3.2275877e-06,-0.180144
3.2276377e-06,-0.184667
3.2276877e-06,-0.191991
3.2277377e-06,-0.196097
3.2277877e-06,-0.194294
3.2278377e-06,-0.1893
3.2278877e-06,-0.186942
3.2279377e-06,-0.190021
3.2279877e-06,-0.194127
3.2280377e-06,-0.193572
3.2280877e-06,-0.190409
3.2281377e-06,-0.191547
3.2281877e-06,-0.196874
3.2282377e-06,-0.198067
3.2282877e-06,-0.19127
3.2283377e-06,-0.183279
3.2283877e-06,-0.182281
3.2284377e-06,-0.188218
3.2284877e-06,-0.194682
3.2285377e-06,-0.195903
3.2285877e-06,-0.190826
3.2286377e-06,-0.183862
3.2286877e-06,-0.181726
3.2287377e-06,-0.18672
3.2287877e-06,-0.193434
3.2288377e-06,-0.195098
3.2288877e-06,-0.19213
3.2289377e-06,-0.191131
3.2289877e-06,-0.195708
3.2290377e-06,-0.201673
3.2290877e-06,-0.201479
3.2291377e-06,-0.193017
3.2291877e-06,-0.183612
3.2292377e-06,-0.184112
3.2292877e-06,-0.196458
3.2293377e-06,-0.208193
3.2293877e-06,-0.205141
3.2294377e-06,-0.189799
3.2294877e-06,-0.18045
3.2295377e-06,-0.189106
3.2295877e-06,-0.205391
3.2296377e-06,-0.208276
3.2296877e-06,-0.191658
3.2297377e-06,-0.171766
3.2297877e-06,-0.167216
3.2298377e-06,-0.178008
3.2298877e-06,-0.189716
3.2299377e-06,-0.194072
3.2299877e-06,-0.195459
3.2300377e-06,-0.198289
3.2300877e-06,-0.198732
3.2301377e-06,-0.192823
3.2301877e-06,-0.185499
3.2302377e-06,-0.18586
3.2302877e-06,-0.19557
3.2303377e-06,-0.206251
3.2303877e-06,-0.208137
3.2304377e-06,-0.200369
3.2304877e-06,-0.192019
3.2305377e-06,-0.19127
3.2305877e-06,-0.194571
3.2306377e-06,-0.191547
3.2306877e-06,-0.180783
3.2307377e-06,-0.174124
3.2307877e-06,-0.179867
3.2308377e-06,-0.189605
3.2308877e-06,-0.190299
3.2309377e-06,-0.183307
3.2309877e-06,-0.180977
3.2310377e-06,-0.187053
3.2310877e-06,-0.192407
3.2311377e-06,-0.191325
3.2311877e-06,-0.18991
3.2312377e-06,-0.194072
3.2312877e-06,-0.197928
3.2313377e-06,-0.192657
3.2313877e-06,-0.181116
3.2314377e-06,-0.175567
3.2314877e-06,-0.182059
3.2315377e-06,-0.194155
3.2315877e-06,-0.201562
3.2316377e-06,-0.200536
3.2316877e-06,-0.19507
3.2317377e-06,-0.190964
3.2317877e-06,-0.190715
3.2318377e-06,-0.192157
3.2318877e-06,-0.191908
3.2319377e-06,-0.189633
3.2319877e-06,-0.188884
3.2320377e-06,-0.192268
3.2320877e-06,-0.19704
3.2321377e-06,-0.197429
3.2321877e-06,-0.191769
3.2322377e-06,-0.185194
3.2322877e-06,-0.184001
3.2323377e-06,-0.187746
3.2323877e-06,-0.190299
3.2324377e-06,-0.188828
3.2324877e-06,-0.187718
3.2325377e-06,-0.190715
3.2325877e-06,-0.194127
3.2326377e-06,-0.192712
3.2326877e-06,-0.189244
3.2327377e-06,-0.191214
3.2327877e-06,-0.199065
3.2328377e-06,-0.203477
3.2328877e-06,-0.197429
3.2329377e-06,-0.186276
3.2329877e-06,-0.182003
3.2330377e-06,-0.188773
3.2330877e-06,-0.198122
3.2331377e-06,-0.198843
3.2331877e-06,-0.188301
3.2332377e-06,-0.174263
3.2332877e-06,-0.168159
3.2333377e-06,-0.17565
3.2333877e-06,-0.19077
3.2334377e-06,-0.199925
3.2334877e-06,-0.195847
3.2335377e-06,-0.186109
3.2335877e-06,-0.183418
3.2336377e-06,-0.189355
3.2336877e-06,-0.193905
3.2337377e-06,-0.190742
3.2337877e-06,-0.185305
3.2338377e-06,-0.185277
3.2338877e-06,-0.189993
3.2339377e-06,-0.193739
3.2339877e-06,-0.193988
3.2340377e-06,-0.191547
3.2340877e-06,-0.186914
3.2341377e-06,-0.181504
3.2341877e-06,-0.179784
3.2342377e-06,-0.185693
3.2342877e-06,-0.196652
3.2343377e-06,-0.204087
3.2343877e-06,-0.201368
3.2344377e-06,-0.191242
3.2344877e-06,-0.183696
3.2345377e-06,-0.184972
3.2345877e-06,-0.190132
3.2346377e-06,-0.190049
3.2346877e-06,-0.183834
3.2347377e-06,-0.180117
3.2347877e-06,-0.184778
3.2348377e-06,-0.192768
3.2348877e-06,-0.194543
3.2349377e-06,-0.188107
3.2349877e-06,-0.180921
3.2350377e-06,-0.179923
3.2350877e-06,-0.18414
3.2351377e-06,-0.188773
3.2351877e-06,-0.191602
3.2352377e-06,-0.192352
3.2352877e-06,-0.189771
3.2353377e-06,-0.184694
3.2353877e-06,-0.181504
3.2354377e-06,-0.182503
3.2354877e-06,-0.184611
3.2355377e-06,-0.186082
3.2355877e-06,-0.190326
3.2356377e-06,-0.197761
3.2356877e-06,-0.200869
3.2357377e-06,-0.19471
3.2357877e-06,-0.18672
3.2358377e-06,-0.187164
3.2358877e-06,-0.193655
3.2359377e-06,-0.194127
3.2359877e-06,-0.184029
3.2360377e-06,-0.173819
3.2360877e-06,-0.175373
3.2361377e-06,-0.186248
3.2361877e-06,-0.192712
3.2362377e-06,-0.187996
3.2362877e-06,-0.181337
3.2363377e-06,-0.184334
3.2363877e-06,-0.193933
3.2364377e-06,-0.196485
3.2364877e-06,-0.188051
3.2365377e-06,-0.180783
3.2365877e-06,-0.185305
3.2366377e-06,-0.195154
3.2366877e-06,-0.196263
3.2367377e-06,-0.18708
3.2367877e-06,-0.180339
3.2368377e-06,-0.185249
3.2368877e-06,-0.19593
3.2369377e-06,-0.199787
3.2369877e-06,-0.193017
3.2370377e-06,-0.183557
3.2370877e-06,-0.180561
3.2371377e-06,-0.18389
3.2371877e-06,-0.185471
3.2372377e-06,-0.179978
3.2372877e-06,-0.172071
3.2373377e-06,-0.171156
3.2373877e-06,-0.1802
3.2374377e-06,-0.192573
3.2374877e-06,-0.200231
3.2375377e-06,-0.201257
3.2375877e-06,-0.197872
3.2376377e-06,-0.191741
3.2376877e-06,-0.184861
3.2377377e-06,-0.181948
3.2377877e-06,-0.185832
3.2378377e-06,-0.191769
3.2378877e-06,-0.192712
3.2379377e-06,-0.189577
3.2379877e-06,-0.189244
3.2380377e-06,-0.193101
3.2380877e-06,-0.195348
3.2381377e-06,-0.193544
3.2381877e-06,-0.193267
3.2382377e-06,-0.197956
3.2382877e-06,-0.202034
3.2383377e-06,-0.198982
3.2383877e-06,-0.190659
3.2384377e-06,-0.183418
3.2384877e-06,-0.179146
3.2385377e-06,-0.175678
3.2385877e-06,-0.173209
3.2386377e-06,-0.173764
3.2386877e-06,-0.176843
3.2387377e-06,-0.180477
3.2387877e-06,-0.184639
3.2388377e-06,-0.189272
3.2388877e-06,-0.190715
3.2389377e-06,-0.185
3.2389877e-06,-0.174235
3.2390377e-06,-0.166079
3.2390877e-06,-0.166966
3.2391377e-06,-0.176621
3.2391877e-06,-0.187802
3.2392377e-06,-0.19188
3.2392877e-06,-0.186137
3.2393377e-06,-0.17626
3.2393877e-06,-0.17085
3.2394377e-06,-0.17368
3.2394877e-06,-0.182336
3.2395377e-06,-0.191991
3.2395877e-06,-0.198261
3.2396377e-06,-0.199398
3.2396877e-06,-0.197401
3.2397377e-06,-0.195708
3.2397877e-06,-0.194349
3.2398377e-06,-0.19102
3.2398877e-06,-0.187136
3.2399377e-06,-0.187219
3.2399877e-06,-0.191048
3.2400377e-06,-0.192407
3.2400877e-06,-0.188273
3.2401377e-06,-0.183668
3.2401877e-06,-0.184694
3.2402377e-06,-0.19016
3.2402877e-06,-0.193461
3.2403377e-06,-0.190881
3.2403877e-06,-0.185499
3.2404377e-06,-0.182614
3.2404877e-06,-0.182503
3.2405377e-06,-0.180172
3.2405877e-06,-0.17332
3.2406377e-06,-0.168076
3.2406877e-06,-0.172099
3.2407377e-06,-0.182281
3.2407877e-06,-0.185887
3.2408377e-06,-0.177093
3.2408877e-06,-0.166606
3.2409377e-06,-0.168881
3.2409877e-06,-0.183612
3.2410377e-06,-0.197234
3.2410877e-06,-0.199842
3.2411377e-06,-0.193905
3.2411877e-06,-0.187191
3.2412377e-06,-0.183973
3.2412877e-06,-0.184278
3.2413377e-06,-0.185998
3.2413877e-06,-0.185943
3.2414377e-06,-0.182586
3.2414877e-06,-0.17934
3.2415377e-06,-0.181865
3.2415877e-06,-0.189383
3.2416377e-06,-0.192462
3.2416877e-06,-0.184389
3.2417377e-06,-0.172238
3.2417877e-06,-0.169907
3.2418377e-06,-0.180172
3.2418877e-06,-0.190853
3.2419377e-06,-0.19102
3.2419877e-06,-0.184944
3.2420377e-06,-0.184417
3.2420877e-06,-0.191103
3.2421377e-06,-0.194571
3.2421877e-06,-0.188301
3.2422377e-06,-0.17934
3.2422877e-06,-0.178563
3.2423377e-06,-0.186498
3.2423877e-06,-0.194155
3.2424377e-06,-0.195043
3.2424877e-06,-0.190742
3.2425377e-06,-0.186026
3.2425877e-06,-0.18364
3.2426377e-06,-0.183668
3.2426877e-06,-0.184029
3.2427377e-06,-0.181726
3.2427877e-06,-0.176621
3.2428377e-06,-0.174013
3.2428877e-06,-0.178369
3.2429377e-06,-0.184361
3.2429877e-06,-0.181254
3.2430377e-06,-0.169241
3.2430877e-06,-0.162694
3.2431377e-06,-0.171294
3.2431877e-06,-0.184916
3.2432377e-06,-0.186387
3.2432877e-06,-0.174596
3.2433377e-06,-0.166023
3.2433877e-06,-0.172765
3.2434377e-06,-0.186831
3.2434877e-06,-0.190299
3.2435377e-06,-0.177176
3.2435877e-06,-0.160863
3.2436377e-06,-0.158255
3.2436877e-06,-0.170185
3.2437377e-06,-0.182114
3.2437877e-06,-0.182752
3.2438377e-06,-0.176149
3.2438877e-06,-0.17282
3.2439377e-06,-0.175262
3.2439877e-06,-0.178202
3.2440377e-06,-0.179923
3.2440877e-06,-0.184001
3.2441377e-06,-0.189855
3.2441877e-06,-0.190604
3.2442377e-06,-0.183945
3.2442877e-06,-0.177814
3.2443377e-06,-0.179562
3.2443877e-06,-0.185
3.2444377e-06,-0.184889
3.2444877e-06,-0.178064
3.2445377e-06,-0.172154
3.2445877e-06,-0.172349
3.2446377e-06,-0.1759
3.2446877e-06,-0.178313
3.2447377e-06,-0.180172
3.2447877e-06,-0.184417
3.2448377e-06,-0.189605
3.2448877e-06,-0.189466
3.2449377e-06,-0.1802
3.2449877e-06,-0.166911
3.2450377e-06,-0.161335
3.2450877e-06,-0.170351
3.2451377e-06,-0.186914
3.2451877e-06,-0.195292
3.2452377e-06,-0.187663
3.2452877e-06,-0.173458
3.2453377e-06,-0.16938
3.2453877e-06,-0.180117
3.2454377e-06,-0.193905
3.2454877e-06,-0.197983
3.2455377e-06,-0.192435
3.2455877e-06,-0.185443
3.2456377e-06,-0.180644
3.2456877e-06,-0.176205
3.2457377e-06,-0.172293
3.2457877e-06,-0.172043
3.2458377e-06,-0.175206
3.2458877e-06,-0.176732
3.2459377e-06,-0.17307
3.2459877e-06,-0.167105
3.2460377e-06,-0.16483
3.2460877e-06,-0.167771
3.2461377e-06,-0.171045
3.2461877e-06,-0.170323
3.2462377e-06,-0.168104
3.2462877e-06,-0.170046
3.2463377e-06,-0.175872
3.2463877e-06,-0.178424
3.2464377e-06,-0.173125
3.2464877e-06,-0.165135
3.2465377e-06,-0.163637
3.2465877e-06,-0.169547
3.2466377e-06,-0.174318
3.2466877e-06,-0.17221
3.2467377e-06,-0.168381
3.2467877e-06,-0.170545
3.2468377e-06,-0.177731
3.2468877e-06,-0.182697
3.2469377e-06,-0.18217
3.2469877e-06,-0.178175
3.2470377e-06,-0.172404
3.2470877e-06,-0.16655
3.2471377e-06,-0.16619
3.2471877e-06,-0.175373
3.2472377e-06,-0.187191
3.2472877e-06,-0.187857
3.2473377e-06,-0.174457
3.2473877e-06,-0.16225
3.2474377e-06,-0.167355
3.2474877e-06,-0.185998
3.2475377e-06,-0.198705
3.2475877e-06,-0.194294
3.2476377e-06,-0.181615
3.2476877e-06,-0.175428
3.2477377e-06,-0.178091
3.2477877e-06,-0.18106
3.2478377e-06,-0.179173
3.2478877e-06,-0.175817
3.2479377e-06,-0.175012
3.2479877e-06,-0.175345
3.2480377e-06,-0.174124
3.2480877e-06,-0.172793
3.2481377e-06,-0.174291
3.2481877e-06,-0.178202
3.2482377e-06,-0.181587
3.2482877e-06,-0.182558
3.2483377e-06,-0.180588
3.2483877e-06,-0.175928
3.2484377e-06,-0.171516
3.2484877e-06,-0.1716
3.2485377e-06,-0.175234
3.2485877e-06,-0.175678
3.2486377e-06,-0.170961
3.2486877e-06,-0.16938
3.2487377e-06,-0.178813
3.2487877e-06,-0.193628
3.2488377e-06,-0.19987
3.2488877e-06,-0.192768
3.2489377e-06,-0.182392
3.2489877e-06,-0.179978
3.2490377e-06,-0.184278
3.2490877e-06,-0.185277
3.2491377e-06,-0.178202
3.2491877e-06,-0.168381
3.2492377e-06,-0.16361
3.2492877e-06,-0.166273
3.2493377e-06,-0.172903
3.2493877e-06,-0.177481
3.2494377e-06,-0.175262
3.2494877e-06,-0.167743
3.2495377e-06,-0.163415
3.2495877e-06,-0.170185
3.2496377e-06,-0.185222
3.2496877e-06,-0.195958
3.2497377e-06,-0.193156
3.2497877e-06,-0.181587
3.2498377e-06,-0.174818
3.2498877e-06,-0.179479
3.2499377e-06,-0.18758
3.2499877e-06,-0.187164
3.2500377e-06,-0.177564
3.2500877e-06,-0.169824
3.2501377e-06,-0.171072
3.2501877e-06,-0.175151
3.2502377e-06,-0.172959
3.2502877e-06,-0.167993
3.2503377e-06,-0.172071
3.2503877e-06,-0.18561
3.2504377e-06,-0.192684
3.2504877e-06,-0.181448
3.2505377e-06,-0.161862
3.2505877e-06,-0.154565
3.2506377e-06,-0.165274
3.2506877e-06,-0.179506
3.2507377e-06,-0.182669
3.2507877e-06,-0.175928
3.2508377e-06,-0.169713
3.2508877e-06,-0.169158
3.2509377e-06,-0.170712
3.2509877e-06,-0.170046
3.2510377e-06,-0.167771
3.2510877e-06,-0.167133
3.2511377e-06,-0.16938
3.2511877e-06,-0.172404
3.2512377e-06,-0.173514
3.2512877e-06,-0.172654
3.2513377e-06,-0.172182
3.2513877e-06,-0.173902
3.2514377e-06,-0.17676
3.2514877e-06,-0.178563
3.2515377e-06,-0.178702
3.2515877e-06,-0.178785
3.2516377e-06,-0.180255
3.2516877e-06,-0.182087
3.2517377e-06,-0.181587
3.2517877e-06,-0.178008
3.2518377e-06,-0.174318
3.2518877e-06,-0.174402
3.2519377e-06,-0.178313
3.2519877e-06,-0.181865
3.2520377e-06,-0.182308
3.2520877e-06,-0.182697
3.2521377e-06,-0.186775
3.2521877e-06,-0.191297
3.2522377e-06,-0.188412
3.2522877e-06,-0.17823
3.2523377e-06,-0.172487
3.2523877e-06,-0.179284
3.2524377e-06,-0.189217
3.2524877e-06,-0.18622
3.2525377e-06,-0.17085
3.2525877e-06,-0.161002
3.2526377e-06,-0.16766
3.2526877e-06,-0.180366
3.2527377e-06,-0.182558
3.2527877e-06,-0.173764
3.2528377e-06,-0.16766
3.2528877e-06,-0.171128
3.2529377e-06,-0.175206
3.2529877e-06,-0.170906
3.2530377e-06,-0.164581
3.2530877e-06,-0.168853
3.2531377e-06,-0.182863
3.2531877e-06,-0.192601
3.2532377e-06,-0.190132
3.2532877e-06,-0.182641
3.2533377e-06,-0.179701
3.2533877e-06,-0.180727
3.2534377e-06,-0.180394
3.2534877e-06,-0.179007
3.2535377e-06,-0.180699
3.2535877e-06,-0.18475
3.2536377e-06,-0.185998
3.2536877e-06,-0.182752
3.2537377e-06,-0.179728
3.2537877e-06,-0.180949
3.2538377e-06,-0.183834
3.2538877e-06,-0.182503
3.2539377e-06,-0.175733
3.2539877e-06,-0.169214
3.2540377e-06,-0.168936
3.2540877e-06,-0.173847
3.2541377e-06,-0.177037
3.2541877e-06,-0.17418
3.2542377e-06,-0.169685
3.2542877e-06,-0.171461
3.2543377e-06,-0.179923
3.2543877e-06,-0.18586
3.2544377e-06,-0.182419
3.2544877e-06,-0.175345
3.2545377e-06,-0.17479
3.2545877e-06,-0.179451
3.2546377e-06,-0.178535
3.2546877e-06,-0.16999
3.2547377e-06,-0.164913
3.2547877e-06,-0.170351
3.2548377e-06,-0.178369
3.2548877e-06,-0.178674
3.2549377e-06,-0.174013
3.2549877e-06,-0.174374
3.2550377e-06,-0.18045
3.2550877e-06,-0.181865
3.2551377e-06,-0.173153
3.2551877e-06,-0.163388
3.2552377e-06,-0.164664
3.2552877e-06,-0.175067
3.2553377e-06,-0.181032
3.2553877e-06,-0.176094
3.2554377e-06,-0.167965
3.2554877e-06,-0.165441
3.2555377e-06,-0.16705
3.2555877e-06,-0.167577
3.2556377e-06,-0.167882
3.2556877e-06,-0.170961
3.2557377e-06,-0.17332
3.2557877e-06,-0.169436
3.2558377e-06,-0.162944
3.2558877e-06,-0.164359
3.2559377e-06,-0.175817
3.2559877e-06,-0.186165
3.2560377e-06,-0.185055
3.2560877e-06,-0.176094
3.2561377e-06,-0.169547
3.2561877e-06,-0.167965
3.2562377e-06,-0.1668
3.2562877e-06,-0.166689
3.2563377e-06,-0.173569
3.2563877e-06,-0.186109
3.2564377e-06,-0.193489
3.2564877e-06,-0.189411
3.2565377e-06,-0.180311
3.2565877e-06,-0.174457
3.2566377e-06,-0.172154
3.2566877e-06,-0.171294
3.2567377e-06,-0.174041
3.2567877e-06,-0.180255
3.2568377e-06,-0.182281
3.2568877e-06,-0.176149
3.2569377e-06,-0.170268
3.2569877e-06,-0.173153
3.2570377e-06,-0.178397
3.2570877e-06,-0.174318
3.2571377e-06,-0.163859
3.2571877e-06,-0.162139
3.2572377e-06,-0.174651
3.2572877e-06,-0.189217
3.2573377e-06,-0.19163
3.2573877e-06,-0.181365
3.2574377e-06,-0.169769
3.2574877e-06,-0.166994
3.2575377e-06,-0.172793
3.2575877e-06,-0.178813
3.2576377e-06,-0.178064
3.2576877e-06,-0.171877
3.2577377e-06,-0.166661
3.2577877e-06,-0.16619
3.2578377e-06,-0.169769
3.2578877e-06,-0.174568
3.2579377e-06,-0.176621
3.2579877e-06,-0.172265
3.2580377e-06,-0.162805
3.2580877e-06,-0.155314
3.2581377e-06,-0.155148
3.2581877e-06,-0.160114
3.2582377e-06,-0.164802
3.2582877e-06,-0.167577
3.2583377e-06,-0.17049
3.2583877e-06,-0.173764
3.2584377e-06,-0.173958
3.2584877e-06,-0.168298
3.2585377e-06,-0.15942
3.2585877e-06,-0.154926
3.2586377e-06,-0.159975
3.2586877e-06,-0.170518
3.2587377e-06,-0.176344
3.2587877e-06,-0.172931
3.2588377e-06,-0.167716
3.2588877e-06,-0.17049
3.2589377e-06,-0.179479
3.2589877e-06,-0.183668
3.2590377e-06,-0.179229
3.2590877e-06,-0.175317
3.2591377e-06,-0.179395
3.2591877e-06,-0.184722
3.2592377e-06,-0.18081
3.2592877e-06,-0.170518
3.2593377e-06,-0.166273
3.2593877e-06,-0.170767
3.2594377e-06,-0.173791
3.2594877e-06,-0.169103
3.2595377e-06,-0.163554
3.2595877e-06,-0.165635
3.2596377e-06,-0.172931
3.2596877e-06,-0.177204
3.2597377e-06,-0.175761
3.2597877e-06,-0.172543
3.2598377e-06,-0.171267
3.2598877e-06,-0.172154
3.2599377e-06,-0.173958
3.2599877e-06,-0.176427
3.2600377e-06,-0.179645
3.2600877e-06,-0.181643
3.2601377e-06,-0.178924
3.2601877e-06,-0.170989
3.2602377e-06,-0.163804
3.2602877e-06,-0.16447
3.2603377e-06,-0.171849
3.2603877e-06,-0.177037
3.2604377e-06,-0.174818
3.2604877e-06,-0.16913
3.2605377e-06,-0.165302
3.2605877e-06,-0.162999
3.2606377e-06,-0.160946
3.2606877e-06,-0.162111
3.2607377e-06,-0.168797
3.2607877e-06,-0.177093
3.2608377e-06,-0.180977
3.2608877e-06,-0.178619
3.2609377e-06,-0.172654
3.2609877e-06,-0.167077
3.2610377e-06,-0.166106
3.2610877e-06,-0.171294
3.2611377e-06,-0.178175
3.2611877e-06,-0.179839
3.2612377e-06,-0.175484
3.2612877e-06,-0.170878
3.2613377e-06,-0.169019
3.2613877e-06,-0.166495
3.2614377e-06,-0.161501
3.2614877e-06,-0.159698
3.2615377e-06,-0.166217
3.2615877e-06,-0.176344
3.2616377e-06,-0.179701
3.2616877e-06,-0.174041
3.2617377e-06,-0.168187
3.2617877e-06,-0.16913
3.2618377e-06,-0.172349
3.2618877e-06,-0.169824
3.2619377e-06,-0.164109
3.2619877e-06,-0.165801
3.2620377e-06,-0.17762
3.2620877e-06,-0.188967
3.2621377e-06,-0.18905
3.2621877e-06,-0.179395
3.2622377e-06,-0.16963
3.2622877e-06,-0.165441
3.2623377e-06,-0.164913
3.2623877e-06,-0.164802
3.2624377e-06,-0.165857
3.2624877e-06,-0.170212
3.2625377e-06,-0.176177
3.2625877e-06,-0.17873
3.2626377e-06,-0.175567
3.2626877e-06,-0.170906
3.2627377e-06,-0.171128
3.2627877e-06,-0.176371
3.2628377e-06,-0.179562
3.2628877e-06,-0.175151
3.2629377e-06,-0.166412
3.2629877e-06,-0.161113
3.2630377e-06,-0.162084
3.2630877e-06,-0.165357
3.2631377e-06,-0.16705
3.2631877e-06,-0.16741
3.2632377e-06,-0.168076
3.2632877e-06,-0.16827
3.2633377e-06,-0.166301
3.2633877e-06,-0.163526
3.2634377e-06,-0.164359
3.2634877e-06,-0.171461
3.2635377e-06,-0.181587
3.2635877e-06,-0.188162
3.2636377e-06,-0.187607
3.2636877e-06,-0.182225
3.2637377e-06,-0.17712
3.2637877e-06,-0.175373
3.2638377e-06,-0.176038
3.2638877e-06,-0.176455
3.2639377e-06,-0.175511
3.2639877e-06,-0.174429
3.2640377e-06,-0.17418
3.2640877e-06,-0.174568
3.2641377e-06,-0.175428
3.2641877e-06,-0.176954
3.2642377e-06,-0.178424
3.2642877e-06,-0.178119
3.2643377e-06,-0.174291
3.2643877e-06,-0.1668
3.2644377e-06,-0.158865
3.2644877e-06,-0.156729
3.2645377e-06,-0.163443
3.2645877e-06,-0.172959
3.2646377e-06,-0.174291
3.2646877e-06,-0.164802
3.2647377e-06,-0.155203
3.2647877e-06,-0.157534
3.2648377e-06,-0.170296
3.2648877e-06,-0.179784
3.2649377e-06,-0.177037
3.2649877e-06,-0.168603
3.2650377e-06,-0.16741
3.2650877e-06,-0.1759
3.2651377e-06,-0.184029
3.2651877e-06,-0.183196
3.2652377e-06,-0.176122
3.2652877e-06,-0.171211
3.2653377e-06,-0.172293
3.2653877e-06,-0.176732
3.2654377e-06,-0.180339
3.2654877e-06,-0.180755
3.2655377e-06,-0.177731
3.2655877e-06,-0.173486
3.2656377e-06,-0.172265
3.2656877e-06,-0.176677
3.2657377e-06,-0.183335
3.2657877e-06,-0.18475
3.2658377e-06,-0.178508
3.2658877e-06,-0.172127
3.2659377e-06,-0.174929
3.2659877e-06,-0.185222
3.2660377e-06,-0.191602
3.2660877e-06,-0.187302
3.2661377e-06,-0.177953
3.2661877e-06,-0.172876
3.2662377e-06,-0.17418
3.2662877e-06,-0.177426
3.2663377e-06,-0.178896
3.2663877e-06,-0.177426
3.2664377e-06,-0.17307
3.2664877e-06,-0.167743
3.2665377e-06,-0.165357
3.2665877e-06,-0.168021
3.2666377e-06,-0.173625
3.2666877e-06,-0.178508
3.2667377e-06,-0.180866
3.2667877e-06,-0.180034
3.2668377e-06,-0.176649
3.2668877e-06,-0.173958
3.2669377e-06,-0.1759
3.2669877e-06,-0.181226
3.2670377e-06,-0.183557
3.2670877e-06,-0.178702
3.2671377e-06,-0.170046
3.2671877e-06,-0.165357
3.2672377e-06,-0.169241
3.2672877e-06,-0.179257
3.2673377e-06,-0.187802
3.2673877e-06,-0.187663
3.2674377e-06,-0.17823
3.2674877e-06,-0.167438
3.2675377e-06,-0.165163
3.2675877e-06,-0.172793
3.2676377e-06,-0.181615
3.2676877e-06,-0.183945
3.2677377e-06,-0.182197
3.2677877e-06,-0.183279
3.2678377e-06,-0.186359
3.2678877e-06,-0.183807
3.2679377e-06,-0.17454
3.2679877e-06,-0.168465
3.2680377e-06,-0.173708
3.2680877e-06,-0.18414
3.2681377e-06,-0.185971
3.2681877e-06,-0.174762
3.2682377e-06,-0.16078
3.2682877e-06,-0.156174
3.2683377e-06,-0.161529
3.2683877e-06,-0.168104
3.2684377e-06,-0.169741
3.2684877e-06,-0.167965
3.2685377e-06,-0.166273
3.2685877e-06,-0.16569
3.2686377e-06,-0.166883
3.2686877e-06,-0.171128
3.2687377e-06,-0.176371
3.2687877e-06,-0.177176
3.2688377e-06,-0.171489
3.2688877e-06,-0.164581
3.2689377e-06,-0.16286
3.2689877e-06,-0.165607
3.2690377e-06,-0.165884
3.2690877e-06,-0.160197
3.2691377e-06,-0.154288
3.2691877e-06,-0.156896
3.2692377e-06,-0.167882
3.2692877e-06,-0.176066
3.2693377e-06,-0.172099
3.2693877e-06,-0.160031
3.2694377e-06,-0.152734
3.2694877e-06,-0.156812
3.2695377e-06,-0.166495
3.2695877e-06,-0.171766
3.2696377e-06,-0.169408
3.2696877e-06,-0.164275
3.2697377e-06,-0.162999
3.2697877e-06,-0.166634
3.2698377e-06,-0.170379
3.2698877e-06,-0.170323
3.2699377e-06,-0.168659
3.2699877e-06,-0.169574
3.2700377e-06,-0.17196
3.2700877e-06,-0.170518
3.2701377e-06,-0.163915
3.2701877e-06,-0.157395
3.2702377e-06,-0.15623
3.2702877e-06,-0.160086
3.2703377e-06,-0.16483
3.2703877e-06,-0.167327
3.2704377e-06,-0.167133
3.2704877e-06,-0.165773
3.2705377e-06,-0.165441
3.2705877e-06,-0.167272
3.2706377e-06,-0.169713
3.2706877e-06,-0.169935
3.2707377e-06,-0.167299
3.2707877e-06,-0.164081
3.2708377e-06,-0.163027
3.2708877e-06,-0.164719
3.2709377e-06,-0.167438
3.2709877e-06,-0.168908
3.2710377e-06,-0.168465
3.2710877e-06,-0.167521
3.2711377e-06,-0.167716
3.2711877e-06,-0.168159
3.2712377e-06,-0.166384
3.2712877e-06,-0.162056
3.2713377e-06,-0.15906
3.2713877e-06,-0.161335
3.2714377e-06,-0.167743
3.2714877e-06,-0.172404
3.2715377e-06,-0.171045
3.2715877e-06,-0.165357
3.2716377e-06,-0.160031
3.2716877e-06,-0.156923
3.2717377e-06,-0.154454
3.2717877e-06,-0.152124
3.2718377e-06,-0.152429
3.2718877e-06,-0.156896
3.2719377e-06,-0.162916
3.2719877e-06,-0.166578
3.2720377e-06,-0.167605
3.2720877e-06,-0.169241
3.2721377e-06,-0.172765
3.2721877e-06,-0.174291
3.2722377e-06,-0.169269
3.2722877e-06,-0.15967
3.2723377e-06,-0.154121
3.2723877e-06,-0.159809
3.2724377e-06,-0.174207
3.2724877e-06,-0.18536
3.2725377e-06,-0.18131
3.2725877e-06,-0.162444
3.2726377e-06,-0.144161
3.2726877e-06,-0.143662
3.2727377e-06,-0.161529
3.2727877e-06,-0.179978
3.2728377e-06,-0.18192
3.2728877e-06,-0.168326
3.2729377e-06,-0.154676
3.2729877e-06,-0.153983
3.2730377e-06,-0.165468
3.2730877e-06,-0.177176
3.2731377e-06,-0.177592
3.2731877e-06,-0.167327
3.2732377e-06,-0.158921
3.2732877e-06,-0.162028
3.2733377e-06,-0.171156
3.2733877e-06,-0.173514
3.2734377e-06,-0.167438
3.2734877e-06,-0.163887
3.2735377e-06,-0.169214
3.2735877e-06,-0.175678
3.2736377e-06,-0.174263
3.2736877e-06,-0.16791
3.2737377e-06,-0.164941
3.2737877e-06,-0.165191
3.2738377e-06,-0.1625
3.2738877e-06,-0.157645
3.2739377e-06,-0.158893
3.2739877e-06,-0.168354
3.2740377e-06,-0.176122
3.2740877e-06,-0.173042
3.2741377e-06,-0.163693
3.2741877e-06,-0.16053
3.2742377e-06,-0.167188
3.2742877e-06,-0.174762
3.2743377e-06,-0.1754
3.2743877e-06,-0.17221
3.2744377e-06,-0.172376
3.2744877e-06,-0.175539
3.2745377e-06,-0.175067
3.2745877e-06,-0.169047
3.2746377e-06,-0.164137
3.2746877e-06,-0.167299
3.2747377e-06,-0.176871
3.2747877e-06,-0.183945
3.2748377e-06,-0.181781
3.2748877e-06,-0.172571
3.2749377e-06,-0.164719
3.2749877e-06,-0.16372
3.2750377e-06,-0.167854
3.2750877e-06,-0.17307
3.2751377e-06,-0.178508
3.2751877e-06,-0.184445
3.2752377e-06,-0.188384
3.2752877e-06,-0.187025
3.2753377e-06,-0.18131
3.2753877e-06,-0.175817
3.2754377e-06,-0.172487
3.2754877e-06,-0.168631
3.2755377e-06,-0.162333
3.2755877e-06,-0.158089
3.2756377e-06,-0.16164
3.2756877e-06,-0.170185
3.2757377e-06,-0.172959
3.2757877e-06,-0.164997
3.2758377e-06,-0.154704
3.2758877e-06,-0.152984
3.2759377e-06,-0.159642
3.2759877e-06,-0.166162
3.2760377e-06,-0.167799
3.2760877e-06,-0.167105
3.2761377e-06,-0.167244
3.2761877e-06,-0.167355
3.2762377e-06,-0.164802
3.2762877e-06,-0.159337
3.2763377e-06,-0.154954
3.2763877e-06,-0.156923
3.2764377e-06,-0.165135
3.2764877e-06,-0.172376
3.2765377e-06,-0.172737
3.2765877e-06,-0.169907
3.2766377e-06,-0.1716
3.2766877e-06,-0.177065
3.2767377e-06,-0.177981
3.2767877e-06,-0.172432
3.2768377e-06,-0.168548
3.2768877e-06,-0.171211
3.2769377e-06,-0.173153
3.2769877e-06,-0.165524
3.2770377e-06,-0.152512
3.2770877e-06,-0.147796
3.2771377e-06,-0.15734
3.2771877e-06,-0.172515
3.2772377e-06,-0.180755
3.2772877e-06,-0.178202
3.2773377e-06,-0.169713
3.2773877e-06,-0.162111
3.2774377e-06,-0.159448
3.2774877e-06,-0.162195
3.2775377e-06,-0.167355
3.2775877e-06,-0.170629
3.2776377e-06,-0.169574
3.2776877e-06,-0.164581
3.2777377e-06,-0.158588
3.2777877e-06,-0.156396
3.2778377e-06,-0.161446
3.2778877e-06,-0.169796
3.2779377e-06,-0.171849
3.2779877e-06,-0.163804
3.2780377e-06,-0.155453
3.2780877e-06,-0.159587
3.2781377e-06,-0.175178
3.2781877e-06,-0.186498
3.2782377e-06,-0.181754
3.2782877e-06,-0.166966
3.2783377e-06,-0.157284
3.2783877e-06,-0.158588
3.2784377e-06,-0.163637
3.2784877e-06,-0.164581
3.2785377e-06,-0.162084
3.2785877e-06,-0.160502
3.2786377e-06,-0.160585
3.2786877e-06,-0.160724
3.2787377e-06,-0.160835
3.2787877e-06,-0.161335
3.2788377e-06,-0.161501
3.2788877e-06,-0.161224
3.2789377e-06,-0.162195
3.2789877e-06,-0.164525
3.2790377e-06,-0.165385
3.2790877e-06,-0.163831
3.2791377e-06,-0.162944
3.2791877e-06,-0.164525
3.2792377e-06,-0.165135
3.2792877e-06,-0.162056
3.2793377e-06,-0.159115
3.2793877e-06,-0.16028
3.2794377e-06,-0.161806
3.2794877e-06,-0.157423
3.2795377e-06,-0.149738
3.2795877e-06,-0.148323
3.2796377e-06,-0.156674
3.2796877e-06,-0.167993
3.2797377e-06,-0.173902
3.2797877e-06,-0.172487
3.2798377e-06,-0.167549
3.2798877e-06,-0.163859
3.2799377e-06,-0.16422
3.2799877e-06,-0.167854
3.2800377e-06,-0.170434
3.2800877e-06,-0.168021
3.2801377e-06,-0.161612
3.2801877e-06,-0.156618
3.2802377e-06,-0.157645
3.2802877e-06,-0.164775
3.2803377e-06,-0.174596
3.2803877e-06,-0.18217
3.2804377e-06,-0.182586
3.2804877e-06,-0.174402
3.2805377e-06,-0.162833
3.2805877e-06,-0.156285
3.2806377e-06,-0.158116
3.2806877e-06,-0.163221
3.2807377e-06,-0.164719
3.2807877e-06,-0.161612
3.2808377e-06,-0.158227
3.2808877e-06,-0.157894
3.2809377e-06,-0.159864
3.2809877e-06,-0.162638
3.2810377e-06,-0.166412
3.2810877e-06,-0.170323
3.2811377e-06,-0.171738
3.2811877e-06,-0.170323
3.2812377e-06,-0.169907
3.2812877e-06,-0.171822
3.2813377e-06,-0.17074
3.2813877e-06,-0.162777
3.2814377e-06,-0.154898
3.2814877e-06,-0.157978
3.2815377e-06,-0.170268
3.2815877e-06,-0.17676
3.2816377e-06,-0.168409
3.2816877e-06,-0.155398
3.2817377e-06,-0.154177
3.2817877e-06,-0.16533
3.2818377e-06,-0.172903
3.2818877e-06,-0.166495
3.2819377e-06,-0.154732
3.2819877e-06,-0.151597
3.2820377e-06,-0.157645
3.2820877e-06,-0.163499
3.2821377e-06,-0.165607
3.2821877e-06,-0.16827
3.2822377e-06,-0.172071
3.2822877e-06,-0.171655
3.2823377e-06,-0.16533
3.2823877e-06,-0.159559
3.2824377e-06,-0.160364
3.2824877e-06,-0.166245
3.2825377e-06,-0.170906
3.2825877e-06,-0.170212
3.2826377e-06,-0.164664
3.2826877e-06,-0.158505
3.2827377e-06,-0.157256
3.2827877e-06,-0.162666
3.2828377e-06,-0.16877
3.2828877e-06,-0.167632
3.2829377e-06,-0.160058
3.2829877e-06,-0.155647
3.2830377e-06,-0.159947
3.2830877e-06,-0.167355
3.2831377e-06,-0.170101
3.2831877e-06,-0.169047
3.2832377e-06,-0.170185
3.2832877e-06,-0.174207
3.2833377e-06,-0.175234
3.2833877e-06,-0.169852
3.2834377e-06,-0.162611
3.2834877e-06,-0.160502
3.2835377e-06,-0.163887
3.2835877e-06,-0.166578
3.2836377e-06,-0.165108
3.2836877e-06,-0.163443
3.2837377e-06,-0.166384
3.2837877e-06,-0.172848
3.2838377e-06,-0.178091
3.2838877e-06,-0.179146
3.2839377e-06,-0.174818
3.2839877e-06,-0.165163
3.2840377e-06,-0.155287
3.2840877e-06,-0.154593
3.2841377e-06,-0.165163
3.2841877e-06,-0.174735
3.2842377e-06,-0.169907
3.2842877e-06,-0.155259
3.2843377e-06,-0.149488
3.2843877e-06,-0.160142
3.2844377e-06,-0.172404
3.2844877e-06,-0.169547
3.2845377e-06,-0.156785
3.2845877e-06,-0.152512
3.2846377e-06,-0.160114
3.2846877e-06,-0.16372
3.2847377e-06,-0.154759
3.2847877e-06,-0.147075
3.2848377e-06,-0.155508
3.2848877e-06,-0.171405
3.2849377e-06,-0.173847
3.2849877e-06,-0.159531
3.2850377e-06,-0.147796
3.2850877e-06,-0.15451
3.2851377e-06,-0.171877
3.2851877e-06,-0.179701
3.2852377e-06,-0.170795
3.2852877e-06,-0.157756
3.2853377e-06,-0.154732
3.2853877e-06,-0.16053
3.2854377e-06,-0.164109
3.2854877e-06,-0.160918
3.2855377e-06,-0.156729
3.2855877e-06,-0.157312
3.2856377e-06,-0.161113
3.2856877e-06,-0.163249
3.2857377e-06,-0.162555
3.2857877e-06,-0.161584
3.2858377e-06,-0.162
3.2858877e-06,-0.16286
3.2859377e-06,-0.162722
3.2859877e-06,-0.161667
3.2860377e-06,-0.160752
3.2860877e-06,-0.161362
3.2861377e-06,-0.16397
3.2861877e-06,-0.166744
3.2862377e-06,-0.16619
3.2862877e-06,-0.161667
3.2863377e-06,-0.157867
3.2863877e-06,-0.159309
3.2864377e-06,-0.163055
3.2864877e-06,-0.161917
3.2865377e-06,-0.155675
3.2865877e-06,-0.152706
3.2866377e-06,-0.157229
3.2866877e-06,-0.161335
3.2867377e-06,-0.155592
3.2867877e-06,-0.143523
3.2868377e-06,-0.137975
3.2868877e-06,-0.1448
3.2869377e-06,-0.156174
3.2869877e-06,-0.161362
3.2870377e-06,-0.158921
3.2870877e-06,-0.155841
3.2871377e-06,-0.157589
3.2871877e-06,-0.162666
3.2872377e-06,-0.165663
3.2872877e-06,-0.16372
3.2873377e-06,-0.159393
3.2873877e-06,-0.157811
3.2874377e-06,-0.161557
3.2874877e-06,-0.168354
3.2875377e-06,-0.173569
3.2875877e-06,-0.17418
3.2876377e-06,-0.17074
3.2876877e-06,-0.166273
3.2877377e-06,-0.163415
3.2877877e-06,-0.162999
3.2878377e-06,-0.164414
3.2878877e-06,-0.166717
3.2879377e-06,-0.168992
3.2879877e-06,-0.169907
3.2880377e-06,-0.167799
3.2880877e-06,-0.162111
3.2881377e-06,-0.154954
3.2881877e-06,-0.150126
3.2882377e-06,-0.149599
3.2882877e-06,-0.151957
3.2883377e-06,-0.154537
3.2883877e-06,-0.157256
3.2884377e-06,-0.161557
3.2884877e-06,-0.166106
3.2885377e-06,-0.166855
3.2885877e-06,-0.162583
3.2886377e-06,-0.158255
3.2886877e-06,-0.159448
3.2887377e-06,-0.164386
3.2887877e-06,-0.165441
3.2888377e-06,-0.159004
3.2888877e-06,-0.151208
3.2889377e-06,-0.150598
3.2889877e-06,-0.157617
3.2890377e-06,-0.164858
3.2890877e-06,-0.166245
3.2891377e-06,-0.162694
3.2891877e-06,-0.15881
3.2892377e-06,-0.158311
3.2892877e-06,-0.162
3.2893377e-06,-0.167022
3.2893877e-06,-0.168076
3.2894377e-06,-0.162278
3.2894877e-06,-0.152706
3.2895377e-06,-0.146159
3.2895877e-06,-0.146658
3.2896377e-06,-0.152263
3.2896877e-06,-0.158116
3.2897377e-06,-0.161113
3.2897877e-06,-0.161335
3.2898377e-06,-0.160114
3.2898877e-06,-0.159004
3.2899377e-06,-0.159614
3.2899877e-06,-0.161945
3.2900377e-06,-0.163027
3.2900877e-06,-0.159698
3.2901377e-06,-0.153234
3.2901877e-06,-0.148933
3.2902377e-06,-0.150293
3.2902877e-06,-0.155314
3.2903377e-06,-0.159198
3.2903877e-06,-0.159309
3.2904377e-06,-0.155869
3.2904877e-06,-0.150515
3.2905377e-06,-0.146159
3.2905877e-06,-0.146742
3.2906377e-06,-0.154121
3.2906877e-06,-0.164386
3.2907377e-06,-0.169685
3.2907877e-06,-0.166162
3.2908377e-06,-0.159226
3.2908877e-06,-0.158061
3.2909377e-06,-0.163526
3.2909877e-06,-0.166273
3.2910377e-06,-0.159642
3.2910877e-06,-0.150293
3.2911377e-06,-0.150099
3.2911877e-06,-0.159448
3.2912377e-06,-0.166273
3.2912877e-06,-0.161945
3.2913377e-06,-0.152651
3.2913877e-06,-0.15057
3.2914377e-06,-0.15709
3.2914877e-06,-0.161057
3.2915377e-06,-0.155009
3.2915877e-06,-0.146381
3.2916377e-06,-0.147713
3.2916877e-06,-0.159226
3.2917377e-06,-0.168104
3.2917877e-06,-0.165191
3.2918377e-06,-0.156812
3.2918877e-06,-0.155564
3.2919377e-06,-0.162888
3.2919877e-06,-0.167605
3.2920377e-06,-0.161862
3.2920877e-06,-0.151708
3.2921377e-06,-0.147768
3.2921877e-06,-0.15107
3.2922377e-06,-0.153927
3.2922877e-06,-0.15279
3.2923377e-06,-0.15279
3.2923877e-06,-0.158505
3.2924377e-06,-0.166273
3.2924877e-06,-0.168603
3.2925377e-06,-0.16422
3.2925877e-06,-0.158727
3.2926377e-06,-0.15659
3.2926877e-06,-0.156369
3.2927377e-06,-0.155231
3.2927877e-06,-0.153594
3.2928377e-06,-0.154399
3.2928877e-06,-0.159337
3.2929377e-06,-0.166717
3.2929877e-06,-0.171822
3.2930377e-06,-0.170684
3.2930877e-06,-0.164497
3.2931377e-06,-0.158976
3.2931877e-06,-0.157589
3.2932377e-06,-0.158588
3.2932877e-06,-0.158949
3.2933377e-06,-0.158865
3.2933877e-06,-0.160003
3.2934377e-06,-0.162666
3.2934877e-06,-0.166495
3.2935377e-06,-0.171516
3.2935877e-06,-0.176843
3.2936377e-06,-0.179617
3.2936877e-06,-0.17712
3.2937377e-06,-0.16938
3.2937877e-06,-0.161113
3.2938377e-06,-0.159254
3.2938877e-06,-0.165468
3.2939377e-06,-0.170545
3.2939877e-06,-0.163443
3.2940377e-06,-0.146936
3.2940877e-06,-0.137448
3.2941377e-06,-0.145049
3.2941877e-06,-0.160946
3.2942377e-06,-0.169658
3.2942877e-06,-0.166939
3.2943377e-06,-0.159476
3.2943877e-06,-0.15315
3.2944377e-06,-0.149932
3.2944877e-06,-0.151402
3.2945377e-06,-0.157589
3.2945877e-06,-0.163637
3.2946377e-06,-0.164026
3.2946877e-06,-0.160364
3.2947377e-06,-0.159504
3.2947877e-06,-0.164109
3.2948377e-06,-0.168797
3.2948877e-06,-0.166744
3.2949377e-06,-0.158865
3.2949877e-06,-0.153872
3.2950377e-06,-0.158394
3.2950877e-06,-0.168104
3.2951377e-06,-0.172432
3.2951877e-06,-0.167743
3.2952377e-06,-0.160863
3.2952877e-06,-0.158949
3.2953377e-06,-0.161473
3.2953877e-06,-0.163693
3.2954377e-06,-0.16336
3.2954877e-06,-0.160918
3.2955377e-06,-0.156757
3.2955877e-06,-0.151763
3.2956377e-06,-0.149128
3.2956877e-06,-0.151458
3.2957377e-06,-0.156507
3.2957877e-06,-0.159365
3.2958377e-06,-0.159809
3.2958877e-06,-0.161751
3.2959377e-06,-0.165274
3.2959877e-06,-0.165024
3.2960377e-06,-0.158949
3.2960877e-06,-0.153206
3.2961377e-06,-0.155259
3.2961877e-06,-0.164081
3.2962377e-06,-0.170878
3.2962877e-06,-0.167965
3.2963377e-06,-0.156313
3.2963877e-06,-0.143745
3.2964377e-06,-0.138391
3.2964877e-06,-0.143412
3.2965377e-06,-0.154759
3.2965877e-06,-0.162028
3.2966377e-06,-0.156701
3.2966877e-06,-0.143107
3.2967377e-06,-0.136449
3.2967877e-06,-0.145188
3.2968377e-06,-0.159809
3.2968877e-06,-0.164775
3.2969377e-06,-0.158061
3.2969877e-06,-0.151236
3.2970377e-06,-0.151874
3.2970877e-06,-0.154954
3.2971377e-06,-0.153872
3.2971877e-06,-0.151125
3.2972377e-06,-0.152512
3.2972877e-06,-0.156424
3.2973377e-06,-0.156119
3.2973877e-06,-0.151208
3.2974377e-06,-0.14946
3.2974877e-06,-0.15598
3.2975377e-06,-0.165413
3.2975877e-06,-0.167965
3.2976377e-06,-0.161695
3.2976877e-06,-0.154676
3.2977377e-06,-0.154038
3.2977877e-06,-0.157201
3.2978377e-06,-0.157367
3.2978877e-06,-0.153927
3.2979377e-06,-0.152068
3.2979877e-06,-0.153983
3.2980377e-06,-0.156424
3.2980877e-06,-0.15684
3.2981377e-06,-0.156424
3.2981877e-06,-0.155786
3.2982377e-06,-0.152568
3.2982877e-06,-0.146686
3.2983377e-06,-0.143718
3.2983877e-06,-0.148989
3.2984377e-06,-0.159143
3.2984877e-06,-0.164775
3.2985377e-06,-0.161501
3.2985877e-06,-0.154482
3.2986377e-06,-0.150764
3.2986877e-06,-0.152041
3.2987377e-06,-0.156174
3.2987877e-06,-0.161557
3.2988377e-06,-0.165912
3.2988877e-06,-0.164913
3.2989377e-06,-0.156868
3.2989877e-06,-0.147491
3.2990377e-06,-0.144772
3.2990877e-06,-0.14885
3.2991377e-06,-0.152734
3.2991877e-06,-0.15365
3.2992377e-06,-0.156923
3.2992877e-06,-0.165829
3.2993377e-06,-0.174096
3.2993877e-06,-0.173736
3.2994377e-06,-0.165912
3.2994877e-06,-0.158976
3.2995377e-06,-0.157534
3.2995877e-06,-0.158532
3.2996377e-06,-0.1577
3.2996877e-06,-0.155952
3.2997377e-06,-0.156785
3.2997877e-06,-0.159531
3.2998377e-06,-0.15967
3.2998877e-06,-0.155231
3.2999377e-06,-0.150348
3.2999877e-06,-0.149738
3.3000377e-06,-0.152179
3.3000877e-06,-0.152873
3.3001377e-06,-0.15107
3.3001877e-06,-0.150709
3.3002377e-06,-0.153261
3.3002877e-06,-0.155592
3.3003377e-06,-0.156036
3.3003877e-06,-0.156036
3.3004377e-06,-0.155287
3.3004877e-06,-0.152207
3.3005377e-06,-0.14996
3.3005877e-06,-0.154898
3.3006377e-06,-0.166384
3.3006877e-06,-0.174596
3.3007377e-06,-0.172238
3.3007877e-06,-0.163526
3.3008377e-06,-0.158477
3.3008877e-06,-0.160974
3.3009377e-06,-0.16569
3.3009877e-06,-0.164691
3.3010377e-06,-0.155314
3.3010877e-06,-0.143718
3.3011377e-06,-0.14
3.3011877e-06,-0.147324
3.3012377e-06,-0.157756
3.3012877e-06,-0.162306
3.3013377e-06,-0.161862
3.3013877e-06,-0.16225
3.3014377e-06,-0.162944
3.3014877e-06,-0.15881
3.3015377e-06,-0.151347
3.3015877e-06,-0.148739
3.3016377e-06,-0.15365
3.3016877e-06,-0.158671
3.3017377e-06,-0.156812
3.3017877e-06,-0.151319
3.3018377e-06,-0.150542
3.3018877e-06,-0.156285
3.3019377e-06,-0.16164
3.3019877e-06,-0.160114
3.3020377e-06,-0.153733
3.3020877e-06,-0.150431
3.3021377e-06,-0.154232
3.3021877e-06,-0.15967
3.3022377e-06,-0.158033
3.3022877e-06,-0.149682
3.3023377e-06,-0.145826
3.3023877e-06,-0.154149
3.3024377e-06,-0.16705
3.3024877e-06,-0.170545
3.3025377e-06,-0.162222
3.3025877e-06,-0.153261
3.3026377e-06,-0.153095
3.3026877e-06,-0.159032
3.3027377e-06,-0.162
3.3027877e-06,-0.158283
3.3028377e-06,-0.151819
3.3028877e-06,-0.147962
3.3029377e-06,-0.147879
3.3029877e-06,-0.148656
3.3030377e-06,-0.147158
3.3030877e-06,-0.144272
3.3031377e-06,-0.145632
3.3031877e-06,-0.155065
3.3032377e-06,-0.166328
3.3032877e-06,-0.166328
3.3033377e-06,-0.151486
3.3033877e-06,-0.136227
3.3034377e-06,-0.137836
3.3034877e-06,-0.154759
3.3035377e-06,-0.169075
3.3035877e-06,-0.169547
3.3036377e-06,-0.162777
3.3036877e-06,-0.160197
3.3037377e-06,-0.16286
3.3037877e-06,-0.163526
3.3038377e-06,-0.157922
3.3038877e-06,-0.149821
3.3039377e-06,-0.146076
3.3039877e-06,-0.149211
3.3040377e-06,-0.15512
3.3040877e-06,-0.158338
3.3041377e-06,-0.15734
3.3041877e-06,-0.152845
3.3042377e-06,-0.144772
3.3042877e-06,-0.135839
3.3043377e-06,-0.134396
3.3043877e-06,-0.145715
3.3044377e-06,-0.16164
3.3044877e-06,-0.166883
3.3045377e-06,-0.157478
3.3045877e-06,-0.146131
3.3046377e-06,-0.146353
3.3046877e-06,-0.156452
3.3047377e-06,-0.163332
3.3047877e-06,-0.159282
3.3048377e-06,-0.149516
3.3048877e-06,-0.143496
3.3049377e-06,-0.143995
3.3049877e-06,-0.147186
3.3050377e-06,-0.149405
3.3050877e-06,-0.150237
3.3051377e-06,-0.15021
3.3051877e-06,-0.149571
3.3052377e-06,-0.14946
3.3052877e-06,-0.15143
3.3053377e-06,-0.154981
3.3053877e-06,-0.157118
3.3054377e-06,-0.155703
3.3054877e-06,-0.152401
3.3055377e-06,-0.15082
3.3055877e-06,-0.151791
3.3056377e-06,-0.152401
3.3056877e-06,-0.15057
3.3057377e-06,-0.148129
3.3057877e-06,-0.148906
3.3058377e-06,-0.153677
3.3058877e-06,-0.158838
3.3059377e-06,-0.160086
3.3059877e-06,-0.15709
3.3060377e-06,-0.153816
3.3060877e-06,-0.153927
3.3061377e-06,-0.156812
3.3061877e-06,-0.158976
3.3062377e-06,-0.158394
3.3062877e-06,-0.156507
3.3063377e-06,-0.155037
3.3063877e-06,-0.153261
3.3064377e-06,-0.150182
3.3064877e-06,-0.147629
3.3065377e-06,-0.147602
3.3065877e-06,-0.14774
3.3066377e-06,-0.143773
3.3066877e-06,-0.137115
3.3067377e-06,-0.135422
3.3067877e-06,-0.142525
3.3068377e-06,-0.151985
3.3068877e-06,-0.154371
3.3069377e-06,-0.149183
3.3069877e-06,-0.144383
3.3070377e-06,-0.145549
3.3070877e-06,-0.150709
3.3071377e-06,-0.156313
3.3071877e-06,-0.161778
3.3072377e-06,-0.16594
3.3072877e-06,-0.164802
3.3073377e-06,-0.157201
3.3073877e-06,-0.149349
3.3074377e-06,-0.148628
3.3074877e-06,-0.153455
3.3075377e-06,-0.155037
3.3075877e-06,-0.150265
3.3076377e-06,-0.14688
3.3076877e-06,-0.152013
3.3077377e-06,-0.161224
3.3077877e-06,-0.164164
3.3078377e-06,-0.157783
3.3078877e-06,-0.148878
3.3079377e-06,-0.145521
3.3079877e-06,-0.149488
3.3080377e-06,-0.155841
3.3080877e-06,-0.158005
3.3081377e-06,-0.154648
3.3081877e-06,-0.151375
3.3082377e-06,-0.153844
3.3082877e-06,-0.160031
3.3083377e-06,-0.162444
3.3083877e-06,-0.157672
3.3084377e-06,-0.150071
3.3084877e-06,-0.14566
3.3085377e-06,-0.145882
3.3085877e-06,-0.148462
3.3086377e-06,-0.152179
3.3086877e-06,-0.157229
3.3087377e-06,-0.161973
3.3087877e-06,-0.162777
3.3088377e-06,-0.159448
3.3088877e-06,-0.156507
3.3089377e-06,-0.15684
3.3089877e-06,-0.157312
3.3090377e-06,-0.154676
3.3090877e-06,-0.151902
3.3091377e-06,-0.153677
3.3091877e-06,-0.158283
3.3092377e-06,-0.159614
3.3092877e-06,-0.156313
3.3093377e-06,-0.152956
3.3093877e-06,-0.152124
3.3094377e-06,-0.150376
3.3094877e-06,-0.145216
3.3095377e-06,-0.141526
3.3095877e-06,-0.145993
3.3096377e-06,-0.15623
3.3096877e-06,-0.16164
3.3097377e-06,-0.156757
3.3097877e-06,-0.149128
3.3098377e-06,-0.149766
3.3098877e-06,-0.159836
3.3099377e-06,-0.170573
3.3099877e-06,-0.173347
3.3100377e-06,-0.166412
3.3100877e-06,-0.155037
3.3101377e-06,-0.148628
3.3101877e-06,-0.152679
3.3102377e-06,-0.160613
3.3102877e-06,-0.159587
3.3103377e-06,-0.148184
3.3103877e-06,-0.140333
3.3104377e-06,-0.14627
3.3104877e-06,-0.157894
3.3105377e-06,-0.160891
3.3105877e-06,-0.155065
3.3106377e-06,-0.151652
3.3106877e-06,-0.154426
3.3107377e-06,-0.156369
3.3107877e-06,-0.154232
3.3108377e-06,-0.153816
3.3108877e-06,-0.158227
3.3109377e-06,-0.161751
3.3109877e-06,-0.159309
3.3110377e-06,-0.153872
3.3110877e-06,-0.150903
3.3111377e-06,-0.151513
3.3111877e-06,-0.153234
3.3112377e-06,-0.153733
3.3112877e-06,-0.152762
3.3113377e-06,-0.152179
3.3113877e-06,-0.153788
3.3114377e-06,-0.156896
3.3114877e-06,-0.159198
3.3115377e-06,-0.158838
3.3115877e-06,-0.154981
3.3116377e-06,-0.148711
3.3116877e-06,-0.145105
3.3117377e-06,-0.149988
3.3117877e-06,-0.161557
3.3118377e-06,-0.169325
3.3118877e-06,-0.165552
3.3119377e-06,-0.154537
3.3119877e-06,-0.146825
3.3120377e-06,-0.147102
3.3120877e-06,-0.151846
3.3121377e-06,-0.155481
3.3121877e-06,-0.155065
3.3122377e-06,-0.150986
3.3122877e-06,-0.14652
3.3123377e-06,-0.144966
3.3123877e-06,-0.14602
3.3124377e-06,-0.147296
3.3124877e-06,-0.14885
3.3125377e-06,-0.15254
3.3125877e-06,-0.15709
3.3126377e-06,-0.158505
3.3126877e-06,-0.156063
3.3127377e-06,-0.153872
3.3127877e-06,-0.154316
3.3128377e-06,-0.154676
3.3128877e-06,-0.152928
3.3129377e-06,-0.152429
3.3129877e-06,-0.156202
3.3130377e-06,-0.160169
3.3130877e-06,-0.159115
3.3131377e-06,-0.156174
3.3131877e-06,-0.158394
3.3132377e-06,-0.164248
3.3132877e-06,-0.165191
3.3133377e-06,-0.159448
3.3133877e-06,-0.154954
3.3134377e-06,-0.15684
3.3134877e-06,-0.160308
3.3135377e-06,-0.159504
3.3135877e-06,-0.156507
3.3136377e-06,-0.156258
3.3136877e-06,-0.157367
3.3137377e-06,-0.154343
3.3137877e-06,-0.146159
3.3138377e-06,-0.138668
3.3138877e-06,-0.138197
3.3139377e-06,-0.145105
3.3139877e-06,-0.152817
3.3140377e-06,-0.153345
3.3140877e-06,-0.145382
3.3141377e-06,-0.136671
3.3141877e-06,-0.136643
3.3142377e-06,-0.145465
3.3142877e-06,-0.153317
3.3143377e-06,-0.152041
3.3143877e-06,-0.14541
3.3144377e-06,-0.143884
3.3144877e-06,-0.150071
3.3145377e-06,-0.154399
3.3145877e-06,-0.148989
3.3146377e-06,-0.140721
3.3146877e-06,-0.142691
3.3147377e-06,-0.154454
3.3147877e-06,-0.16028
3.3148377e-06,-0.151181
3.3148877e-06,-0.138557
3.3149377e-06,-0.138197
3.3149877e-06,-0.148739
3.3150377e-06,-0.155925
3.3150877e-06,-0.153899
3.3151377e-06,-0.151125
3.3151877e-06,-0.155065
3.3152377e-06,-0.161473
3.3152877e-06,-0.162222
3.3153377e-06,-0.157284
3.3153877e-06,-0.153345
3.3154377e-06,-0.15426
3.3154877e-06,-0.15659
3.3155377e-06,-0.15487
3.3155877e-06,-0.149072
3.3156377e-06,-0.14516
3.3156877e-06,-0.147324
3.3157377e-06,-0.152013
3.3157877e-06,-0.152124
3.3158377e-06,-0.147019
3.3158877e-06,-0.143829
3.3159377e-06,-0.147685
3.3159877e-06,-0.154676
3.3160377e-06,-0.156535
3.3160877e-06,-0.150515
3.3161377e-06,-0.142303
3.3161877e-06,-0.138807
3.3162377e-06,-0.140527
3.3162877e-06,-0.142941
3.3163377e-06,-0.143607
3.3163877e-06,-0.144911
3.3164377e-06,-0.148184
3.3164877e-06,-0.150709
3.3165377e-06,-0.150348
3.3165877e-06,-0.149988
3.3166377e-06,-0.153095
3.3166877e-06,-0.157811
3.3167377e-06,-0.160419
3.3167877e-06,-0.161224
3.3168377e-06,-0.161973
3.3168877e-06,-0.160058
3.3169377e-06,-0.153123
3.3169877e-06,-0.146409
3.3170377e-06,-0.14799
3.3170877e-06,-0.156285
3.3171377e-06,-0.160253
3.3171877e-06,-0.153844
3.3172377e-06,-0.143856
3.3172877e-06,-0.140777
3.3173377e-06,-0.14627
3.3173877e-06,-0.152706
3.3174377e-06,-0.152318
3.3174877e-06,-0.145105
3.3175377e-06,-0.138474
3.3175877e-06,-0.14025
3.3176377e-06,-0.149877
3.3176877e-06,-0.157367
3.3177377e-06,-0.15365
3.3177877e-06,-0.141692
3.3178377e-06,-0.13398
3.3178877e-06,-0.137864
3.3179377e-06,-0.147075
3.3179877e-06,-0.150931
3.3180377e-06,-0.148073
3.3180877e-06,-0.145937
3.3181377e-06,-0.148295
3.3181877e-06,-0.149904
3.3182377e-06,-0.146187
3.3182877e-06,-0.142441
3.3183377e-06,-0.147685
3.3183877e-06,-0.160142
3.3184377e-06,-0.16594
3.3184877e-06,-0.156479
3.3185377e-06,-0.141165
3.3185877e-06,-0.136005
3.3186377e-06,-0.14394
3.3186877e-06,-0.153372
3.3187377e-06,-0.155009
3.3187877e-06,-0.152068
3.3188377e-06,-0.152706
3.3188877e-06,-0.157756
3.3189377e-06,-0.160752
3.3189877e-06,-0.15734
3.3190377e-06,-0.150792
3.3190877e-06,-0.147102
3.3191377e-06,-0.148434
3.3191877e-06,-0.152235
3.3192377e-06,-0.154787
3.3192877e-06,-0.153677
3.3193377e-06,-0.148989
3.3193877e-06,-0.144078
3.3194377e-06,-0.143995
3.3194877e-06,-0.15057
3.3195377e-06,-0.158893
3.3195877e-06,-0.160974
3.3196377e-06,-0.154343
3.3196877e-06,-0.145604
3.3197377e-06,-0.143246
3.3197877e-06,-0.148073
3.3198377e-06,-0.153345
3.3198877e-06,-0.154066
3.3199377e-06,-0.151957
3.3199877e-06,-0.150848
3.3200377e-06,-0.150903
3.3200877e-06,-0.150376
3.3201377e-06,-0.149266
3.3201877e-06,-0.14824
3.3202377e-06,-0.146409
3.3202877e-06,-0.144245
3.3203377e-06,-0.146187
3.3203877e-06,-0.154954
3.3204377e-06,-0.164053
3.3204877e-06,-0.16286
3.3205377e-06,-0.150875
3.3205877e-06,-0.14111
3.3206377e-06,-0.144522
3.3206877e-06,-0.156147
3.3207377e-06,-0.162222
3.3207877e-06,-0.15795
3.3208377e-06,-0.151375
3.3208877e-06,-0.150542
3.3209377e-06,-0.154205
3.3209877e-06,-0.15709
3.3210377e-06,-0.157728
3.3210877e-06,-0.157256
3.3211377e-06,-0.154537
3.3211877e-06,-0.147907
3.3212377e-06,-0.14
3.3212877e-06,-0.137531
3.3213377e-06,-0.145299
3.3213877e-06,-0.15992
3.3214377e-06,-0.170379
3.3214877e-06,-0.167161
3.3215377e-06,-0.153095
3.3215877e-06,-0.141887
3.3216377e-06,-0.143745
3.3216877e-06,-0.154121
3.3217377e-06,-0.160419
3.3217877e-06,-0.157145
3.3218377e-06,-0.150653
3.3218877e-06,-0.149627
3.3219377e-06,-0.154288
3.3219877e-06,-0.157034
3.3220377e-06,-0.152734
3.3220877e-06,-0.14566
3.3221377e-06,-0.143607
3.3221877e-06,-0.146825
3.3222377e-06,-0.148018
3.3222877e-06,-0.144023
3.3223377e-06,-0.141998
3.3223877e-06,-0.149433
3.3224377e-06,-0.161418
3.3224877e-06,-0.164359
3.3225377e-06,-0.153012
3.3225877e-06,-0.138197
3.3226377e-06,-0.134313
3.3226877e-06,-0.14283
3.3227377e-06,-0.152679
3.3227877e-06,-0.154787
3.3228377e-06,-0.151125
3.3228877e-06,-0.149294
3.3229377e-06,-0.152318
3.3229877e-06,-0.156757
3.3230377e-06,-0.158061
3.3230877e-06,-0.155508
3.3231377e-06,-0.152041
3.3231877e-06,-0.151014
3.3232377e-06,-0.152401
3.3232877e-06,-0.152484
3.3233377e-06,-0.148795
3.3233877e-06,-0.145188
3.3234377e-06,-0.14738
3.3234877e-06,-0.153844
3.3235377e-06,-0.156757
3.3235877e-06,-0.153372
3.3236377e-06,-0.149766
3.3236877e-06,-0.15057
3.3237377e-06,-0.151541
3.3237877e-06,-0.147546
3.3238377e-06,-0.141609
3.3238877e-06,-0.140444
3.3239377e-06,-0.144189
3.3239877e-06,-0.147491
3.3240377e-06,-0.148073
3.3240877e-06,-0.148351
3.3241377e-06,-0.149239
3.3241877e-06,-0.1491
3.3242377e-06,-0.148656
3.3242877e-06,-0.150848
3.3243377e-06,-0.154593
3.3243877e-06,-0.155065
3.3244377e-06,-0.151624
3.3244877e-06,-0.149488
3.3245377e-06,-0.150959
3.3245877e-06,-0.151236
3.3246377e-06,-0.147047
3.3246877e-06,-0.144051
3.3247377e-06,-0.148101
3.3247877e-06,-0.15426
3.3248377e-06,-0.152568
3.3248877e-06,-0.143551
3.3249377e-06,-0.138335
3.3249877e-06,-0.142802
3.3250377e-06,-0.150293
3.3250877e-06,-0.152457
3.3251377e-06,-0.150015
3.3251877e-06,-0.149377
3.3252377e-06,-0.153705
3.3252877e-06,-0.160225
3.3253377e-06,-0.163776
3.3253877e-06,-0.160918
3.3254377e-06,-0.153483
3.3254877e-06,-0.147879
3.3255377e-06,-0.149044
3.3255877e-06,-0.155231
3.3256377e-06,-0.160891
3.3256877e-06,-0.163221
3.3257377e-06,-0.162944
3.3257877e-06,-0.160419
3.3258377e-06,-0.155398
3.3258877e-06,-0.150043
3.3259377e-06,-0.147851
3.3259877e-06,-0.148795
3.3260377e-06,-0.148933
3.3260877e-06,-0.145965
3.3261377e-06,-0.14258
3.3261877e-06,-0.142608
3.3262377e-06,-0.145576
3.3262877e-06,-0.147962
3.3263377e-06,-0.148739
3.3263877e-06,-0.150015
3.3264377e-06,-0.152013
3.3264877e-06,-0.152401
3.3265377e-06,-0.151819
3.3265877e-06,-0.154149
3.3266377e-06,-0.158949
3.3266877e-06,-0.159393
3.3267377e-06,-0.152013
3.3267877e-06,-0.143634
3.3268377e-06,-0.143412
3.3268877e-06,-0.15021
3.3269377e-06,-0.153983
3.3269877e-06,-0.149488
3.3270377e-06,-0.142691
3.3270877e-06,-0.141637
3.3271377e-06,-0.145687
3.3271877e-06,-0.147907
3.3272377e-06,-0.146159
3.3272877e-06,-0.145826
3.3273377e-06,-0.150903
3.3273877e-06,-0.157284
3.3274377e-06,-0.158921
3.3274877e-06,-0.156979
3.3275377e-06,-0.157395
3.3275877e-06,-0.159753
3.3276377e-06,-0.156036
3.3276877e-06,-0.143357
3.3277377e-06,-0.131899
3.3277877e-06,-0.133286
3.3278377e-06,-0.144522
3.3278877e-06,-0.15193
3.3279377e-06,-0.149571
3.3279877e-06,-0.144356
3.3280377e-06,-0.142414
3.3280877e-06,-0.14147
3.3281377e-06,-0.13939
3.3281877e-06,-0.140472
3.3282377e-06,-0.14652
3.3282877e-06,-0.150431
3.3283377e-06,-0.146298
3.3283877e-06,-0.140499
3.3284377e-06,-0.143912
3.3284877e-06,-0.155342
3.3285377e-06,-0.161473
3.3285877e-06,-0.155536
3.3286377e-06,-0.147047
3.3286877e-06,-0.148267
3.3287377e-06,-0.157062
3.3287877e-06,-0.16139
3.3288377e-06,-0.156507
3.3288877e-06,-0.149239
3.3289377e-06,-0.146104
3.3289877e-06,-0.145632
3.3290377e-06,-0.144189
3.3290877e-06,-0.142636
3.3291377e-06,-0.143912
3.3291877e-06,-0.148129
3.3292377e-06,-0.152373
3.3292877e-06,-0.153733
3.3293377e-06,-0.150404
3.3293877e-06,-0.143052
3.3294377e-06,-0.136782
3.3294877e-06,-0.138863
3.3295377e-06,-0.150237
3.3295877e-06,-0.161362
3.3296377e-06,-0.162222
3.3296877e-06,-0.154787
3.3297377e-06,-0.149349
3.3297877e-06,-0.149599
3.3298377e-06,-0.149849
3.3298877e-06,-0.147574
3.3299377e-06,-0.148989
3.3299877e-06,-0.156868
3.3300377e-06,-0.162222
3.3300877e-06,-0.156147
3.3301377e-06,-0.143856
3.3301877e-06,-0.138641
3.3302377e-06,-0.144051
3.3302877e-06,-0.151208
3.3303377e-06,-0.152512
3.3303877e-06,-0.149932
3.3304377e-06,-0.148406
3.3304877e-06,-0.148073
3.3305377e-06,-0.146825
3.3305877e-06,-0.145438
3.3306377e-06,-0.146464
3.3306877e-06,-0.151153
3.3307377e-06,-0.158172
3.3307877e-06,-0.16311
3.3308377e-06,-0.160308
3.3308877e-06,-0.149904
3.3309377e-06,-0.141831
3.3309877e-06,-0.146242
3.3310377e-06,-0.159504
3.3310877e-06,-0.167216
3.3311377e-06,-0.162805
3.3311877e-06,-0.155564
3.3312377e-06,-0.156008
3.3312877e-06,-0.160807
3.3313377e-06,-0.159587
3.3313877e-06,-0.151597
3.3314377e-06,-0.146575
3.3314877e-06,-0.149988
3.3315377e-06,-0.155786
3.3315877e-06,-0.155703
3.3316377e-06,-0.150265
3.3316877e-06,-0.146464
3.3317377e-06,-0.147407
3.3317877e-06,-0.149211
3.3318377e-06,-0.147824
3.3318877e-06,-0.144994
3.3319377e-06,-0.144605
3.3319877e-06,-0.146048
3.3320377e-06,-0.145188
3.3320877e-06,-0.141193
3.3321377e-06,-0.138946
3.3321877e-06,-0.142774
3.3322377e-06,-0.149877
3.3322877e-06,-0.152595
3.3323377e-06,-0.147241
3.3323877e-06,-0.139556
3.3324377e-06,-0.139362
3.3324877e-06,-0.149211
3.3325377e-06,-0.159864
3.3325877e-06,-0.15992
3.3326377e-06,-0.149655
3.3326877e-06,-0.141887
3.3327377e-06,-0.14627
3.3327877e-06,-0.155897
3.3328377e-06,-0.156396
3.3328877e-06,-0.146409
3.3329377e-06,-0.140083
3.3329877e-06,-0.14713
3.3330377e-06,-0.159614
3.3330877e-06,-0.163637
3.3331377e-06,-0.157173
3.3331877e-06,-0.149793
3.3332377e-06,-0.148739
3.3332877e-06,-0.152068
3.3333377e-06,-0.154454
3.3333877e-06,-0.154232
3.3334377e-06,-0.153123
3.3334877e-06,-0.152873
3.3335377e-06,-0.153317
3.3335877e-06,-0.152928
3.3336377e-06,-0.150376
3.3336877e-06,-0.146214
3.3337377e-06,-0.142858
3.3337877e-06,-0.142441
3.3338377e-06,-0.144661
3.3338877e-06,-0.147491
3.3339377e-06,-0.148933
3.3339877e-06,-0.14774
3.3340377e-06,-0.144966
3.3340877e-06,-0.144189
3.3341377e-06,-0.147407
3.3341877e-06,-0.150099
3.3342377e-06,-0.145632
3.3342877e-06,-0.135173
3.3343377e-06,-0.129347
3.3343877e-06,-0.136171
3.3344377e-06,-0.150903
3.3344877e-06,-0.160613
3.3345377e-06,-0.157645
3.3345877e-06,-0.146714
3.3346377e-06,-0.139639
3.3346877e-06,-0.14369
3.3347377e-06,-0.154926
3.3347877e-06,-0.162638
3.3348377e-06,-0.161168
3.3348877e-06,-0.155203
3.3349377e-06,-0.152679
3.3349877e-06,-0.154621
3.3350377e-06,-0.154593
3.3350877e-06,-0.14799
3.3351377e-06,-0.138918
3.3351877e-06,-0.135506
3.3352377e-06,-0.140749
3.3352877e-06,-0.149738
3.3353377e-06,-0.154981
3.3353877e-06,-0.152568
3.3354377e-06,-0.144855
3.3354877e-06,-0.138613
3.3355377e-06,-0.139112
3.3355877e-06,-0.144356
3.3356377e-06,-0.147047
3.3356877e-06,-0.14394
3.3357377e-06,-0.140139
3.3357877e-06,-0.141831
3.3358377e-06,-0.147407
3.3358877e-06,-0.149988
3.3359377e-06,-0.147158
3.3359877e-06,-0.143496
3.3360377e-06,-0.143745
3.3360877e-06,-0.147075
3.3361377e-06,-0.149017
3.3361877e-06,-0.147213
3.3362377e-06,-0.143884
3.3362877e-06,-0.143246
3.3363377e-06,-0.146825
3.3363877e-06,-0.151763
3.3364377e-06,-0.15401
3.3364877e-06,-0.152373
3.3365377e-06,-0.148323
3.3365877e-06,-0.143523
3.3366377e-06,-0.139945
3.3366877e-06,-0.140527
3.3367377e-06,-0.146436
3.3367877e-06,-0.153761
3.3368377e-06,-0.156063
3.3368877e-06,-0.151486
3.3369377e-06,-0.14516
3.3369877e-06,-0.143551
3.3370377e-06,-0.147657
3.3370877e-06,-0.152762
3.3371377e-06,-0.153761
3.3371877e-06,-0.149793
3.3372377e-06,-0.144217
3.3372877e-06,-0.141748
3.3373377e-06,-0.144827
3.3373877e-06,-0.15082
3.3374377e-06,-0.153455
3.3374877e-06,-0.148906
3.3375377e-06,-0.141387
3.3375877e-06,-0.139667
3.3376377e-06,-0.146658
3.3376877e-06,-0.155009
3.3377377e-06,-0.15573
3.3377877e-06,-0.14946
3.3378377e-06,-0.144855
3.3378877e-06,-0.147019
3.3379377e-06,-0.152484
3.3379877e-06,-0.155703
3.3380377e-06,-0.155508
3.3380877e-06,-0.153705
3.3381377e-06,-0.151375
3.3381877e-06,-0.14946
3.3382377e-06,-0.149405
3.3382877e-06,-0.151097
3.3383377e-06,-0.151874
3.3383877e-06,-0.149877
3.3384377e-06,-0.146853
3.3384877e-06,-0.146797
3.3385377e-06,-0.151624
3.3385877e-06,-0.158033
3.3386377e-06,-0.15942
3.3386877e-06,-0.15254
3.3387377e-06,-0.142525
3.3387877e-06,-0.138224
3.3388377e-06,-0.142608
3.3388877e-06,-0.150293
3.3389377e-06,-0.154426
3.3389877e-06,-0.152762
3.3390377e-06,-0.147629
3.3390877e-06,-0.144051
3.3391377e-06,-0.146575
3.3391877e-06,-0.153594
3.3392377e-06,-0.157201
3.3392877e-06,-0.153039
3.3393377e-06,-0.14774
3.3393877e-06,-0.149682
3.3394377e-06,-0.155703
3.3394877e-06,-0.15537
3.3395377e-06,-0.147435
3.3395877e-06,-0.143052
3.3396377e-06,-0.150015
3.3396877e-06,-0.161862
3.3397377e-06,-0.165746
3.3397877e-06,-0.156369
3.3398377e-06,-0.140361
3.3398877e-06,-0.13029
3.3399377e-06,-0.134535
3.3399877e-06,-0.148989
3.3400377e-06,-0.159864
3.3400877e-06,-0.158838
3.3401377e-06,-0.152457
3.3401877e-06,-0.151042
3.3402377e-06,-0.153261
3.3402877e-06,-0.15057
3.3403377e-06,-0.14319
3.3403877e-06,-0.141665
3.3404377e-06,-0.151125
3.3404877e-06,-0.163637
3.3405377e-06,-0.168881
3.3405877e-06,-0.166328
3.3406377e-06,-0.162028
3.3406877e-06,-0.159087
3.3407377e-06,-0.156868
3.3407877e-06,-0.156036
3.3408377e-06,-0.158061
3.3408877e-06,-0.160946
3.3409377e-06,-0.160918
3.3409877e-06,-0.158366
3.3410377e-06,-0.157561
3.3410877e-06,-0.159254
3.3411377e-06,-0.158671
3.3411877e-06,-0.152928
3.3412377e-06,-0.14688
3.3412877e-06,-0.146991
3.3413377e-06,-0.152041
3.3413877e-06,-0.154565
3.3414377e-06,-0.150959
3.3414877e-06,-0.145438
3.3415377e-06,-0.143884
3.3415877e-06,-0.147047
3.3416377e-06,-0.151541
3.3416877e-06,-0.154676
3.3417377e-06,-0.155897
3.3417877e-06,-0.154898
3.3418377e-06,-0.151708
3.3418877e-06,-0.148323
3.3419377e-06,-0.146797
3.3419877e-06,-0.146131
3.3420377e-06,-0.144217
3.3420877e-06,-0.14283
3.3421377e-06,-0.145743
3.3421877e-06,-0.151985
3.3422377e-06,-0.155508
3.3422877e-06,-0.153677
3.3423377e-06,-0.151541
3.3423877e-06,-0.153955
3.3424377e-06,-0.157506
3.3424877e-06,-0.155647
3.3425377e-06,-0.1491
3.3425877e-06,-0.145105
3.3426377e-06,-0.147047
3.3426877e-06,-0.150459
3.3427377e-06,-0.149932
3.3427877e-06,-0.146159
3.3428377e-06,-0.14455
3.3428877e-06,-0.148378
3.3429377e-06,-0.153844
3.3429877e-06,-0.152457
3.3430377e-06,-0.141914
3.3430877e-06,-0.132953
3.3431377e-06,-0.138752
3.3431877e-06,-0.156119
3.3432377e-06,-0.165857
3.3432877e-06,-0.15623
3.3433377e-06,-0.138197
3.3433877e-06,-0.131372
3.3434377e-06,-0.140638
3.3434877e-06,-0.153428
3.3435377e-06,-0.156868
3.3435877e-06,-0.151375
3.3436377e-06,-0.146242
3.3436877e-06,-0.147213
3.3437377e-06,-0.150848
3.3437877e-06,-0.150959
3.3438377e-06,-0.146908
3.3438877e-06,-0.143523
3.3439377e-06,-0.143967
3.3439877e-06,-0.146353
3.3440377e-06,-0.147269
3.3440877e-06,-0.145493
3.3441377e-06,-0.142275
3.3441877e-06,-0.140083
3.3442377e-06,-0.141581
3.3442877e-06,-0.146991
3.3443377e-06,-0.152373
3.3443877e-06,-0.153566
3.3444377e-06,-0.151375
3.3444877e-06,-0.150015
3.3445377e-06,-0.150265
3.3445877e-06,-0.149072
3.3446377e-06,-0.146131
3.3446877e-06,-0.146131
3.3447377e-06,-0.151486
3.3447877e-06,-0.156868
3.3448377e-06,-0.155564
3.3448877e-06,-0.148628
3.3449377e-06,-0.14394
3.3449877e-06,-0.146159
3.3450377e-06,-0.15143
3.3450877e-06,-0.153178
3.3451377e-06,-0.150487
3.3451877e-06,-0.147851
3.3452377e-06,-0.148323
3.3452877e-06,-0.150182
3.3453377e-06,-0.150931
3.3453877e-06,-0.150986
3.3454377e-06,-0.151708
3.3454877e-06,-0.151597
3.3455377e-06,-0.147768
3.3455877e-06,-0.140916
3.3456377e-06,-0.135949
3.3456877e-06,-0.136199
3.3457377e-06,-0.140055
3.3457877e-06,-0.144078
3.3458377e-06,-0.14652
3.3458877e-06,-0.147102
3.3459377e-06,-0.146603
3.3459877e-06,-0.147269
3.3460377e-06,-0.150737
3.3460877e-06,-0.155009
3.3461377e-06,-0.156036
3.3461877e-06,-0.153095
3.3462377e-06,-0.149488
3.3462877e-06,-0.148018
3.3463377e-06,-0.1486
3.3463877e-06,-0.150626
3.3464377e-06,-0.154371
3.3464877e-06,-0.158033
3.3465377e-06,-0.15734
3.3465877e-06,-0.150487
3.3466377e-06,-0.141387
3.3466877e-06,-0.136671
3.3467377e-06,-0.140139
3.3467877e-06,-0.149849
3.3468377e-06,-0.159531
3.3468877e-06,-0.163166
3.3469377e-06,-0.158838
3.3469877e-06,-0.149821
3.3470377e-06,-0.142747
3.3470877e-06,-0.143468
3.3471377e-06,-0.150875
3.3471877e-06,-0.155925
3.3472377e-06,-0.15168
3.3472877e-06,-0.143107
3.3473377e-06,-0.140222
3.3473877e-06,-0.143773
3.3474377e-06,-0.146298
3.3474877e-06,-0.146076
3.3475377e-06,-0.149128
3.3475877e-06,-0.156008
3.3476377e-06,-0.157312
3.3476877e-06,-0.14774
3.3477377e-06,-0.137004
3.3477877e-06,-0.139057
3.3478377e-06,-0.15401
3.3478877e-06,-0.167133
3.3479377e-06,-0.166106
3.3479877e-06,-0.154759
3.3480377e-06,-0.147324
3.3480877e-06,-0.150542
3.3481377e-06,-0.155619
3.3481877e-06,-0.150681
3.3482377e-06,-0.137892
3.3482877e-06,-0.131511
3.3483377e-06,-0.138391
3.3483877e-06,-0.148878
3.3484377e-06,-0.150653
3.3484877e-06,-0.144716
3.3485377e-06,-0.140888
3.3485877e-06,-0.142858
3.3486377e-06,-0.145798
3.3486877e-06,-0.146631
3.3487377e-06,-0.148406
3.3487877e-06,-0.152984
3.3488377e-06,-0.156452
3.3488877e-06,-0.154704
3.3489377e-06,-0.150265
3.3489877e-06,-0.149655
3.3490377e-06,-0.154399
3.3490877e-06,-0.158311
3.3491377e-06,-0.155425
3.3491877e-06,-0.148157
3.3492377e-06,-0.144134
3.3492877e-06,-0.145743
3.3493377e-06,-0.147463
3.3493877e-06,-0.144633
3.3494377e-06,-0.140222
3.3494877e-06,-0.139723
3.3495377e-06,-0.143301
3.3495877e-06,-0.146436
3.3496377e-06,-0.146742
3.3496877e-06,-0.146159
3.3497377e-06,-0.146964
3.3497877e-06,-0.148878
3.3498377e-06,-0.150431
3.3498877e-06,-0.15082
3.3499377e-06,-0.14971
3.3499877e-06,-0.146686
3.3500377e-06,-0.14233
3.3500877e-06,-0.138835
3.3501377e-06,-0.137392
3.3501877e-06,-0.136199
3.3502377e-06,-0.133564
3.3502877e-06,-0.13262
3.3503377e-06,-0.138113
3.3503877e-06,-0.147851
3.3504377e-06,-0.153511
3.3504877e-06,-0.150931
3.3505377e-06,-0.144855
3.3505877e-06,-0.14111
3.3506377e-06,-0.139473
3.3506877e-06,-0.137392
3.3507377e-06,-0.135949
3.3507877e-06,-0.137725
3.3508377e-06,-0.141859
3.3508877e-06,-0.144494
3.3509377e-06,-0.143274
3.3509877e-06,-0.139029
3.3510377e-06,-0.134729
3.3510877e-06,-0.13459
3.3511377e-06,-0.141526
3.3511877e-06,-0.152901
3.3512377e-06,-0.161029
3.3512877e-06,-0.160641
3.3513377e-06,-0.154205
3.3513877e-06,-0.147935
3.3514377e-06,-0.145354
3.3514877e-06,-0.146242
3.3515377e-06,-0.148961
3.3515877e-06,-0.151375
3.3516377e-06,-0.151735
3.3516877e-06,-0.149904
3.3517377e-06,-0.146769
3.3517877e-06,-0.142941
3.3518377e-06,-0.139445
3.3518877e-06,-0.138946
3.3519377e-06,-0.143773
3.3519877e-06,-0.151402
3.3520377e-06,-0.155176
3.3520877e-06,-0.151264
3.3521377e-06,-0.143301
3.3521877e-06,-0.137392
3.3522377e-06,-0.135145
3.3522877e-06,-0.134091
3.3523377e-06,-0.133397
3.3523877e-06,-0.135284
3.3524377e-06,-0.140305
3.3524877e-06,-0.144911
3.3525377e-06,-0.145327
3.3525877e-06,-0.14283
3.3526377e-06,-0.141637
3.3526877e-06,-0.142386
3.3527377e-06,-0.14147
3.3527877e-06,-0.137614
3.3528377e-06,-0.134507
3.3528877e-06,-0.135422
3.3529377e-06,-0.139223
3.3529877e-06,-0.14319
3.3530377e-06,-0.146436
3.3530877e-06,-0.148822
3.3531377e-06,-0.149682
3.3531877e-06,-0.149239
3.3532377e-06,-0.149655
3.3532877e-06,-0.151957
3.3533377e-06,-0.152873
3.3533877e-06,-0.148018
3.3534377e-06,-0.139639
3.3534877e-06,-0.136643
3.3535377e-06,-0.142802
3.3535877e-06,-0.149211
3.3536377e-06,-0.145077
3.3536877e-06,-0.134229
3.3537377e-06,-0.131289
3.3537877e-06,-0.14086
3.3538377e-06,-0.14946
3.3538877e-06,-0.14369
3.3539377e-06,-0.12943
3.3539877e-06,-0.124658
3.3540377e-06,-0.134923
3.3540877e-06,-0.146714
3.3541377e-06,-0.146686
3.3541877e-06,-0.139112
3.3542377e-06,-0.137503
3.3542877e-06,-0.145549
3.3543377e-06,-0.154205
3.3543877e-06,-0.155287
3.3544377e-06,-0.15057
3.3544877e-06,-0.146159
3.3545377e-06,-0.143995
3.3545877e-06,-0.141776
3.3546377e-06,-0.139362
3.3546877e-06,-0.140194
3.3547377e-06,-0.145771
3.3547877e-06,-0.152179
3.3548377e-06,-0.155259
3.3548877e-06,-0.155841
3.3549377e-06,-0.15623
3.3549877e-06,-0.154399
3.3550377e-06,-0.147574
3.3550877e-06,-0.140222
3.3551377e-06,-0.140388
3.3551877e-06,-0.147463
3.3552377e-06,-0.150459
3.3552877e-06,-0.142636
3.3553377e-06,-0.131899
3.3553877e-06,-0.130928
3.3554377e-06,-0.140361
3.3554877e-06,-0.148545
3.3555377e-06,-0.147407
3.3555877e-06,-0.141776
3.3556377e-06,-0.141137
3.3556877e-06,-0.147296
3.3557377e-06,-0.153566
3.3557877e-06,-0.153927
3.3558377e-06,-0.149627
3.3558877e-06,-0.146492
3.3559377e-06,-0.147685
3.3559877e-06,-0.151208
3.3560377e-06,-0.153261
3.3560877e-06,-0.151791
3.3561377e-06,-0.14688
3.3561877e-06,-0.141027
3.3562377e-06,-0.138863
3.3562877e-06,-0.142941
3.3563377e-06,-0.149682
3.3563877e-06,-0.152873
3.3564377e-06,-0.150542
3.3564877e-06,-0.145909
3.3565377e-06,-0.142247
3.3565877e-06,-0.140805
3.3566377e-06,-0.142636
3.3566877e-06,-0.147713
3.3567377e-06,-0.153039
3.3567877e-06,-0.154648
3.3568377e-06,-0.152235
3.3568877e-06,-0.148545
3.3569377e-06,-0.144744
3.3569877e-06,-0.139639
3.3570377e-06,-0.13373
3.3570877e-06,-0.131344
3.3571377e-06,-0.136171
3.3571877e-06,-0.145049
3.3572377e-06,-0.149488
3.3572877e-06,-0.144911
3.3573377e-06,-0.136255
3.3573877e-06,-0.132398
3.3574377e-06,-0.136144
3.3574877e-06,-0.142219
3.3575377e-06,-0.145382
3.3575877e-06,-0.146964
3.3576377e-06,-0.149904
3.3576877e-06,-0.150764
3.3577377e-06,-0.143412
3.3577877e-06,-0.1309
3.3578377e-06,-0.124547
3.3578877e-06,-0.129319
3.3579377e-06,-0.137059
3.3579877e-06,-0.139001
3.3580377e-06,-0.138141
3.3580877e-06,-0.142636
3.3581377e-06,-0.151292
3.3581877e-06,-0.15426
3.3582377e-06,-0.147824
3.3582877e-06,-0.141082
3.3583377e-06,-0.143301
3.3583877e-06,-0.150293
3.3584377e-06,-0.15021
3.3584877e-06,-0.14061
3.3585377e-06,-0.132176
3.3585877e-06,-0.134229
3.3586377e-06,-0.143468
3.3586877e-06,-0.150515
3.3587377e-06,-0.151624
3.3587877e-06,-0.14996
3.3588377e-06,-0.148378
3.3588877e-06,-0.147047
3.3589377e-06,-0.146242
3.3589877e-06,-0.146991
3.3590377e-06,-0.14799
3.3590877e-06,-0.146908
3.3591377e-06,-0.144938
3.3591877e-06,-0.146686
3.3592377e-06,-0.152623
3.3592877e-06,-0.156036
3.3593377e-06,-0.150848
3.3593877e-06,-0.140444
3.3594377e-06,-0.134285
3.3594877e-06,-0.136782
3.3595377e-06,-0.14283
3.3595877e-06,-0.144855
3.3596377e-06,-0.141581
3.3596877e-06,-0.137503
3.3597377e-06,-0.13681
3.3597877e-06,-0.140083
3.3598377e-06,-0.145743
3.3598877e-06,-0.150903
3.3599377e-06,-0.152623
3.3599877e-06,-0.150764
3.3600377e-06,-0.148323
3.3600877e-06,-0.146714
3.3601377e-06,-0.143662
3.3601877e-06,-0.138557
3.3602377e-06,-0.136643
3.3602877e-06,-0.142108
3.3603377e-06,-0.149294
3.3603877e-06,-0.146991
3.3604377e-06,-0.134007
3.3604877e-06,-0.12427
3.3605377e-06,-0.131289
3.3605877e-06,-0.149183
3.3606377e-06,-0.156729
3.3606877e-06,-0.143523
3.3607377e-06,-0.125046
3.3607877e-06,-0.124075
3.3608377e-06,-0.141359
3.3608877e-06,-0.154981
3.3609377e-06,-0.149793
3.3609877e-06,-0.135839
3.3610377e-06,-0.132093
3.3610877e-06,-0.141387
3.3611377e-06,-0.151014
3.3611877e-06,-0.152817
3.3612377e-06,-0.151569
3.3612877e-06,-0.153012
3.3613377e-06,-0.153788
3.3613877e-06,-0.147463
3.3614377e-06,-0.136116
3.3614877e-06,-0.130567
3.3615377e-06,-0.137142
3.3615877e-06,-0.147158
3.3616377e-06,-0.146242
3.3616877e-06,-0.133924
3.3617377e-06,-0.12599
3.3617877e-06,-0.133036
3.3618377e-06,-0.145576
3.3618877e-06,-0.148295
3.3619377e-06,-0.141637
3.3619877e-06,-0.137975
3.3620377e-06,-0.140999
3.3620877e-06,-0.14233
3.3621377e-06,-0.138197
3.3621877e-06,-0.136171
3.3622377e-06,-0.141332
3.3622877e-06,-0.146825
3.3623377e-06,-0.144467
3.3623877e-06,-0.137836
3.3624377e-06,-0.13692
3.3624877e-06,-0.143579
3.3625377e-06,-0.149044
3.3625877e-06,-0.14652
3.3626377e-06,-0.14025
3.3626877e-06,-0.138641
3.3627377e-06,-0.142552
3.3627877e-06,-0.144744
3.3628377e-06,-0.140777
3.3628877e-06,-0.134978
3.3629377e-06,-0.134507
3.3629877e-06,-0.139667
3.3630377e-06,-0.143607
3.3630877e-06,-0.141276
3.3631377e-06,-0.135644
3.3631877e-06,-0.133453
3.3632377e-06,-0.136532
3.3632877e-06,-0.140777
3.3633377e-06,-0.143468
3.3633877e-06,-0.14713
3.3634377e-06,-0.154121
3.3634877e-06,-0.160613
3.3635377e-06,-0.159614
3.3635877e-06,-0.149405
3.3636377e-06,-0.136782
3.3636877e-06,-0.130872
3.3637377e-06,-0.133647
3.3637877e-06,-0.138113
3.3638377e-06,-0.137031
3.3638877e-06,-0.1314
3.3639377e-06,-0.128487
3.3639877e-06,-0.132065
3.3640377e-06,-0.138197
3.3640877e-06,-0.140916
3.3641377e-06,-0.139861
3.3641877e-06,-0.13975
3.3642377e-06,-0.14394
3.3642877e-06,-0.14946
3.3643377e-06,-0.149183
3.3643877e-06,-0.140777
3.3644377e-06,-0.132315
3.3644877e-06,-0.135034
3.3645377e-06,-0.148656
3.3645877e-06,-0.159143
3.3646377e-06,-0.154094
3.3646877e-06,-0.137919
3.3647377e-06,-0.127377
3.3647877e-06,-0.132676
3.3648377e-06,-0.14652
3.3648877e-06,-0.153899
3.3649377e-06,-0.150348
3.3649877e-06,-0.145133
3.3650377e-06,-0.146381
3.3650877e-06,-0.14996
3.3651377e-06,-0.147269
3.3651877e-06,-0.13889
3.3652377e-06,-0.133397
3.3652877e-06,-0.134701
3.3653377e-06,-0.13742
3.3653877e-06,-0.135173
3.3654377e-06,-0.12918
3.3654877e-06,-0.125657
3.3655377e-06,-0.128043
3.3655877e-06,-0.134202
3.3656377e-06,-0.140555
3.3656877e-06,-0.14541
3.3657377e-06,-0.148739
3.3657877e-06,-0.150598
3.3658377e-06,-0.150959
3.3658877e-06,-0.150071
3.3659377e-06,-0.148046
3.3659877e-06,-0.144605
3.3660377e-06,-0.140333
3.3660877e-06,-0.137697
3.3661377e-06,-0.139223
3.3661877e-06,-0.143967
3.3662377e-06,-0.147657
3.3662877e-06,-0.146658
3.3663377e-06,-0.14147
3.3663877e-06,-0.135949
3.3664377e-06,-0.134257
3.3664877e-06,-0.137198
3.3665377e-06,-0.141443
3.3665877e-06,-0.142719
3.3666377e-06,-0.139917
3.3666877e-06,-0.134424
3.3667377e-06,-0.127737
3.3667877e-06,-0.1223
3.3668377e-06,-0.123132
3.3668877e-06,-0.132925
3.3669377e-06,-0.145604
3.3669877e-06,-0.150542
3.3670377e-06,-0.145327
3.3670877e-06,-0.139112
3.3671377e-06,-0.141221
3.3671877e-06,-0.149516
3.3672377e-06,-0.153761
3.3672877e-06,-0.14774
3.3673377e-06,-0.135478
3.3673877e-06,-0.127072
3.3674377e-06,-0.130512
3.3674877e-06,-0.144911
3.3675377e-06,-0.15881
3.3675877e-06,-0.158505
3.3676377e-06,-0.142636
3.3676877e-06,-0.126933
3.3677377e-06,-0.128376
3.3677877e-06,-0.144966
3.3678377e-06,-0.15734
3.3678877e-06,-0.152928
3.3679377e-06,-0.141443
3.3679877e-06,-0.140222
3.3680377e-06,-0.149627
3.3680877e-06,-0.153566
3.3681377e-06,-0.144689
3.3681877e-06,-0.136449
3.3682377e-06,-0.143607
3.3682877e-06,-0.15967
3.3683377e-06,-0.163942
3.3683877e-06,-0.148406
3.3684377e-06,-0.127682
3.3684877e-06,-0.121911
3.3685377e-06,-0.13434
3.3685877e-06,-0.149128
3.3686377e-06,-0.149821
3.3686877e-06,-0.137642
3.3687377e-06,-0.12943
3.3687877e-06,-0.136255
3.3688377e-06,-0.149155
3.3688877e-06,-0.15057
3.3689377e-06,-0.138141
3.3689877e-06,-0.127932
3.3690377e-06,-0.132787
3.3690877e-06,-0.145327
3.3691377e-06,-0.148906
3.3691877e-06,-0.139612
3.3692377e-06,-0.129513
3.3692877e-06,-0.129291
3.3693377e-06,-0.135644
3.3693877e-06,-0.138779
3.3694377e-06,-0.136477
3.3694877e-06,-0.135506
3.3695377e-06,-0.140194
3.3695877e-06,-0.145993
3.3696377e-06,-0.146658
3.3696877e-06,-0.14319
3.3697377e-06,-0.140832
3.3697877e-06,-0.140111
3.3698377e-06,-0.137198
3.3698877e-06,-0.13287
3.3699377e-06,-0.132898
3.3699877e-06,-0.137725
3.3700377e-06,-0.139029
3.3700877e-06,-0.131954
3.3701377e-06,-0.124159
3.3701877e-06,-0.126323
3.3702377e-06,-0.137559
3.3702877e-06,-0.146769
3.3703377e-06,-0.146825
3.3703877e-06,-0.140527
3.3704377e-06,-0.133952
3.3704877e-06,-0.130151
3.3705377e-06,-0.130234
3.3705877e-06,-0.1352
3.3706377e-06,-0.142525
3.3706877e-06,-0.144605
3.3707377e-06,-0.136393
3.3707877e-06,-0.124075
3.3708377e-06,-0.120718
3.3708877e-06,-0.131122
3.3709377e-06,-0.144189
3.3709877e-06,-0.144994
3.3710377e-06,-0.133758
3.3710877e-06,-0.126545
3.3711377e-06,-0.134535
3.3711877e-06,-0.148711
3.3712377e-06,-0.15168
3.3712877e-06,-0.140721
3.3713377e-06,-0.129901
3.3713877e-06,-0.130456
3.3714377e-06,-0.137725
3.3714877e-06,-0.140333
3.3715377e-06,-0.135173
3.3715877e-06,-0.128958
3.3716377e-06,-0.128598
3.3716877e-06,-0.133508
3.3717377e-06,-0.13803
3.3717877e-06,-0.137725
3.3718377e-06,-0.132953
3.3718877e-06,-0.127654
3.3719377e-06,-0.126156
3.3719877e-06,-0.129624
3.3720377e-06,-0.13484
3.3720877e-06,-0.137808
3.3721377e-06,-0.137725
3.3721877e-06,-0.135755
3.3722377e-06,-0.13312
3.3722877e-06,-0.132537
3.3723377e-06,-0.137642
3.3723877e-06,-0.146853
3.3724377e-06,-0.152207
3.3724877e-06,-0.148711
3.3725377e-06,-0.140749
3.3725877e-06,-0.135422
3.3726377e-06,-0.134091
3.3726877e-06,-0.134424
3.3727377e-06,-0.135866
3.3727877e-06,-0.13828
3.3728377e-06,-0.139778
3.3728877e-06,-0.139695
3.3729377e-06,-0.140472
3.3729877e-06,-0.142691
3.3730377e-06,-0.142802
3.3730877e-06,-0.138835
3.3731377e-06,-0.13434
3.3731877e-06,-0.13373
3.3732377e-06,-0.137031
3.3732877e-06,-0.141692
3.3733377e-06,-0.144855
3.3733877e-06,-0.143967
3.3734377e-06,-0.139251
3.3734877e-06,-0.135783
3.3735377e-06,-0.137614
3.3735877e-06,-0.141248
3.3736377e-06,-0.14061
3.3736877e-06,-0.136893
3.3737377e-06,-0.137725
3.3737877e-06,-0.145687
3.3738377e-06,-0.153455
3.3738877e-06,-0.151902
3.3739377e-06,-0.140777
3.3739877e-06,-0.129208
3.3740377e-06,-0.12685
3.3740877e-06,-0.135089
3.3741377e-06,-0.14602
3.3741877e-06,-0.149932
3.3742377e-06,-0.144689
3.3742877e-06,-0.138335
3.3743377e-06,-0.139695
3.3743877e-06,-0.146825
3.3744377e-06,-0.148628
3.3744877e-06,-0.138807
3.3745377e-06,-0.124353
3.3745877e-06,-0.117417
3.3746377e-06,-0.121773
3.3746877e-06,-0.131289
3.3747377e-06,-0.139057
3.3747877e-06,-0.142996
3.3748377e-06,-0.143967
3.3748877e-06,-0.142691
3.3749377e-06,-0.139972
3.3749877e-06,-0.137614
3.3750377e-06,-0.137864
3.3750877e-06,-0.142108
3.3751377e-06,-0.148989
3.3751877e-06,-0.154094
3.3752377e-06,-0.15365
3.3752877e-06,-0.149571
3.3753377e-06,-0.147713
3.3753877e-06,-0.149849
3.3754377e-06,-0.15032
3.3754877e-06,-0.144272
3.3755377e-06,-0.136171
3.3755877e-06,-0.134646
3.3756377e-06,-0.139362
3.3756877e-06,-0.140222
3.3757377e-06,-0.132121
3.3757877e-06,-0.12341
3.3758377e-06,-0.125185
3.3758877e-06,-0.135672
3.3759377e-06,-0.142885
3.3759877e-06,-0.14111
3.3760377e-06,-0.137115
3.3760877e-06,-0.138113
3.3761377e-06,-0.141609
3.3761877e-06,-0.141248
3.3762377e-06,-0.137614
3.3762877e-06,-0.136116
3.3763377e-06,-0.137503
3.3763877e-06,-0.137392
3.3764377e-06,-0.133813
3.3764877e-06,-0.129541
3.3765377e-06,-0.12771
3.3765877e-06,-0.129596
3.3766377e-06,-0.134091
3.3766877e-06,-0.136865
3.3767377e-06,-0.133647
3.3767877e-06,-0.127488
3.3768377e-06,-0.127654
3.3768877e-06,-0.136615
3.3769377e-06,-0.144744
3.3769877e-06,-0.14308
3.3770377e-06,-0.135339
3.3770877e-06,-0.131622
3.3771377e-06,-0.135644
3.3771877e-06,-0.142441
3.3772377e-06,-0.145133
3.3772877e-06,-0.140805
3.3773377e-06,-0.132121
3.3773877e-06,-0.125795
3.3774377e-06,-0.126489
3.3774877e-06,-0.131344
3.3775377e-06,-0.134229
3.3775877e-06,-0.134673
3.3776377e-06,-0.138058
3.3776877e-06,-0.145382
3.3777377e-06,-0.148573
3.3777877e-06,-0.140888
3.3778377e-06,-0.128459
3.3778877e-06,-0.124741
3.3779377e-06,-0.13348
3.3779877e-06,-0.143634
3.3780377e-06,-0.144383
3.3780877e-06,-0.139084
3.3781377e-06,-0.138752
3.3781877e-06,-0.144855
3.3782377e-06,-0.14688
3.3782877e-06,-0.138335
3.3783377e-06,-0.127821
3.3783877e-06,-0.12832
3.3784377e-06,-0.139445
3.3784877e-06,-0.148018
3.3785377e-06,-0.14541
3.3785877e-06,-0.137642
3.3786377e-06,-0.135672
3.3786877e-06,-0.141193
3.3787377e-06,-0.146464
3.3787877e-06,-0.145743
3.3788377e-06,-0.141054
3.3788877e-06,-0.13692
3.3789377e-06,-0.133758
3.3789877e-06,-0.130234
3.3790377e-06,-0.128431
3.3790877e-06,-0.131649
3.3791377e-06,-0.138335
3.3791877e-06,-0.142802
3.3792377e-06,-0.142497
3.3792877e-06,-0.139612
3.3793377e-06,-0.135866
3.3793877e-06,-0.131039
3.3794377e-06,-0.127543
3.3794877e-06,-0.129874
3.3795377e-06,-0.137309
3.3795877e-06,-0.141692
3.3796377e-06,-0.137337
3.3796877e-06,-0.129041
3.3797377e-06,-0.126434
3.3797877e-06,-0.131538
3.3798377e-06,-0.13692
3.3798877e-06,-0.136421
3.3799377e-06,-0.133009
3.3799877e-06,-0.133231
3.3800377e-06,-0.136504
3.3800877e-06,-0.13606
3.3801377e-06,-0.129846
3.3801877e-06,-0.124852
3.3802377e-06,-0.127127
3.3802877e-06,-0.132398
3.3803377e-06,-0.132593
3.3803877e-06,-0.128598
3.3804377e-06,-0.129152
3.3804877e-06,-0.136976
3.3805377e-06,-0.143995
3.3805877e-06,-0.14369
3.3806377e-06,-0.140388
3.3806877e-06,-0.141415
3.3807377e-06,-0.145965
3.3807877e-06,-0.147269
3.3808377e-06,-0.142663
3.3808877e-06,-0.135894
3.3809377e-06,-0.131566
3.3809877e-06,-0.130789
3.3810377e-06,-0.131538
3.3810877e-06,-0.132343
3.3811377e-06,-0.134313
3.3811877e-06,-0.139584
3.3812377e-06,-0.146853
3.3812877e-06,-0.150404
3.3813377e-06,-0.146214
3.3813877e-06,-0.13767
3.3814377e-06,-0.132537
3.3814877e-06,-0.134007
3.3815377e-06,-0.137808
3.3815877e-06,-0.138391
3.3816377e-06,-0.135783
3.3816877e-06,-0.133924
3.3817377e-06,-0.134063
3.3817877e-06,-0.13287
3.3818377e-06,-0.128265
3.3818877e-06,-0.123299
3.3819377e-06,-0.121856
3.3819877e-06,-0.123937
3.3820377e-06,-0.127654
3.3820877e-06,-0.13262
3.3821377e-06,-0.137975
3.3821877e-06,-0.140694
3.3822377e-06,-0.139195
3.3822877e-06,-0.136033
3.3823377e-06,-0.134535
3.3823877e-06,-0.134285
3.3824377e-06,-0.132648
3.3824877e-06,-0.128459
3.3825377e-06,-0.122938
3.3825877e-06,-0.118887
3.3826377e-06,-0.120302
3.3826877e-06,-0.129097
3.3827377e-06,-0.140388
3.3827877e-06,-0.145271
3.3828377e-06,-0.140721
3.3828877e-06,-0.132925
3.3829377e-06,-0.128598
3.3829877e-06,-0.127959
3.3830377e-06,-0.128292
3.3830877e-06,-0.129097
3.3831377e-06,-0.129513
3.3831877e-06,-0.127155
3.3832377e-06,-0.123798
3.3832877e-06,-0.126794
3.3833377e-06,-0.138474
3.3833877e-06,-0.14885
3.3834377e-06,-0.145993
3.3834877e-06,-0.131649
3.3835377e-06,-0.120136
3.3835877e-06,-0.12144
3.3836377e-06,-0.131427
3.3836877e-06,-0.139556
3.3837377e-06,-0.140083
3.3837877e-06,-0.134091
3.3838377e-06,-0.126101
3.3838877e-06,-0.121995
3.3839377e-06,-0.125879
3.3839877e-06,-0.135228
3.3840377e-06,-0.141887
3.3840877e-06,-0.140721
3.3841377e-06,-0.134729
3.3841877e-06,-0.130651
3.3842377e-06,-0.131261
3.3842877e-06,-0.134035
3.3843377e-06,-0.135256
3.3843877e-06,-0.13287
3.3844377e-06,-0.127765
3.3844877e-06,-0.124325
3.3845377e-06,-0.127238
3.3845877e-06,-0.135006
3.3846377e-06,-0.139806
3.3846877e-06,-0.137448
3.3847377e-06,-0.133591
3.3847877e-06,-0.1352
3.3848377e-06,-0.140416
3.3848877e-06,-0.141914
3.3849377e-06,-0.137392
3.3849877e-06,-0.132176
3.3850377e-06,-0.131677
3.3850877e-06,-0.135672
3.3851377e-06,-0.13939
3.3851877e-06,-0.139112
3.3852377e-06,-0.135894
3.3852877e-06,-0.134396
3.3853377e-06,-0.137115
3.3853877e-06,-0.140721
3.3854377e-06,-0.140139
3.3854877e-06,-0.136282
3.3855377e-06,-0.13484
3.3855877e-06,-0.137142
3.3856377e-06,-0.137614
3.3856877e-06,-0.133092
3.3857377e-06,-0.128764
3.3857877e-06,-0.130817
3.3858377e-06,-0.136976
3.3858877e-06,-0.140277
3.3859377e-06,-0.139528
3.3859877e-06,-0.140499
3.3860377e-06,-0.146131
3.3860877e-06,-0.15082
3.3861377e-06,-0.147879
3.3861877e-06,-0.139417
3.3862377e-06,-0.134313
3.3862877e-06,-0.136948
3.3863377e-06,-0.143301
3.3863877e-06,-0.148046
3.3864377e-06,-0.14971
3.3864877e-06,-0.14774
3.3865377e-06,-0.141221
3.3865877e-06,-0.132953
3.3866377e-06,-0.130179
3.3866877e-06,-0.135783
3.3867377e-06,-0.142247
3.3867877e-06,-0.140416
3.3868377e-06,-0.13201
3.3868877e-06,-0.127654
3.3869377e-06,-0.132509
3.3869877e-06,-0.139362
3.3870377e-06,-0.138696
3.3870877e-06,-0.130401
3.3871377e-06,-0.121995
3.3871877e-06,-0.118083
3.3872377e-06,-0.117306
3.3872877e-06,-0.118471
3.3873377e-06,-0.122938
3.3873877e-06,-0.129596
3.3874377e-06,-0.133036
3.3874877e-06,-0.130595
3.3875377e-06,-0.127044
3.3875877e-06,-0.128847
3.3876377e-06,-0.135977
3.3876877e-06,-0.142136
3.3877377e-06,-0.141776
3.3877877e-06,-0.136393
3.3878377e-06,-0.13434
3.3878877e-06,-0.14111
3.3879377e-06,-0.14946
3.3879877e-06,-0.146076
3.3880377e-06,-0.131039
3.3880877e-06,-0.121939
3.3881377e-06,-0.131039
3.3881877e-06,-0.146714
3.3882377e-06,-0.146964
3.3882877e-06,-0.128348
3.3883377e-06,-0.111008
3.3883877e-06,-0.11345
3.3884377e-06,-0.13054
3.3884877e-06,-0.141998
3.3885377e-06,-0.137697
3.3885877e-06,-0.127405
3.3886377e-06,-0.125629
3.3886877e-06,-0.133203
3.3887377e-06,-0.138391
3.3887877e-06,-0.13434
3.3888377e-06,-0.128292
3.3888877e-06,-0.130151
3.3889377e-06,-0.137226
3.3889877e-06,-0.137475
3.3890377e-06,-0.126406
3.3890877e-06,-0.11406
3.3891377e-06,-0.113644
3.3891877e-06,-0.127377
3.3892377e-06,-0.144328
3.3892877e-06,-0.150542
3.3893377e-06,-0.14172
3.3893877e-06,-0.127654
3.3894377e-06,-0.123243
3.3894877e-06,-0.132482
3.3895377e-06,-0.14344
3.3895877e-06,-0.142053
3.3896377e-06,-0.129402
3.3896877e-06,-0.120275
3.3897377e-06,-0.124963
3.3897877e-06,-0.137475
3.3898377e-06,-0.144161
3.3898877e-06,-0.139861
3.3899377e-06,-0.131344
3.3899877e-06,-0.126655
3.3900377e-06,-0.126988
3.3900877e-06,-0.128986
3.3901377e-06,-0.130068
3.3901877e-06,-0.129152
3.3902377e-06,-0.126434
3.3902877e-06,-0.124325
3.3903377e-06,-0.126073
3.3903877e-06,-0.131372
3.3904377e-06,-0.135644
3.3904877e-06,-0.135478
3.3905377e-06,-0.133009
3.3905877e-06,-0.132038
3.3906377e-06,-0.132593
3.3906877e-06,-0.131816
3.3907377e-06,-0.12857
3.3907877e-06,-0.124713
3.3908377e-06,-0.123437
3.3908877e-06,-0.127876
3.3909377e-06,-0.138058
3.3909877e-06,-0.148406
3.3910377e-06,-0.151042
3.3910877e-06,-0.143523
3.3911377e-06,-0.131178
3.3911877e-06,-0.121745
3.3912377e-06,-0.11947
3.3912877e-06,-0.123798
3.3913377e-06,-0.132176
3.3913877e-06,-0.14197
3.3914377e-06,-0.149627
3.3914877e-06,-0.15057
3.3915377e-06,-0.143551
3.3915877e-06,-0.134784
3.3916377e-06,-0.133092
3.3916877e-06,-0.139057
3.3917377e-06,-0.143579
3.3917877e-06,-0.139945
3.3918377e-06,-0.133453
3.3918877e-06,-0.134951
3.3919377e-06,-0.145382
3.3919877e-06,-0.152845
3.3920377e-06,-0.146547
3.3920877e-06,-0.130207
3.3921377e-06,-0.11836
3.3921877e-06,-0.120358
3.3922377e-06,-0.130817
3.3922877e-06,-0.13692
3.3923377e-06,-0.133702
3.3923877e-06,-0.129541
3.3924377e-06,-0.135006
3.3924877e-06,-0.14774
3.3925377e-06,-0.153039
3.3925877e-06,-0.14258
3.3926377e-06,-0.127321
3.3926877e-06,-0.124325
3.3927377e-06,-0.133314
3.3927877e-06,-0.137919
3.3928377e-06,-0.131427
3.3928877e-06,-0.126461
3.3929377e-06,-0.133203
3.3929877e-06,-0.141692
3.3930377e-06,-0.137808
3.3930877e-06,-0.126628
3.3931377e-06,-0.125046
3.3931877e-06,-0.136893
3.3932377e-06,-0.148878
3.3932877e-06,-0.149849
3.3933377e-06,-0.142608
3.3933877e-06,-0.1357
3.3934377e-06,-0.132759
3.3934877e-06,-0.133147
3.3935377e-06,-0.136504
3.3935877e-06,-0.141748
3.3936377e-06,-0.144134
3.3936877e-06,-0.139639
3.3937377e-06,-0.131372
3.3937877e-06,-0.127294
3.3938377e-06,-0.130928
3.3938877e-06,-0.137975
3.3939377e-06,-0.141692
3.3939877e-06,-0.139612
3.3940377e-06,-0.134396
3.3940877e-06,-0.130872
3.3941377e-06,-0.131954
3.3941877e-06,-0.136532
3.3942377e-06,-0.140333
3.3942877e-06,-0.139723
3.3943377e-06,-0.135395
3.3943877e-06,-0.131566
3.3944377e-06,-0.130817
3.3944877e-06,-0.1314
3.3945377e-06,-0.129818
3.3945877e-06,-0.125879
3.3946377e-06,-0.123243
3.3946877e-06,-0.124991
3.3947377e-06,-0.129874
3.3947877e-06,-0.13373
3.3948377e-06,-0.133675
3.3948877e-06,-0.130706
3.3949377e-06,-0.128736
3.3949877e-06,-0.130983
3.3950377e-06,-0.136005
3.3950877e-06,-0.138224
3.3951377e-06,-0.135228
3.3951877e-06,-0.132065
3.3952377e-06,-0.133591
3.3952877e-06,-0.135839
3.3953377e-06,-0.131233
3.3953877e-06,-0.121301
3.3954377e-06,-0.115725
3.3954877e-06,-0.118333
3.3955377e-06,-0.122133
3.3955877e-06,-0.121495
3.3956377e-06,-0.121162
3.3956877e-06,-0.126933
3.3957377e-06,-0.133619
3.3957877e-06,-0.132121
3.3958377e-06,-0.125435
3.3958877e-06,-0.126295
3.3959377e-06,-0.137448
3.3959877e-06,-0.144578
3.3960377e-06,-0.135228
3.3960877e-06,-0.11775
3.3961377e-06,-0.112201
3.3961877e-06,-0.125157
3.3962377e-06,-0.142608
3.3962877e-06,-0.147713
3.3963377e-06,-0.138419
3.3963877e-06,-0.125657
3.3964377e-06,-0.120913
3.3964877e-06,-0.125934
3.3965377e-06,-0.132343
3.3965877e-06,-0.130373
3.3966377e-06,-0.119636
3.3966877e-06,-0.110065
3.3967377e-06,-0.11087
3.3967877e-06,-0.12119
3.3968377e-06,-0.131788
3.3968877e-06,-0.135367
3.3969377e-06,-0.133314
3.3969877e-06,-0.132565
3.3970377e-06,-0.136199
3.3970877e-06,-0.140333
3.3971377e-06,-0.140583
3.3971877e-06,-0.137614
3.3972377e-06,-0.134368
3.3972877e-06,-0.1314
3.3973377e-06,-0.127627
3.3973877e-06,-0.124214
3.3974377e-06,-0.12427
3.3974877e-06,-0.129014
3.3975377e-06,-0.135145
3.3975877e-06,-0.137919
3.3976377e-06,-0.136282
3.3976877e-06,-0.133203
3.3977377e-06,-0.13029
3.3977877e-06,-0.12599
3.3978377e-06,-0.120469
3.3978877e-06,-0.118471
3.3979377e-06,-0.123132
3.3979877e-06,-0.130373
3.3980377e-06,-0.133036
3.3980877e-06,-0.130012
3.3981377e-06,-0.127155
3.3981877e-06,-0.128819
3.3982377e-06,-0.131899
3.3982877e-06,-0.130234
3.3983377e-06,-0.123604
3.3983877e-06,-0.118665
3.3984377e-06,-0.12058
3.3984877e-06,-0.126239
3.3985377e-06,-0.128237
3.3985877e-06,-0.124797
3.3986377e-06,-0.122494
3.3986877e-06,-0.127432
3.3987377e-06,-0.137309
3.3987877e-06,-0.144661
3.3988377e-06,-0.146048
3.3988877e-06,-0.143829
3.3989377e-06,-0.139584
3.3989877e-06,-0.132482
3.3990377e-06,-0.12513
3.3990877e-06,-0.124741
3.3991377e-06,-0.133369
3.3991877e-06,-0.140971
3.3992377e-06,-0.1357
3.3992877e-06,-0.120219
3.3993377e-06,-0.111092
3.3993877e-06,-0.118749
3.3994377e-06,-0.134007
3.3994877e-06,-0.139612
3.3995377e-06,-0.131483
3.3995877e-06,-0.121773
3.3996377e-06,-0.121495
3.3996877e-06,-0.127959
3.3997377e-06,-0.131871
3.3997877e-06,-0.130345
3.3998377e-06,-0.127432
3.3998877e-06,-0.126545
3.3999377e-06,-0.127238
3.3999877e-06,-0.128181
3.4000377e-06,-0.128598
3.4000877e-06,-0.128265
3.4001377e-06,-0.127488
3.4001877e-06,-0.127127
3.4002377e-06,-0.126794
3.4002877e-06,-0.124408
3.4003377e-06,-0.119498
3.4003877e-06,-0.115752
3.4004377e-06,-0.117306
3.4004877e-06,-0.123021
3.4005377e-06,-0.126794
3.4005877e-06,-0.125102
3.4006377e-06,-0.121384
3.4006877e-06,-0.120857
3.4007377e-06,-0.122827
3.4007877e-06,-0.121911
3.4008377e-06,-0.117389
3.4008877e-06,-0.116307
3.4009377e-06,-0.123382
3.4009877e-06,-0.131733
3.4010377e-06,-0.130817
3.4010877e-06,-0.122577
3.4011377e-06,-0.120302
3.4011877e-06,-0.129347
3.4012377e-06,-0.138391
3.4012877e-06,-0.135284
3.4013377e-06,-0.123687
3.4013877e-06,-0.117251
3.4014377e-06,-0.121135
3.4014877e-06,-0.12771
3.4015377e-06,-0.128792
3.4015877e-06,-0.125518
3.4016377e-06,-0.124686
3.4016877e-06,-0.128348
3.4017377e-06,-0.130734
3.4017877e-06,-0.126073
3.4018377e-06,-0.117861
3.4018877e-06,-0.116335
3.4019377e-06,-0.125574
3.4019877e-06,-0.13692
3.4020377e-06,-0.138946
3.4020877e-06,-0.131316
3.4021377e-06,-0.123853
3.4021877e-06,-0.123437
3.4022377e-06,-0.127099
3.4022877e-06,-0.128819
3.4023377e-06,-0.128237
3.4023877e-06,-0.129014
3.4024377e-06,-0.132038
3.4024877e-06,-0.133924
3.4025377e-06,-0.132038
3.4025877e-06,-0.127987
3.4026377e-06,-0.125518
3.4026877e-06,-0.126184
3.4027377e-06,-0.128403
3.4027877e-06,-0.130623
3.4028377e-06,-0.133813
3.4028877e-06,-0.138557
3.4029377e-06,-0.140832
3.4029877e-06,-0.1352
3.4030377e-06,-0.123826
3.4030877e-06,-0.116862
3.4031377e-06,-0.119997
3.4031877e-06,-0.126766
3.4032377e-06,-0.128348
3.4032877e-06,-0.126295
3.4033377e-06,-0.128292
3.4033877e-06,-0.134535
3.4034377e-06,-0.137448
3.4034877e-06,-0.134562
3.4035377e-06,-0.131816
3.4035877e-06,-0.13348
3.4036377e-06,-0.137281
3.4036877e-06,-0.140832
3.4037377e-06,-0.1443
3.4037877e-06,-0.144217
3.4038377e-06,-0.134923
3.4038877e-06,-0.119942
3.4039377e-06,-0.113089
3.4039877e-06,-0.12144
3.4040377e-06,-0.133813
3.4040877e-06,-0.13434
3.4041377e-06,-0.123049
3.4041877e-06,-0.11431
3.4042377e-06,-0.116529
3.4042877e-06,-0.123132
3.4043377e-06,-0.124686
3.4043877e-06,-0.121107
3.4044377e-06,-0.118499
3.4044877e-06,-0.119803
3.4045377e-06,-0.122577
3.4045877e-06,-0.123326
3.4046377e-06,-0.121024
3.4046877e-06,-0.117972
3.4047377e-06,-0.118333
3.4047877e-06,-0.124131
3.4048377e-06,-0.131871
3.4048877e-06,-0.134812
3.4049377e-06,-0.130345
3.4049877e-06,-0.122855
3.4050377e-06,-0.118055
3.4050877e-06,-0.116252
3.4051377e-06,-0.114448
3.4051877e-06,-0.113394
3.4052377e-06,-0.117889
3.4052877e-06,-0.128431
3.4053377e-06,-0.137614
3.4053877e-06,-0.13803
3.4054377e-06,-0.131011
3.4054877e-06,-0.124325
3.4055377e-06,-0.121911
3.4055877e-06,-0.120774
3.4056377e-06,-0.117833
3.4056877e-06,-0.114892
3.4057377e-06,-0.114282
3.4057877e-06,-0.114282
3.4058377e-06,-0.113228
3.4058877e-06,-0.114476
3.4059377e-06,-0.121523
3.4059877e-06,-0.130429
3.4060377e-06,-0.133009
3.4060877e-06,-0.12807
3.4061377e-06,-0.123576
3.4061877e-06,-0.125157
3.4062377e-06,-0.128514
3.4062877e-06,-0.127099
3.4063377e-06,-0.122993
3.4063877e-06,-0.123271
3.4064377e-06,-0.128043
3.4064877e-06,-0.129485
3.4065377e-06,-0.123715
3.4065877e-06,-0.117306
3.4066377e-06,-0.118693
3.4066877e-06,-0.126295
3.4067377e-06,-0.129874
3.4067877e-06,-0.123631
3.4068377e-06,-0.114421
3.4068877e-06,-0.113533
3.4069377e-06,-0.121773
3.4069877e-06,-0.127765
3.4070377e-06,-0.122799
3.4070877e-06,-0.112839
3.4071377e-06,-0.110648
3.4071877e-06,-0.119387
3.4072377e-06,-0.12943
3.4072877e-06,-0.130983
3.4073377e-06,-0.125268
3.4073877e-06,-0.121162
3.4074377e-06,-0.124242
3.4074877e-06,-0.13201
3.4075377e-06,-0.138141
3.4075877e-06,-0.138752
3.4076377e-06,-0.135006
3.4076877e-06,-0.1314
3.4077377e-06,-0.13054
3.4077877e-06,-0.130345
3.4078377e-06,-0.128625
3.4078877e-06,-0.128154
3.4079377e-06,-0.132482
3.4079877e-06,-0.137586
3.4080377e-06,-0.135228
3.4080877e-06,-0.12488
3.4081377e-06,-0.11603
3.4081877e-06,-0.11628
3.4082377e-06,-0.122855
3.4082877e-06,-0.128681
3.4083377e-06,-0.131871
3.4083877e-06,-0.135034
3.4084377e-06,-0.137586
3.4084877e-06,-0.134923
3.4085377e-06,-0.126128
3.4085877e-06,-0.118443
3.4086377e-06,-0.119692
3.4086877e-06,-0.127377
3.4087377e-06,-0.130068
3.4087877e-06,-0.12205
3.4088377e-06,-0.112035
3.4088877e-06,-0.112978
3.4089377e-06,-0.125712
3.4089877e-06,-0.137725
3.4090377e-06,-0.138557
3.4090877e-06,-0.131261
3.4091377e-06,-0.126128
3.4091877e-06,-0.127599
3.4092377e-06,-0.130845
3.4092877e-06,-0.130401
3.4093377e-06,-0.127044
3.4093877e-06,-0.125352
3.4094377e-06,-0.127099
3.4094877e-06,-0.129319
3.4095377e-06,-0.128043
3.4095877e-06,-0.123021
3.4096377e-06,-0.118915
3.4096877e-06,-0.121246
3.4097377e-06,-0.129901
3.4097877e-06,-0.137475
3.4098377e-06,-0.13681
3.4098877e-06,-0.129901
3.4099377e-06,-0.126628
3.4099877e-06,-0.132704
3.4100377e-06,-0.141027
3.4100877e-06,-0.139501
3.4101377e-06,-0.126877
3.4101877e-06,-0.115669
3.4102377e-06,-0.117556
3.4102877e-06,-0.129763
3.4103377e-06,-0.139223
3.4103877e-06,-0.138419
3.4104377e-06,-0.133064
3.4104877e-06,-0.133036
3.4105377e-06,-0.139334
3.4105877e-06,-0.143718
3.4106377e-06,-0.140416
3.4106877e-06,-0.132537
3.4107377e-06,-0.127016
3.4107877e-06,-0.127821
3.4108377e-06,-0.134895
3.4108877e-06,-0.143856
3.4109377e-06,-0.145771
3.4109877e-06,-0.135506
3.4110377e-06,-0.121273
3.4110877e-06,-0.118055
3.4111377e-06,-0.127516
3.4111877e-06,-0.134451
3.4112377e-06,-0.127876
3.4112877e-06,-0.116501
3.4113377e-06,-0.11517
3.4113877e-06,-0.12427
3.4114377e-06,-0.131261
3.4114877e-06,-0.128181
3.4115377e-06,-0.119248
3.4115877e-06,-0.113949
3.4116377e-06,-0.117583
3.4116877e-06,-0.127349
3.4117377e-06,-0.134063
3.4117877e-06,-0.130595
3.4118377e-06,-0.120691
3.4118877e-06,-0.116252
3.4119377e-06,-0.122272
3.4119877e-06,-0.129319
3.4120377e-06,-0.12599
3.4120877e-06,-0.11553
3.4121377e-06,-0.112867
3.4121877e-06,-0.124436
3.4122377e-06,-0.138918
3.4122877e-06,-0.141443
3.4123377e-06,-0.131982
3.4123877e-06,-0.123271
3.4124377e-06,-0.123132
3.4124877e-06,-0.126933
3.4125377e-06,-0.127294
3.4125877e-06,-0.124381
3.4126377e-06,-0.123576
3.4126877e-06,-0.126988
3.4127377e-06,-0.131205
3.4127877e-06,-0.131982
3.4128377e-06,-0.128875
3.4128877e-06,-0.125463
3.4129377e-06,-0.125629
3.4129877e-06,-0.129097
3.4130377e-06,-0.131233
3.4130877e-06,-0.127516
3.4131377e-06,-0.118443
3.4131877e-06,-0.109566
3.4132377e-06,-0.106236
3.4132877e-06,-0.108983
3.4133377e-06,-0.11431
3.4133877e-06,-0.118943
3.4134377e-06,-0.122383
3.4134877e-06,-0.125102
3.4135377e-06,-0.125962
3.4135877e-06,-0.123881
3.4136377e-06,-0.121218
3.4136877e-06,-0.121911
3.4137377e-06,-0.12549
3.4137877e-06,-0.12721
3.4138377e-06,-0.12574
3.4138877e-06,-0.126101
3.4139377e-06,-0.1314
3.4139877e-06,-0.135728
3.4140377e-06,-0.132176
3.4140877e-06,-0.124492
3.4141377e-06,-0.122882
3.4141877e-06,-0.128653
3.4142377e-06,-0.132593
3.4142877e-06,-0.13029
3.4143377e-06,-0.128209
3.4143877e-06,-0.130345
3.4144377e-06,-0.129513
3.4144877e-06,-0.120663
3.4145377e-06,-0.113089
3.4145877e-06,-0.118166
3.4146377e-06,-0.12979
3.4146877e-06,-0.130928
3.4147377e-06,-0.118554
3.4147877e-06,-0.108733
3.4148377e-06,-0.113533
3.4148877e-06,-0.12513
3.4149377e-06,-0.129347
3.4149877e-06,-0.125157
3.4150377e-06,-0.121384
3.4150877e-06,-0.120718
3.4151377e-06,-0.118499
3.4151877e-06,-0.115281
3.4152377e-06,-0.117722
3.4152877e-06,-0.125268
3.4153377e-06,-0.127377
3.4153877e-06,-0.119387
3.4154377e-06,-0.112257
3.4154877e-06,-0.117944
3.4155377e-06,-0.131649
3.4155877e-06,-0.138585
3.4156377e-06,-0.134562
3.4156877e-06,-0.129069
3.4157377e-06,-0.128431
3.4157877e-06,-0.128154
3.4158377e-06,-0.123881
3.4158877e-06,-0.119581
3.4159377e-06,-0.120275
3.4159877e-06,-0.124408
3.4160377e-06,-0.127155
3.4160877e-06,-0.12599
3.4161377e-06,-0.121468
3.4161877e-06,-0.116723
3.4162377e-06,-0.115725
3.4162877e-06,-0.119137
3.4163377e-06,-0.123548
3.4163877e-06,-0.126489
3.4164377e-06,-0.129097
3.4164877e-06,-0.131427
3.4165377e-06,-0.131178
3.4165877e-06,-0.128903
3.4166377e-06,-0.129208
3.4166877e-06,-0.133397
3.4167377e-06,-0.136671
3.4167877e-06,-0.13656
3.4168377e-06,-0.136588
3.4168877e-06,-0.137337
3.4169377e-06,-0.132149
3.4169877e-06,-0.11886
3.4170377e-06,-0.108484
3.4170877e-06,-0.112895
3.4171377e-06,-0.12771
3.4171877e-06,-0.13717
3.4172377e-06,-0.133896
3.4172877e-06,-0.126017
3.4173377e-06,-0.124297
3.4173877e-06,-0.129652
3.4174377e-06,-0.135145
3.4174877e-06,-0.135533
3.4175377e-06,-0.13176
3.4175877e-06,-0.128708
3.4176377e-06,-0.129707
3.4176877e-06,-0.13287
3.4177377e-06,-0.132509
3.4177877e-06,-0.126434
3.4178377e-06,-0.120441
3.4178877e-06,-0.121551
3.4179377e-06,-0.128459
3.4179877e-06,-0.132842
3.4180377e-06,-0.130761
3.4180877e-06,-0.127599
3.4181377e-06,-0.130012
3.4181877e-06,-0.1357
3.4182377e-06,-0.135728
3.4182877e-06,-0.126877
3.4183377e-06,-0.117223
3.4183877e-06,-0.116446
3.4184377e-06,-0.124381
3.4184877e-06,-0.132704
3.4185377e-06,-0.135311
3.4185877e-06,-0.132842
3.4186377e-06,-0.128431
3.4186877e-06,-0.123853
3.4187377e-06,-0.120247
3.4187877e-06,-0.119387
3.4188377e-06,-0.122882
3.4188877e-06,-0.129763
3.4189377e-06,-0.135811
3.4189877e-06,-0.137004
3.4190377e-06,-0.133314
3.4190877e-06,-0.128625
3.4191377e-06,-0.127016
3.4191877e-06,-0.129402
3.4192377e-06,-0.133258
3.4192877e-06,-0.134701
3.4193377e-06,-0.13176
3.4193877e-06,-0.126101
3.4194377e-06,-0.121717
3.4194877e-06,-0.122328
3.4195377e-06,-0.128903
3.4195877e-06,-0.137892
3.4196377e-06,-0.141526
3.4196877e-06,-0.134535
3.4197377e-06,-0.122771
3.4197877e-06,-0.120275
3.4198377e-06,-0.132648
3.4198877e-06,-0.146686
3.4199377e-06,-0.144744
3.4199877e-06,-0.128015
3.4200377e-06,-0.117334
3.4200877e-06,-0.126822
3.4201377e-06,-0.144078
3.4201877e-06,-0.145216
3.4202377e-06,-0.127099
3.4202877e-06,-0.112562
3.4203377e-06,-0.119775
3.4203877e-06,-0.137753
3.4204377e-06,-0.142885
3.4204877e-06,-0.131039
3.4205377e-06,-0.120053
3.4205877e-06,-0.122827
3.4206377e-06,-0.132176
3.4206877e-06,-0.134673
3.4207377e-06,-0.128875
3.4207877e-06,-0.124103
3.4208377e-06,-0.126434
3.4208877e-06,-0.131622
3.4209377e-06,-0.131344
3.4209877e-06,-0.123909
3.4210377e-06,-0.116973
3.4210877e-06,-0.118416
3.4211377e-06,-0.126073
3.4211877e-06,-0.13054
3.4212377e-06,-0.127238
3.4212877e-06,-0.121135
3.4213377e-06,-0.119054
3.4213877e-06,-0.122383
3.4214377e-06,-0.129125
3.4214877e-06,-0.138252
3.4215377e-06,-0.147324
3.4215877e-06,-0.149044
3.4216377e-06,-0.13742
3.4216877e-06,-0.118333
3.4217377e-06,-0.107402
3.4217877e-06,-0.112229
3.4218377e-06,-0.122633
3.4218877e-06,-0.124547
3.4219377e-06,-0.119137
3.4219877e-06,-0.118915
3.4220377e-06,-0.127821
3.4220877e-06,-0.135311
3.4221377e-06,-0.132925
3.4221877e-06,-0.126489
3.4222377e-06,-0.124963
3.4222877e-06,-0.125324
3.4223377e-06,-0.118832
3.4223877e-06,-0.108012
3.4224377e-06,-0.104489
3.4224877e-06,-0.110759
3.4225377e-06,-0.115919
3.4225877e-06,-0.113089
3.4226377e-06,-0.109982
3.4226877e-06,-0.115447
3.4227377e-06,-0.124075
3.4227877e-06,-0.123354
3.4228377e-06,-0.11259
3.4228877e-06,-0.104655
3.4229377e-06,-0.10951
3.4229877e-06,-0.12316
3.4230377e-06,-0.133786
3.4230877e-06,-0.133591
3.4231377e-06,-0.124492
3.4231877e-06,-0.116002
3.4232377e-06,-0.116973
3.4232877e-06,-0.126239
3.4233377e-06,-0.132093
3.4233877e-06,-0.125879
3.4234377e-06,-0.114532
3.4234877e-06,-0.114227
3.4235377e-06,-0.129624
3.4235877e-06,-0.145493
3.4236377e-06,-0.144328
3.4236877e-06,-0.127682
3.4237377e-06,-0.113588
3.4237877e-06,-0.114837
3.4238377e-06,-0.126517
3.4238877e-06,-0.13484
3.4239377e-06,-0.133425
3.4239877e-06,-0.128653
3.4240377e-06,-0.129985
3.4240877e-06,-0.137892
3.4241377e-06,-0.14308
3.4241877e-06,-0.137448
3.4242377e-06,-0.124103
3.4242877e-06,-0.115669
3.4243377e-06,-0.121773
3.4243877e-06,-0.137975
3.4244377e-06,-0.148406
3.4244877e-06,-0.141942
3.4245377e-06,-0.125324
3.4245877e-06,-0.11553
3.4246377e-06,-0.119831
3.4246877e-06,-0.128487
3.4247377e-06,-0.129374
3.4247877e-06,-0.123104
3.4248377e-06,-0.118443
3.4248877e-06,-0.117805
3.4249377e-06,-0.115309
3.4249877e-06,-0.109039
3.4250377e-06,-0.106431
3.4250877e-06,-0.113866
3.4251377e-06,-0.126128
3.4251877e-06,-0.131982
3.4252377e-06,-0.128237
3.4252877e-06,-0.121412
3.4253377e-06,-0.117112
3.4253877e-06,-0.114892
3.4254377e-06,-0.114559
3.4254877e-06,-0.119692
3.4255377e-06,-0.13004
3.4255877e-06,-0.137059
3.4256377e-06,-0.133036
3.4256877e-06,-0.122189
3.4257377e-06,-0.116501
3.4257877e-06,-0.120857
3.4258377e-06,-0.127654
3.4258877e-06,-0.126961
3.4259377e-06,-0.118471
3.4259877e-06,-0.110509
3.4260377e-06,-0.109316
3.4260877e-06,-0.113339
3.4261377e-06,-0.118
3.4261877e-06,-0.122328
3.4262377e-06,-0.127599
3.4262877e-06,-0.130983
3.4263377e-06,-0.127155
3.4263877e-06,-0.117001
3.4264377e-06,-0.109788
3.4264877e-06,-0.111674
3.4265377e-06,-0.117417
3.4265877e-06,-0.118222
3.4266377e-06,-0.114448
3.4266877e-06,-0.113477
3.4267377e-06,-0.117251
3.4267877e-06,-0.119359
3.4268377e-06,-0.115697
3.4268877e-06,-0.111452
3.4269377e-06,-0.113394
3.4269877e-06,-0.119747
3.4270377e-06,-0.122577
3.4270877e-06,-0.119664
3.4271377e-06,-0.117833
3.4271877e-06,-0.123077
3.4272377e-06,-0.130928
3.4272877e-06,-0.131566
3.4273377e-06,-0.122161
3.4273877e-06,-0.109982
3.4274377e-06,-0.103379
3.4274877e-06,-0.103962
3.4275377e-06,-0.1084
3.4275877e-06,-0.113894
3.4276377e-06,-0.119276
3.4276877e-06,-0.122522
3.4277377e-06,-0.120968
3.4277877e-06,-0.115586
3.4278377e-06,-0.113145
3.4278877e-06,-0.119914
3.4279377e-06,-0.132759
3.4279877e-06,-0.140277
3.4280377e-06,-0.135672
3.4280877e-06,-0.125546
3.4281377e-06,-0.121301
3.4281877e-06,-0.124048
3.4282377e-06,-0.125352
3.4282877e-06,-0.12291
3.4283377e-06,-0.125157
3.4283877e-06,-0.136144
3.4284377e-06,-0.144772
3.4284877e-06,-0.13853
3.4285377e-06,-0.122078
3.4285877e-06,-0.111868
3.4286377e-06,-0.11517
3.4286877e-06,-0.123299
3.4287377e-06,-0.126434
3.4287877e-06,-0.126156
3.4288377e-06,-0.12968
3.4288877e-06,-0.136893
3.4289377e-06,-0.139306
3.4289877e-06,-0.131649
3.4290377e-06,-0.120164
3.4290877e-06,-0.116418
3.4291377e-06,-0.124381
3.4291877e-06,-0.136199
3.4292377e-06,-0.140444
3.4292877e-06,-0.133952
3.4293377e-06,-0.124159
3.4293877e-06,-0.12033
3.4294377e-06,-0.123299
3.4294877e-06,-0.125435
3.4295377e-06,-0.120774
3.4295877e-06,-0.112229
3.4296377e-06,-0.107901
3.4296877e-06,-0.111646
3.4297377e-06,-0.118998
3.4297877e-06,-0.122633
3.4298377e-06,-0.120635
3.4298877e-06,-0.117611
3.4299377e-06,-0.117972
3.4299877e-06,-0.120441
3.4300377e-06,-0.120607
3.4300877e-06,-0.11639
3.4301377e-06,-0.109954
3.4301877e-06,-0.105959
3.4302377e-06,-0.108456
3.4302877e-06,-0.117195
3.4303377e-06,-0.126489
3.4303877e-06,-0.129402
3.4304377e-06,-0.12463
3.4304877e-06,-0.117583
3.4305377e-06,-0.114254
3.4305877e-06,-0.115225
3.4306377e-06,-0.117278
3.4306877e-06,-0.118083
3.4307377e-06,-0.117694
3.4307877e-06,-0.117278
3.4308377e-06,-0.118166
3.4308877e-06,-0.120413
3.4309377e-06,-0.121107
3.4309877e-06,-0.117278
3.4310377e-06,-0.110925
3.4310877e-06,-0.108511
3.4311377e-06,-0.112895
3.4311877e-06,-0.119359
3.4312377e-06,-0.121967
3.4312877e-06,-0.12144
3.4313377e-06,-0.122855
3.4313877e-06,-0.127044
3.4314377e-06,-0.128708
3.4314877e-06,-0.123937
3.4315377e-06,-0.117195
3.4315877e-06,-0.116696
3.4316377e-06,-0.123521
3.4316877e-06,-0.128653
3.4317377e-06,-0.123937
3.4317877e-06,-0.113256
3.4318377e-06,-0.107957
3.4318877e-06,-0.111896
3.4319377e-06,-0.11775
3.4319877e-06,-0.118749
3.4320377e-06,-0.117472
3.4320877e-06,-0.119276
3.4321377e-06,-0.122272
3.4321877e-06,-0.120275
3.4322377e-06,-0.113588
3.4322877e-06,-0.111313
3.4323377e-06,-0.119165
3.4323877e-06,-0.129097
3.4324377e-06,-0.127266
3.4324877e-06,-0.112451
3.4325377e-06,-0.0999387
3.4325877e-06,-0.103851
3.4326377e-06,-0.120164
3.4326877e-06,-0.132454
3.4327377e-06,-0.131649
3.4327877e-06,-0.124075
3.4328377e-06,-0.12033
3.4328877e-06,-0.122133
3.4329377e-06,-0.122411
3.4329877e-06,-0.115364
3.4330377e-06,-0.103989
3.4330877e-06,-0.0973309
3.4331377e-06,-0.101104
3.4331877e-06,-0.112118
3.4332377e-06,-0.121606
3.4332877e-06,-0.122966
3.4333377e-06,-0.116696
3.4333877e-06,-0.109538
3.4334377e-06,-0.109316
3.4334877e-06,-0.118138
3.4335377e-06,-0.129901
3.4335877e-06,-0.135478
3.4336377e-06,-0.130734
3.4336877e-06,-0.120302
3.4337377e-06,-0.113145
3.4337877e-06,-0.113894
3.4338377e-06,-0.118971
3.4338877e-06,-0.12119
3.4339377e-06,-0.118693
3.4339877e-06,-0.116335
3.4340377e-06,-0.117694
3.4340877e-06,-0.119082
3.4341377e-06,-0.115863
3.4341877e-06,-0.111702
3.4342377e-06,-0.114726
3.4342877e-06,-0.123715
3.4343377e-06,-0.126545
3.4343877e-06,-0.117029
3.4344377e-06,-0.105765
3.4344877e-06,-0.106458
3.4345377e-06,-0.116529
3.4345877e-06,-0.121634
3.4346377e-06,-0.117389
3.4346877e-06,-0.114865
3.4347377e-06,-0.122549
3.4347877e-06,-0.132925
3.4348377e-06,-0.133286
3.4348877e-06,-0.123354
3.4349377e-06,-0.114282
3.4349877e-06,-0.113561
3.4350377e-06,-0.118138
3.4350877e-06,-0.122494
3.4351377e-06,-0.126128
3.4351877e-06,-0.130429
3.4352377e-06,-0.132981
3.4352877e-06,-0.129652
3.4353377e-06,-0.121634
3.4353877e-06,-0.115558
3.4354377e-06,-0.11578
3.4354877e-06,-0.119942
3.4355377e-06,-0.122855
3.4355877e-06,-0.121689
3.4356377e-06,-0.116446
3.4356877e-06,-0.109843
3.4357377e-06,-0.107207
3.4357877e-06,-0.112368
3.4358377e-06,-0.121939
3.4358877e-06,-0.127571
3.4359377e-06,-0.124908
3.4359877e-06,-0.118333
3.4360377e-06,-0.115614
3.4360877e-06,-0.119636
3.4361377e-06,-0.125241
3.4361877e-06,-0.124686
3.4362377e-06,-0.117362
3.4362877e-06,-0.111813
3.4363377e-06,-0.114948
3.4363877e-06,-0.12205
3.4364377e-06,-0.123576
3.4364877e-06,-0.119387
3.4365377e-06,-0.117889
3.4365877e-06,-0.121828
3.4366377e-06,-0.123437
3.4366877e-06,-0.116973
3.4367377e-06,-0.108622
3.4367877e-06,-0.108345
3.4368377e-06,-0.115836
3.4368877e-06,-0.120829
3.4369377e-06,-0.116834
3.4369877e-06,-0.108345
3.4370377e-06,-0.103601
3.4370877e-06,-0.105099
3.4371377e-06,-0.110814
3.4371877e-06,-0.118915
3.4372377e-06,-0.126323
3.4372877e-06,-0.127432
3.4373377e-06,-0.120968
3.4373877e-06,-0.114837
3.4374377e-06,-0.117667
3.4374877e-06,-0.127238
3.4375377e-06,-0.132731
3.4375877e-06,-0.12807
3.4376377e-06,-0.117944
3.4376877e-06,-0.109538
3.4377377e-06,-0.104988
3.4377877e-06,-0.104516
3.4378377e-06,-0.110398
3.4378877e-06,-0.121578
3.4379377e-06,-0.128736
3.4379877e-06,-0.123992
3.4380377e-06,-0.113256
3.4380877e-06,-0.109954
3.4381377e-06,-0.116807
3.4381877e-06,-0.122771
3.4382377e-06,-0.119359
3.4382877e-06,-0.112035
3.4383377e-06,-0.111508
3.4383877e-06,-0.11886
3.4384377e-06,-0.124824
3.4384877e-06,-0.12205
3.4385377e-06,-0.114365
3.4385877e-06,-0.111203
3.4386377e-06,-0.11517
3.4386877e-06,-0.118554
3.4387377e-06,-0.114781
3.4387877e-06,-0.109094
3.4388377e-06,-0.112035
3.4388877e-06,-0.123521
3.4389377e-06,-0.131039
3.4389877e-06,-0.126545
3.4390377e-06,-0.117639
3.4390877e-06,-0.116446
3.4391377e-06,-0.12341
3.4391877e-06,-0.128514
3.4392377e-06,-0.125574
3.4392877e-06,-0.118222
3.4393377e-06,-0.113061
3.4393877e-06,-0.112673
3.4394377e-06,-0.115503
3.4394877e-06,-0.118693
3.4395377e-06,-0.119553
3.4395877e-06,-0.117556
3.4396377e-06,-0.11628
3.4396877e-06,-0.120469
3.4397377e-06,-0.129152
3.4397877e-06,-0.134646
3.4398377e-06,-0.1314
3.4398877e-06,-0.123742
3.4399377e-06,-0.121024
3.4399877e-06,-0.126267
3.4400377e-06,-0.133508
3.4400877e-06,-0.135728
3.4401377e-06,-0.132065
3.4401877e-06,-0.127099
3.4402377e-06,-0.125463
3.4402877e-06,-0.127848
3.4403377e-06,-0.131178
3.4403877e-06,-0.131733
3.4404377e-06,-0.128265
3.4404877e-06,-0.121717
3.4405377e-06,-0.113533
3.4405877e-06,-0.106264
3.4406377e-06,-0.10435
3.4406877e-06,-0.110981
3.4407377e-06,-0.122716
3.4407877e-06,-0.129818
3.4408377e-06,-0.124741
3.4408877e-06,-0.110703
3.4409377e-06,-0.100355
3.4409877e-06,-0.102935
3.4410377e-06,-0.113616
3.4410877e-06,-0.119082
3.4411377e-06,-0.115142
3.4411877e-06,-0.112035
3.4412377e-06,-0.119026
3.4412877e-06,-0.129846
3.4413377e-06,-0.131205
3.4413877e-06,-0.121329
3.4414377e-06,-0.111757
3.4414877e-06,-0.111813
3.4415377e-06,-0.118915
3.4415877e-06,-0.124797
3.4416377e-06,-0.125268
3.4416877e-06,-0.12205
3.4417377e-06,-0.118749
3.4417877e-06,-0.117389
3.4418377e-06,-0.117278
3.4418877e-06,-0.116723
3.4419377e-06,-0.116501
3.4419877e-06,-0.118721
3.4420377e-06,-0.120996
3.4420877e-06,-0.117805
3.4421377e-06,-0.110121
3.4421877e-06,-0.107069
3.4422377e-06,-0.112645
3.4422877e-06,-0.118554
3.4423377e-06,-0.116335
3.4423877e-06,-0.110176
3.4424377e-06,-0.110481
3.4424877e-06,-0.118055
3.4425377e-06,-0.123077
3.4425877e-06,-0.118665
3.4426377e-06,-0.109649
3.4426877e-06,-0.106347
3.4427377e-06,-0.112784
3.4427877e-06,-0.122189
3.4428377e-06,-0.124048
3.4428877e-06,-0.115697
3.4429377e-06,-0.105543
3.4429877e-06,-0.103656
3.4430377e-06,-0.110148
3.4430877e-06,-0.116113
3.4431377e-06,-0.115087
3.4431877e-06,-0.109843
3.4432377e-06,-0.107291
3.4432877e-06,-0.10976
3.4433377e-06,-0.113783
3.4433877e-06,-0.11578
3.4434377e-06,-0.116474
3.4434877e-06,-0.11861
3.4435377e-06,-0.121662
3.4435877e-06,-0.121468
3.4436377e-06,-0.116585
3.4436877e-06,-0.112534
3.4437377e-06,-0.116252
3.4437877e-06,-0.125185
3.4438377e-06,-0.127821
3.4438877e-06,-0.118499
3.4439377e-06,-0.107291
3.4439877e-06,-0.107291
3.4440377e-06,-0.116196
3.4440877e-06,-0.119387
3.4441377e-06,-0.111508
3.4441877e-06,-0.104322
3.4442377e-06,-0.109899
3.4442877e-06,-0.12377
3.4443377e-06,-0.131261
3.4443877e-06,-0.126655
3.4444377e-06,-0.118998
3.4444877e-06,-0.119054
3.4445377e-06,-0.126045
3.4445877e-06,-0.13029
3.4446377e-06,-0.125768
3.4446877e-06,-0.116779
3.4447377e-06,-0.111591
3.4447877e-06,-0.113117
3.4448377e-06,-0.117805
3.4448877e-06,-0.121606
3.4449377e-06,-0.123077
3.4449877e-06,-0.12205
3.4450377e-06,-0.119054
3.4450877e-06,-0.11639
3.4451377e-06,-0.116307
3.4451877e-06,-0.118194
3.4452377e-06,-0.120302
3.4452877e-06,-0.122411
3.4453377e-06,-0.123326
3.4453877e-06,-0.119553
3.4454377e-06,-0.110564
3.4454877e-06,-0.102769
3.4455377e-06,-0.102436
3.4455877e-06,-0.106902
3.4456377e-06,-0.108844
3.4456877e-06,-0.106847
3.4457377e-06,-0.106153
3.4457877e-06,-0.110037
3.4458377e-06,-0.115752
3.4458877e-06,-0.119109
3.4459377e-06,-0.119387
3.4459877e-06,-0.118721
3.4460377e-06,-0.118804
3.4460877e-06,-0.118832
3.4461377e-06,-0.116751
3.4461877e-06,-0.112673
3.4462377e-06,-0.110121
3.4462877e-06,-0.11209
3.4463377e-06,-0.117029
3.4463877e-06,-0.121107
3.4464377e-06,-0.123715
3.4464877e-06,-0.126628
3.4465377e-06,-0.12857
3.4465877e-06,-0.125768
3.4466377e-06,-0.118665
3.4466877e-06,-0.1132
3.4467377e-06,-0.113283
3.4467877e-06,-0.115863
3.4468377e-06,-0.116668
3.4468877e-06,-0.117001
3.4469377e-06,-0.120386
3.4469877e-06,-0.12549
3.4470377e-06,-0.127321
3.4470877e-06,-0.12427
3.4471377e-06,-0.119664
3.4471877e-06,-0.117001
3.4472377e-06,-0.116668
3.4472877e-06,-0.118
3.4473377e-06,-0.120691
3.4473877e-06,-0.123132
3.4474377e-06,-0.122494
3.4474877e-06,-0.117833
3.4475377e-06,-0.112645
3.4475877e-06,-0.111841
3.4476377e-06,-0.116723
3.4476877e-06,-0.123715
3.4477377e-06,-0.128043
3.4477877e-06,-0.128126
3.4478377e-06,-0.126517
3.4478877e-06,-0.126489
3.4479377e-06,-0.128403
3.4479877e-06,-0.129319
3.4480377e-06,-0.127016
3.4480877e-06,-0.122799
3.4481377e-06,-0.118998
3.4481877e-06,-0.116058
3.4482377e-06,-0.114088
3.4482877e-06,-0.115225
3.4483377e-06,-0.120247
3.4483877e-06,-0.124464
3.4484377e-06,-0.121967
3.4484877e-06,-0.11467
3.4485377e-06,-0.112229
3.4485877e-06,-0.119969
3.4486377e-06,-0.130484
3.4486877e-06,-0.132371
3.4487377e-06,-0.125213
3.4487877e-06,-0.119525
3.4488377e-06,-0.120164
3.4488877e-06,-0.119304
3.4489377e-06,-0.111036
3.4489877e-06,-0.104711
3.4490377e-06,-0.112506
3.4490877e-06,-0.128098
3.4491377e-06,-0.132287
3.4491877e-06,-0.120386
3.4492377e-06,-0.10951
3.4492877e-06,-0.113311
3.4493377e-06,-0.123687
3.4493877e-06,-0.126101
3.4494377e-06,-0.121384
3.4494877e-06,-0.120607
3.4495377e-06,-0.12513
3.4495877e-06,-0.126323
3.4496377e-06,-0.122244
3.4496877e-06,-0.121051
3.4497377e-06,-0.126045
3.4497877e-06,-0.128598
3.4498377e-06,-0.121773
3.4498877e-06,-0.111924
3.4499377e-06,-0.10951
3.4499877e-06,-0.114421
3.4500377e-06,-0.118416
3.4500877e-06,-0.118277
3.4501377e-06,-0.117722
3.4501877e-06,-0.118971
3.4502377e-06,-0.120607
3.4502877e-06,-0.122411
3.4503377e-06,-0.124963
3.4503877e-06,-0.125851
3.4504377e-06,-0.122494
3.4504877e-06,-0.117778
3.4505377e-06,-0.116501
3.4505877e-06,-0.117472
3.4506377e-06,-0.116307
3.4506877e-06,-0.114088
3.4507377e-06,-0.115752
3.4507877e-06,-0.120247
3.4508377e-06,-0.121218
3.4508877e-06,-0.118083
3.4509377e-06,-0.117334
3.4509877e-06,-0.119886
3.4510377e-06,-0.117861
3.4510877e-06,-0.108789
3.4511377e-06,-0.104072
3.4511877e-06,-0.114005
3.4512377e-06,-0.130068
3.4512877e-06,-0.133619
3.4513377e-06,-0.120774
3.4513877e-06,-0.107762
3.4514377e-06,-0.109538
3.4514877e-06,-0.121773
3.4515377e-06,-0.128958
3.4515877e-06,-0.124381
3.4516377e-06,-0.114892
3.4516877e-06,-0.109316
3.4517377e-06,-0.109094
3.4517877e-06,-0.111313
3.4518377e-06,-0.114143
3.4518877e-06,-0.11689
3.4519377e-06,-0.11836
3.4519877e-06,-0.118027
3.4520377e-06,-0.117362
3.4520877e-06,-0.118166
3.4521377e-06,-0.119803
3.4521877e-06,-0.119525
3.4522377e-06,-0.116363
3.4522877e-06,-0.113089
3.4523377e-06,-0.113894
3.4523877e-06,-0.119387
3.4524377e-06,-0.124797
3.4524877e-06,-0.124464
3.4525377e-06,-0.117805
3.4525877e-06,-0.109788
3.4526377e-06,-0.105238
3.4526877e-06,-0.10496
3.4527377e-06,-0.107346
3.4527877e-06,-0.111286
3.4528377e-06,-0.116418
3.4528877e-06,-0.121745
3.4529377e-06,-0.125213
3.4529877e-06,-0.12513
3.4530377e-06,-0.120802
3.4530877e-06,-0.113256
3.4531377e-06,-0.106875
3.4531877e-06,-0.107429
3.4532377e-06,-0.115586
3.4532877e-06,-0.124436
3.4533377e-06,-0.127516
3.4533877e-06,-0.126295
3.4534377e-06,-0.125906
3.4534877e-06,-0.127127
3.4535377e-06,-0.127377
3.4535877e-06,-0.12635
3.4536377e-06,-0.125268
3.4536877e-06,-0.122771
3.4537377e-06,-0.118055
3.4537877e-06,-0.11603
3.4538377e-06,-0.122355
3.4538877e-06,-0.132343
3.4539377e-06,-0.13312
3.4539877e-06,-0.120552
3.4540377e-06,-0.107513
3.4540877e-06,-0.108761
3.4541377e-06,-0.121995
3.4541877e-06,-0.1314
3.4542377e-06,-0.128487
3.4542877e-06,-0.121079
3.4543377e-06,-0.12058
3.4543877e-06,-0.127099
3.4544377e-06,-0.13115
3.4544877e-06,-0.126184
3.4545377e-06,-0.115808
3.4545877e-06,-0.10915
3.4546377e-06,-0.110925
3.4546877e-06,-0.116723
3.4547377e-06,-0.119525
3.4547877e-06,-0.118554
3.4548377e-06,-0.118887
3.4548877e-06,-0.122411
3.4549377e-06,-0.124408
3.4549877e-06,-0.120552
3.4550377e-06,-0.113533
3.4550877e-06,-0.109011
3.4551377e-06,-0.107929
3.4551877e-06,-0.107069
3.4552377e-06,-0.105848
3.4552877e-06,-0.106902
3.4553377e-06,-0.109566
3.4553877e-06,-0.10926
3.4554377e-06,-0.105765
3.4554877e-06,-0.106153
3.4555377e-06,-0.114005
3.4555877e-06,-0.121135
3.4556377e-06,-0.117556
3.4556877e-06,-0.107429
3.4557377e-06,-0.105238
3.4557877e-06,-0.115364
3.4558377e-06,-0.125518
3.4558877e-06,-0.12402
3.4559377e-06,-0.11517
3.4559877e-06,-0.111702
3.4560377e-06,-0.117029
3.4560877e-06,-0.121995
3.4561377e-06,-0.118388
3.4561877e-06,-0.110398
3.4562377e-06,-0.10915
3.4562877e-06,-0.118194
3.4563377e-06,-0.128154
3.4563877e-06,-0.128154
3.4564377e-06,-0.118971
3.4564877e-06,-0.111008
3.4565377e-06,-0.111175
3.4565877e-06,-0.116363
3.4566377e-06,-0.120191
3.4566877e-06,-0.120913
3.4567377e-06,-0.12058
3.4567877e-06,-0.11947
3.4568377e-06,-0.115891
3.4568877e-06,-0.110648
3.4569377e-06,-0.108123
3.4569877e-06,-0.110981
3.4570377e-06,-0.115863
3.4570877e-06,-0.117112
3.4571377e-06,-0.113339
3.4571877e-06,-0.107873
3.4572377e-06,-0.1041
3.4572877e-06,-0.103851
3.4573377e-06,-0.108151
3.4573877e-06,-0.115808
3.4574377e-06,-0.121884
3.4574877e-06,-0.121995
3.4575377e-06,-0.117889
3.4575877e-06,-0.11553
3.4576377e-06,-0.117417
3.4576877e-06,-0.120025
3.4577377e-06,-0.119165
3.4577877e-06,-0.115142
3.4578377e-06,-0.111813
3.4578877e-06,-0.111813
3.4579377e-06,-0.11381
3.4579877e-06,-0.114116
3.4580377e-06,-0.110897
3.4580877e-06,-0.106569
3.4581377e-06,-0.105848
3.4581877e-06,-0.111008
3.4582377e-06,-0.119886
3.4582877e-06,-0.127488
3.4583377e-06,-0.128847
3.4583877e-06,-0.122522
3.4584377e-06,-0.113921
3.4584877e-06,-0.112312
3.4585377e-06,-0.120413
3.4585877e-06,-0.128598
3.4586377e-06,-0.125324
3.4586877e-06,-0.112784
3.4587377e-06,-0.105238
3.4587877e-06,-0.111341
3.4588377e-06,-0.122799
3.4588877e-06,-0.124991
3.4589377e-06,-0.115586
3.4589877e-06,-0.107013
3.4590377e-06,-0.109122
3.4590877e-06,-0.116307
3.4591377e-06,-0.117029
3.4591877e-06,-0.11087
3.4592377e-06,-0.107873
3.4592877e-06,-0.112368
3.4593377e-06,-0.117722
3.4593877e-06,-0.118027
3.4594377e-06,-0.116834
3.4594877e-06,-0.120025
3.4595377e-06,-0.125463
3.4595877e-06,-0.125435
3.4596377e-06,-0.118305
3.4596877e-06,-0.112035
3.4597377e-06,-0.114532
3.4597877e-06,-0.12341
3.4598377e-06,-0.128237
3.4598877e-06,-0.122439
3.4599377e-06,-0.110731
3.4599877e-06,-0.104267
3.4600377e-06,-0.109621
3.4600877e-06,-0.122411
3.4601377e-06,-0.131538
3.4601877e-06,-0.129596
3.4602377e-06,-0.120136
3.4602877e-06,-0.113866
3.4603377e-06,-0.116723
3.4603877e-06,-0.123049
3.4604377e-06,-0.122799
3.4604877e-06,-0.114504
3.4605377e-06,-0.107263
3.4605877e-06,-0.109649
3.4606377e-06,-0.119664
3.4606877e-06,-0.127543
3.4607377e-06,-0.127765
3.4607877e-06,-0.124602
3.4608377e-06,-0.124852
3.4608877e-06,-0.12857
3.4609377e-06,-0.130512
3.4609877e-06,-0.128237
3.4610377e-06,-0.123937
3.4610877e-06,-0.119581
3.4611377e-06,-0.115281
3.4611877e-06,-0.112562
3.4612377e-06,-0.114032
3.4612877e-06,-0.118998
3.4613377e-06,-0.122882
3.4613877e-06,-0.122993
3.4614377e-06,-0.121717
3.4614877e-06,-0.122355
3.4615377e-06,-0.12463
3.4615877e-06,-0.125157
3.4616377e-06,-0.122189
3.4616877e-06,-0.117805
3.4617377e-06,-0.115253
3.4617877e-06,-0.113561
3.4618377e-06,-0.108206
3.4618877e-06,-0.0998555
3.4619377e-06,-0.0975251
3.4619877e-06,-0.107402
3.4620377e-06,-0.121468
3.4620877e-06,-0.125241
3.4621377e-06,-0.115586
3.4621877e-06,-0.103989
3.4622377e-06,-0.10177
3.4622877e-06,-0.108622
3.4623377e-06,-0.116557
3.4623877e-06,-0.119692
3.4624377e-06,-0.118055
3.4624877e-06,-0.115447
3.4625377e-06,-0.115253
3.4625877e-06,-0.116807
3.4626377e-06,-0.116446
3.4626877e-06,-0.113061
3.4627377e-06,-0.110842
3.4627877e-06,-0.11381
3.4628377e-06,-0.120108
3.4628877e-06,-0.124048
3.4629377e-06,-0.122411
3.4629877e-06,-0.116807
3.4630377e-06,-0.11173
3.4630877e-06,-0.110897
3.4631377e-06,-0.113921
3.4631877e-06,-0.116169
3.4632377e-06,-0.113866
3.4632877e-06,-0.108456
3.4633377e-06,-0.104128
3.4633877e-06,-0.103101
3.4634377e-06,-0.105127
3.4634877e-06,-0.109649
3.4635377e-06,-0.115558
3.4635877e-06,-0.119692
3.4636377e-06,-0.119442
3.4636877e-06,-0.116807
3.4637377e-06,-0.115808
3.4637877e-06,-0.115503
3.4638377e-06,-0.111203
3.4638877e-06,-0.103601
3.4639377e-06,-0.100466
3.4639877e-06,-0.106458
3.4640377e-06,-0.115752
3.4640877e-06,-0.119775
3.4641377e-06,-0.118055
3.4641877e-06,-0.115863
3.4642377e-06,-0.113921
3.4642877e-06,-0.10804
3.4643377e-06,-0.0991064
3.4643877e-06,-0.0954166
3.4644377e-06,-0.101659
3.4644877e-06,-0.111175
3.4645377e-06,-0.114781
3.4645877e-06,-0.113311
3.4646377e-06,-0.114948
3.4646877e-06,-0.121412
3.4647377e-06,-0.124325
3.4647877e-06,-0.117694
3.4648377e-06,-0.107707
3.4648877e-06,-0.105154
3.4649377e-06,-0.111369
3.4649877e-06,-0.117916
3.4650377e-06,-0.118249
3.4650877e-06,-0.114199
3.4651377e-06,-0.110481
3.4651877e-06,-0.108622
3.4652377e-06,-0.108511
3.4652877e-06,-0.110675
3.4653377e-06,-0.11345
3.4653877e-06,-0.112812
3.4654377e-06,-0.108817
3.4654877e-06,-0.108539
3.4655377e-06,-0.116751
3.4655877e-06,-0.127821
3.4656377e-06,-0.132176
3.4656877e-06,-0.127959
3.4657377e-06,-0.120746
3.4657877e-06,-0.114726
3.4658377e-06,-0.110897
3.4658877e-06,-0.110675
3.4659377e-06,-0.114837
3.4659877e-06,-0.119636
3.4660377e-06,-0.119886
3.4660877e-06,-0.115586
3.4661377e-06,-0.111092
3.4661877e-06,-0.109538
3.4662377e-06,-0.110398
3.4662877e-06,-0.111674
3.4663377e-06,-0.111258
3.4663877e-06,-0.108539
3.4664377e-06,-0.10668
3.4664877e-06,-0.110259
3.4665377e-06,-0.118471
3.4665877e-06,-0.124547
3.4666377e-06,-0.123853
3.4666877e-06,-0.118665
3.4667377e-06,-0.113616
3.4667877e-06,-0.111286
3.4668377e-06,-0.11381
3.4668877e-06,-0.121995
3.4669377e-06,-0.13004
3.4669877e-06,-0.127987
3.4670377e-06,-0.114698
3.4670877e-06,-0.102796
3.4671377e-06,-0.104849
3.4671877e-06,-0.117112
3.4672377e-06,-0.123715
3.4672877e-06,-0.117195
3.4673377e-06,-0.107568
3.4673877e-06,-0.107624
3.4674377e-06,-0.115142
3.4674877e-06,-0.117611
3.4675377e-06,-0.11209
3.4675877e-06,-0.109122
3.4676377e-06,-0.114837
3.4676877e-06,-0.119387
3.4677377e-06,-0.111646
3.4677877e-06,-0.0981909
3.4678377e-06,-0.0966928
3.4678877e-06,-0.111535
3.4679377e-06,-0.127044
3.4679877e-06,-0.128098
3.4680377e-06,-0.117639
3.4680877e-06,-0.109288
3.4681377e-06,-0.10951
3.4681877e-06,-0.112451
3.4682377e-06,-0.109344
3.4682877e-06,-0.0995226
3.4683377e-06,-0.0923371
3.4683877e-06,-0.0971644
3.4684377e-06,-0.110981
3.4684877e-06,-0.11972
3.4685377e-06,-0.114809
3.4685877e-06,-0.10349
3.4686377e-06,-0.0993561
3.4686877e-06,-0.106347
3.4687377e-06,-0.116668
3.4687877e-06,-0.120802
3.4688377e-06,-0.116585
3.4688877e-06,-0.109899
3.4689377e-06,-0.109177
3.4689877e-06,-0.116501
3.4690377e-06,-0.123909
3.4690877e-06,-0.122411
3.4691377e-06,-0.114448
3.4691877e-06,-0.110481
3.4692377e-06,-0.113006
3.4692877e-06,-0.113311
3.4693377e-06,-0.107069
3.4693877e-06,-0.103046
3.4694377e-06,-0.10976
3.4694877e-06,-0.121551
3.4695377e-06,-0.126073
3.4695877e-06,-0.120635
3.4696377e-06,-0.113505
3.4696877e-06,-0.111702
3.4697377e-06,-0.113838
3.4697877e-06,-0.115419
3.4698377e-06,-0.115558
3.4698877e-06,-0.11689
3.4699377e-06,-0.121135
3.4699877e-06,-0.127016
3.4700377e-06,-0.13201
3.4700877e-06,-0.133536
3.4701377e-06,-0.129929
3.4701877e-06,-0.122605
3.4702377e-06,-0.117084
3.4702877e-06,-0.117889
3.4703377e-06,-0.122355
3.4703877e-06,-0.123326
3.4704377e-06,-0.118998
3.4704877e-06,-0.114698
3.4705377e-06,-0.114171
3.4705877e-06,-0.113727
3.4706377e-06,-0.108511
3.4706877e-06,-0.100716
3.4707377e-06,-0.0975528
3.4707877e-06,-0.101687
3.4708377e-06,-0.107124
3.4708877e-06,-0.107069
3.4709377e-06,-0.103545
3.4709877e-06,-0.104655
3.4710377e-06,-0.111896
3.4710877e-06,-0.116751
3.4711377e-06,-0.113838
3.4711877e-06,-0.110786
3.4712377e-06,-0.117861
3.4712877e-06,-0.131649
3.4713377e-06,-0.13742
3.4713877e-06,-0.127848
3.4714377e-06,-0.112562
3.4714877e-06,-0.106708
3.4715377e-06,-0.113505
3.4715877e-06,-0.121967
3.4716377e-06,-0.120635
3.4716877e-06,-0.110731
3.4717377e-06,-0.102907
3.4717877e-06,-0.103407
3.4718377e-06,-0.108012
3.4718877e-06,-0.109455
3.4719377e-06,-0.105931
3.4719877e-06,-0.101215
3.4720377e-06,-0.100827
3.4720877e-06,-0.107513
3.4721377e-06,-0.117112
3.4721877e-06,-0.120774
3.4722377e-06,-0.115309
3.4722877e-06,-0.108484
3.4723377e-06,-0.109094
3.4723877e-06,-0.115586
3.4724377e-06,-0.118915
3.4724877e-06,-0.114726
3.4725377e-06,-0.107957
3.4725877e-06,-0.106347
3.4726377e-06,-0.111646
3.4726877e-06,-0.117306
3.4727377e-06,-0.115087
3.4727877e-06,-0.105265
3.4728377e-06,-0.0981354
3.4728877e-06,-0.10238
3.4729377e-06,-0.112839
3.4729877e-06,-0.115558
3.4730377e-06,-0.105626
3.4730877e-06,-0.093641
3.4731377e-06,-0.0916713
3.4731877e-06,-0.0983574
3.4732377e-06,-0.103629
3.4732877e-06,-0.10324
3.4733377e-06,-0.101881
3.4733877e-06,-0.104544
3.4734377e-06,-0.111092
3.4734877e-06,-0.117556
3.4735377e-06,-0.118388
3.4735877e-06,-0.110925
3.4736377e-06,-0.101159
3.4736877e-06,-0.0994671
3.4737377e-06,-0.10668
3.4737877e-06,-0.111313
3.4738377e-06,-0.106514
3.4738877e-06,-0.101409
3.4739377e-06,-0.107041
3.4739877e-06,-0.117833
3.4740377e-06,-0.119276
3.4740877e-06,-0.109871
3.4741377e-06,-0.102491
3.4741877e-06,-0.104267
3.4742377e-06,-0.10754
3.4742877e-06,-0.104988
3.4743377e-06,-0.101798
3.4743877e-06,-0.105571
3.4744377e-06,-0.11345
3.4744877e-06,-0.117778
3.4745377e-06,-0.117972
3.4745877e-06,-0.11775
3.4746377e-06,-0.11553
3.4746877e-06,-0.107069
3.4747377e-06,-0.0963599
3.4747877e-06,-0.0938907
3.4748377e-06,-0.102352
3.4748877e-06,-0.111175
3.4749377e-06,-0.109704
3.4749877e-06,-0.101215
3.4750377e-06,-0.0988568
3.4750877e-06,-0.108151
3.4751377e-06,-0.119692
3.4751877e-06,-0.120691
3.4752377e-06,-0.110287
3.4752877e-06,-0.0994949
3.4753377e-06,-0.0972199
3.4753877e-06,-0.100993
3.4754377e-06,-0.103018
3.4754877e-06,-0.100521
3.4755377e-06,-0.0974696
3.4755877e-06,-0.0985793
3.4756377e-06,-0.103989
3.4756877e-06,-0.108789
3.4757377e-06,-0.107318
3.4757877e-06,-0.0989122
3.4758377e-06,-0.0899512
3.4758877e-06,-0.0883698
3.4759377e-06,-0.0961657
3.4759877e-06,-0.10754
3.4760377e-06,-0.114615
3.4760877e-06,-0.114504
3.4761377e-06,-0.111258
3.4761877e-06,-0.110953
3.4762377e-06,-0.114726
3.4762877e-06,-0.117916
3.4763377e-06,-0.115836
3.4763877e-06,-0.109288
3.4764377e-06,-0.103629
3.4764877e-06,-0.102741
3.4765377e-06,-0.106569
3.4765877e-06,-0.112756
3.4766377e-06,-0.118471
3.4766877e-06,-0.120996
3.4767377e-06,-0.119109
3.4767877e-06,-0.114227
3.4768377e-06,-0.108511
3.4768877e-06,-0.103629
3.4769377e-06,-0.102019
3.4769877e-06,-0.105376
3.4770377e-06,-0.11087
3.4770877e-06,-0.113283
3.4771377e-06,-0.112701
3.4771877e-06,-0.113866
3.4772377e-06,-0.116862
3.4772877e-06,-0.11553
3.4773377e-06,-0.107513
3.4773877e-06,-0.0999387
3.4774377e-06,-0.100549
3.4774877e-06,-0.10754
3.4775377e-06,-0.112701
3.4775877e-06,-0.112562
3.4776377e-06,-0.111175
3.4776877e-06,-0.112451
3.4777377e-06,-0.114865
3.4777877e-06,-0.114559
3.4778377e-06,-0.11062
3.4778877e-06,-0.105376
3.4779377e-06,-0.102352
3.4779877e-06,-0.103684
3.4780377e-06,-0.107263
3.4780877e-06,-0.107596
3.4781377e-06,-0.102436
3.4781877e-06,-0.0967483
3.4782377e-06,-0.0971922
3.4782877e-06,-0.103407
3.4783377e-06,-0.109011
3.4783877e-06,-0.110315
3.4784377e-06,-0.11037
3.4784877e-06,-0.113505
3.4785377e-06,-0.118083
3.4785877e-06,-0.117889
3.4786377e-06,-0.110093
3.4786877e-06,-0.100216
3.4787377e-06,-0.0976638
3.4787877e-06,-0.105904
3.4788377e-06,-0.118083
3.4788877e-06,-0.122577
3.4789377e-06,-0.11467
3.4789877e-06,-0.101936
3.4790377e-06,-0.0963876
3.4790877e-06,-0.101437
3.4791377e-06,-0.10926
3.4791877e-06,-0.111008
3.4792377e-06,-0.106514
3.4792877e-06,-0.103268
3.4793377e-06,-0.107485
3.4793877e-06,-0.116723
3.4794377e-06,-0.122133
3.4794877e-06,-0.118693
3.4795377e-06,-0.110759
3.4795877e-06,-0.105682
3.4796377e-06,-0.105654
3.4796877e-06,-0.108872
3.4797377e-06,-0.113977
3.4797877e-06,-0.118055
3.4798377e-06,-0.116085
3.4798877e-06,-0.108595
3.4799377e-06,-0.104877
3.4799877e-06,-0.111452
3.4800377e-06,-0.121107
3.4800877e-06,-0.121689
3.4801377e-06,-0.112728
3.4801877e-06,-0.104933
3.4802377e-06,-0.104766
3.4802877e-06,-0.108262
3.4803377e-06,-0.110564
3.4803877e-06,-0.113034
3.4804377e-06,-0.117556
3.4804877e-06,-0.120802
3.4805377e-06,-0.118083
3.4805877e-06,-0.110648
3.4806377e-06,-0.104794
3.4806877e-06,-0.104794
3.4807377e-06,-0.108928
3.4807877e-06,-0.112479
3.4808377e-06,-0.112895
3.4808877e-06,-0.111508
3.4809377e-06,-0.110897
3.4809877e-06,-0.11234
3.4810377e-06,-0.115447
3.4810877e-06,-0.118998
3.4811377e-06,-0.120829
3.4811877e-06,-0.117972
3.4812377e-06,-0.110037
3.4812877e-06,-0.102325
3.4813377e-06,-0.10127
3.4813877e-06,-0.105765
3.4814377e-06,-0.107984
3.4814877e-06,-0.105099
3.4815377e-06,-0.103851
3.4815877e-06,-0.110675
3.4816377e-06,-0.122189
3.4816877e-06,-0.129569
3.4817377e-06,-0.128903
3.4817877e-06,-0.123798
3.4818377e-06,-0.119525
3.4818877e-06,-0.117694
3.4819377e-06,-0.116307
3.4819877e-06,-0.113061
3.4820377e-06,-0.107901
3.4820877e-06,-0.103323
3.4821377e-06,-0.102241
3.4821877e-06,-0.104572
3.4822377e-06,-0.10668
3.4822877e-06,-0.10521
3.4823377e-06,-0.101492
3.4823877e-06,-0.100993
3.4824377e-06,-0.10668
3.4824877e-06,-0.114532
3.4825377e-06,-0.1175
3.4825877e-06,-0.113894
3.4826377e-06,-0.108955
3.4826877e-06,-0.10779
3.4827377e-06,-0.109788
3.4827877e-06,-0.111258
3.4828377e-06,-0.110786
3.4828877e-06,-0.109233
3.4829377e-06,-0.10607
3.4829877e-06,-0.100327
3.4830377e-06,-0.0948617
3.4830877e-06,-0.0946675
3.4831377e-06,-0.099911
3.4831877e-06,-0.105598
3.4832377e-06,-0.108622
3.4832877e-06,-0.109788
3.4833377e-06,-0.108595
3.4833877e-06,-0.103462
3.4834377e-06,-0.0974696
3.4834877e-06,-0.0969425
3.4835377e-06,-0.10263
3.4835877e-06,-0.108428
3.4836377e-06,-0.110148
3.4836877e-06,-0.109815
3.4837377e-06,-0.109455
3.4837877e-06,-0.106098
3.4838377e-06,-0.0974973
3.4838877e-06,-0.0895073
3.4839377e-06,-0.0912274
3.4839877e-06,-0.102269
3.4840377e-06,-0.112257
3.4840877e-06,-0.114976
3.4841377e-06,-0.115198
3.4841877e-06,-0.117389
3.4842377e-06,-0.11689
3.4842877e-06,-0.10951
3.4843377e-06,-0.102741
3.4843877e-06,-0.106847
3.4844377e-06,-0.118749
3.4844877e-06,-0.124741
3.4845377e-06,-0.11886
3.4845877e-06,-0.109399
3.4846377e-06,-0.105598
3.4846877e-06,-0.106569
3.4847377e-06,-0.107457
3.4847877e-06,-0.108928
3.4848377e-06,-0.113644
3.4848877e-06,-0.117805
3.4849377e-06,-0.113894
3.4849877e-06,-0.102019
3.4850377e-06,-0.0926423
3.4850877e-06,-0.094723
3.4851377e-06,-0.104933
3.4851877e-06,-0.112257
3.4852377e-06,-0.111397
3.4852877e-06,-0.10607
3.4853377e-06,-0.100716
3.4853877e-06,-0.0965818
3.4854377e-06,-0.0962211
3.4854877e-06,-0.102824
3.4855377e-06,-0.112201
3.4855877e-06,-0.114393
3.4856377e-06,-0.107124
3.4856877e-06,-0.0997723
3.4857377e-06,-0.100077
3.4857877e-06,-0.104849
3.4858377e-06,-0.10693
3.4858877e-06,-0.104738
3.4859377e-06,-0.101215
3.4859877e-06,-0.0993561
3.4860377e-06,-0.10127
3.4860877e-06,-0.107124
3.4861377e-06,-0.112839
3.4861877e-06,-0.113339
3.4862377e-06,-0.108872
3.4862877e-06,-0.104655
3.4863377e-06,-0.104045
3.4863877e-06,-0.106431
3.4864377e-06,-0.110537
3.4864877e-06,-0.115808
3.4865377e-06,-0.119831
3.4865877e-06,-0.119775
3.4866377e-06,-0.116501
3.4866877e-06,-0.113949
3.4867377e-06,-0.113699
3.4867877e-06,-0.1132
3.4868377e-06,-0.11001
3.4868877e-06,-0.105349
3.4869377e-06,-0.101714
3.4869877e-06,-0.0995226
3.4870377e-06,-0.0978857
3.4870877e-06,-0.0975806
3.4871377e-06,-0.10041
3.4871877e-06,-0.105793
3.4872377e-06,-0.109815
3.4872877e-06,-0.108595
3.4873377e-06,-0.102685
3.4873877e-06,-0.0978857
3.4874377e-06,-0.100105
3.4874877e-06,-0.108345
3.4875377e-06,-0.113783
3.4875877e-06,-0.1084
3.4876377e-06,-0.0951114
3.4876877e-06,-0.0860671
3.4877377e-06,-0.0892576
3.4877877e-06,-0.0998
3.4878377e-06,-0.106347
3.4878877e-06,-0.104405
3.4879377e-06,-0.0995781
3.4879877e-06,-0.0989677
3.4880377e-06,-0.10263
3.4880877e-06,-0.104405
3.4881377e-06,-0.10005
3.4881877e-06,-0.0924203
3.4882377e-06,-0.0890079
3.4882877e-06,-0.093641
3.4883377e-06,-0.102547
3.4883877e-06,-0.108622
3.4884377e-06,-0.108622
3.4884877e-06,-0.10496
3.4885377e-06,-0.101825
3.4885877e-06,-0.10066
3.4886377e-06,-0.0999665
3.4886877e-06,-0.0986626
3.4887377e-06,-0.0983019
3.4887877e-06,-0.100965
3.4888377e-06,-0.106514
3.4888877e-06,-0.112284
3.4889377e-06,-0.115281
3.4889877e-06,-0.114254
3.4890377e-06,-0.110981
3.4890877e-06,-0.108983
3.4891377e-06,-0.110342
3.4891877e-06,-0.113228
3.4892377e-06,-0.114421
3.4892877e-06,-0.113921
3.4893377e-06,-0.11431
3.4893877e-06,-0.115614
3.4894377e-06,-0.114809
3.4894877e-06,-0.11148
3.4895377e-06,-0.109066
3.4895877e-06,-0.108511
3.4896377e-06,-0.105487
3.4896877e-06,-0.0984129
3.4897377e-06,-0.0942791
3.4897877e-06,-0.0996058
3.4898377e-06,-0.108622
3.4898877e-06,-0.108289
3.4899377e-06,-0.0964431
3.4899877e-06,-0.086511
3.4900377e-06,-0.0901176
3.4900877e-06,-0.101687
3.4901377e-06,-0.107041
3.4901877e-06,-0.102685
3.4902377e-06,-0.0980799
3.4902877e-06,-0.100133
3.4903377e-06,-0.104794
3.4903877e-06,-0.105598
3.4904377e-06,-0.103684
3.4904877e-06,-0.104072
3.4905377e-06,-0.106347
3.4905877e-06,-0.10546
3.4906377e-06,-0.100965
3.4906877e-06,-0.0990232
3.4907377e-06,-0.104322
3.4907877e-06,-0.113505
3.4908377e-06,-0.118832
3.4908877e-06,-0.116169
3.4909377e-06,-0.10804
3.4909877e-06,-0.101326
3.4910377e-06,-0.102158
3.4910877e-06,-0.109704
3.4911377e-06,-0.115364
3.4911877e-06,-0.112174
3.4912377e-06,-0.104544
3.4912877e-06,-0.102019
3.4913377e-06,-0.104294
3.4913877e-06,-0.101964
3.4914377e-06,-0.0931416
3.4914877e-06,-0.0887027
3.4915377e-06,-0.0957218
3.4915877e-06,-0.105154
3.4916377e-06,-0.1046
3.4916877e-06,-0.0971644
3.4917377e-06,-0.095805
3.4917877e-06,-0.102852
3.4918377e-06,-0.106653
3.4918877e-06,-0.100466
3.4919377e-06,-0.0931139
3.4919877e-06,-0.0956385
3.4920377e-06,-0.105404
3.4920877e-06,-0.111064
3.4921377e-06,-0.108178
3.4921877e-06,-0.102796
3.4922377e-06,-0.102685
3.4922877e-06,-0.10951
3.4923377e-06,-0.118055
3.4923877e-06,-0.120164
3.4924377e-06,-0.11209
3.4924877e-06,-0.0998278
3.4925377e-06,-0.0945843
3.4925877e-06,-0.100383
3.4926377e-06,-0.110426
3.4926877e-06,-0.117167
3.4927377e-06,-0.120802
3.4927877e-06,-0.123826
3.4928377e-06,-0.122466
3.4928877e-06,-0.11173
3.4929377e-06,-0.0968592
3.4929877e-06,-0.0909222
3.4930377e-06,-0.0988845
3.4930877e-06,-0.109871
3.4931377e-06,-0.11062
3.4931877e-06,-0.103018
3.4932377e-06,-0.10091
3.4932877e-06,-0.10976
3.4933377e-06,-0.117112
3.4933877e-06,-0.110398
3.4934377e-06,-0.0969147
3.4934877e-06,-0.0953334
3.4935377e-06,-0.108678
3.4935877e-06,-0.118721
3.4936377e-06,-0.111757
3.4936877e-06,-0.0978303
3.4937377e-06,-0.0960269
3.4937877e-06,-0.107873
3.4938377e-06,-0.116918
3.4938877e-06,-0.112035
3.4939377e-06,-0.101132
3.4939877e-06,-0.0991619
3.4940377e-06,-0.10915
3.4940877e-06,-0.119914
3.4941377e-06,-0.120053
3.4941877e-06,-0.110315
3.4942377e-06,-0.102075
3.4942877e-06,-0.103518
3.4943377e-06,-0.110259
3.4943877e-06,-0.111813
3.4944377e-06,-0.106486
3.4944877e-06,-0.103379
3.4945377e-06,-0.108345
3.4945877e-06,-0.114698
3.4946377e-06,-0.112784
3.4946877e-06,-0.103795
3.4947377e-06,-0.0988845
3.4947877e-06,-0.104683
3.4948377e-06,-0.115586
3.4948877e-06,-0.121357
3.4949377e-06,-0.119248
3.4949877e-06,-0.114754
3.4950377e-06,-0.113228
3.4950877e-06,-0.115031
3.4951377e-06,-0.118222
3.4951877e-06,-0.121079
3.4952377e-06,-0.121412
3.4952877e-06,-0.11714
3.4953377e-06,-0.109926
3.4953877e-06,-0.104683
3.4954377e-06,-0.104433
3.4954877e-06,-0.107735
3.4955377e-06,-0.111702
3.4955877e-06,-0.114532
3.4956377e-06,-0.11517
3.4956877e-06,-0.11345
3.4957377e-06,-0.111203
3.4957877e-06,-0.110259
3.4958377e-06,-0.110564
3.4958877e-06,-0.112146
3.4959377e-06,-0.116196
3.4959877e-06,-0.120275
3.4960377e-06,-0.117223
3.4960877e-06,-0.10496
3.4961377e-06,-0.0932804
3.4961877e-06,-0.092781
3.4962377e-06,-0.099911
3.4962877e-06,-0.102436
3.4963377e-06,-0.0975528
3.4963877e-06,-0.094723
3.4964377e-06,-0.0991897
3.4964877e-06,-0.103545
3.4965377e-06,-0.0997723
3.4965877e-06,-0.092781
3.4966377e-06,-0.0946398
3.4966877e-06,-0.107041
3.4967377e-06,-0.117167
3.4967877e-06,-0.113894
3.4968377e-06,-0.103101
3.4968877e-06,-0.0999665
3.4969377e-06,-0.108068
3.4969877e-06,-0.114559
3.4970377e-06,-0.108733
3.4970877e-06,-0.0972476
3.4971377e-06,-0.0941959
3.4971877e-06,-0.101409
3.4972377e-06,-0.107402
3.4972877e-06,-0.105293
3.4973377e-06,-0.10213
3.4973877e-06,-0.106736
3.4974377e-06,-0.115253
3.4974877e-06,-0.115974
3.4975377e-06,-0.106514
3.4975877e-06,-0.0989677
3.4976377e-06,-0.104461
3.4976877e-06,-0.117001
3.4977377e-06,-0.119942
3.4977877e-06,-0.107735
3.4978377e-06,-0.093752
3.4978877e-06,-0.0935855
3.4979377e-06,-0.106708
3.4979877e-06,-0.119858
3.4980377e-06,-0.124353
3.4980877e-06,-0.122466
3.4981377e-06,-0.118887
3.4981877e-06,-0.113755
3.4982377e-06,-0.10668
3.4982877e-06,-0.101104
3.4983377e-06,-0.100799
3.4983877e-06,-0.10521
3.4984377e-06,-0.110786
3.4984877e-06,-0.114116
3.4985377e-06,-0.112645
3.4985877e-06,-0.105598
3.4986377e-06,-0.0961657
3.4986877e-06,-0.0904228
3.4987377e-06,-0.0919209
3.4987877e-06,-0.0986071
3.4988377e-06,-0.105238
3.4988877e-06,-0.107207
3.4989377e-06,-0.103629
3.4989877e-06,-0.0986071
3.4990377e-06,-0.0988568
3.4990877e-06,-0.106847
3.4991377e-06,-0.116363
3.4991877e-06,-0.118222
3.4992377e-06,-0.110786
3.4992877e-06,-0.102685
3.4993377e-06,-0.103268
3.4993877e-06,-0.110481
3.4994377e-06,-0.112174
3.4994877e-06,-0.102436
3.4995377e-06,-0.0917822
3.4995877e-06,-0.0946675
3.4996377e-06,-0.109316
3.4996877e-06,-0.119137
3.4997377e-06,-0.113838
3.4997877e-06,-0.100771
3.4998377e-06,-0.0939185
3.4998877e-06,-0.0978025
3.4999377e-06,-0.105904
3.4999877e-06,-0.110315
3.5000377e-06,-0.1089
3.5000877e-06,-0.104544
3.5001377e-06,-0.100577
3.5001877e-06,-0.0983574
3.5002377e-06,-0.0980522
3.5002877e-06,-0.100244
3.5003377e-06,-0.105321
3.5003877e-06,-0.110981
3.5004377e-06,-0.112867
3.5004877e-06,-0.108928
3.5005377e-06,-0.101853
3.5005877e-06,-0.0967483
3.5006377e-06,-0.0970812
3.5006877e-06,-0.101992
3.5007377e-06,-0.106236
3.5007877e-06,-0.105044
3.5008377e-06,-0.099911
3.5008877e-06,-0.0976915
3.5009377e-06,-0.101714
3.5009877e-06,-0.106819
3.5010377e-06,-0.106625
3.5010877e-06,-0.102186
3.5011377e-06,-0.0998
3.5011877e-06,-0.101159
3.5012377e-06,-0.10177
3.5012877e-06,-0.0993006
3.5013377e-06,-0.0976638
3.5013877e-06,-0.0999387
3.5014377e-06,-0.102602
3.5014877e-06,-0.101076
3.5015377e-06,-0.0974419
3.5015877e-06,-0.0973864
3.5016377e-06,-0.100688
3.5016877e-06,-0.100882
3.5017377e-06,-0.0950282
3.5017877e-06,-0.0899512
3.5018377e-06,-0.0944456
3.5018877e-06,-0.106819
3.5019377e-06,-0.115087
3.5019877e-06,-0.111064
3.5020377e-06,-0.100632
3.5020877e-06,-0.0966373
3.5021377e-06,-0.102935
3.5021877e-06,-0.110453
3.5022377e-06,-0.109177
3.5022877e-06,-0.100827
3.5023377e-06,-0.0955553
3.5023877e-06,-0.0982464
3.5024377e-06,-0.102769
3.5024877e-06,-0.10238
3.5025377e-06,-0.100161
3.5025877e-06,-0.103351
3.5026377e-06,-0.110759
3.5026877e-06,-0.113866
3.5027377e-06,-0.110065
3.5027877e-06,-0.106819
3.5028377e-06,-0.10951
3.5028877e-06,-0.112812
3.5029377e-06,-0.1084
3.5029877e-06,-0.0973309
3.5030377e-06,-0.0888137
3.5030877e-06,-0.0888414
3.5031377e-06,-0.0944178
3.5031877e-06,-0.0984684
3.5032377e-06,-0.0973309
3.5032877e-06,-0.0929752
3.5033377e-06,-0.0904506
3.5033877e-06,-0.0923093
3.5034377e-06,-0.0958327
3.5034877e-06,-0.0965263
3.5035377e-06,-0.0939185
3.5035877e-06,-0.0921429
3.5036377e-06,-0.0947785
3.5036877e-06,-0.100854
3.5037377e-06,-0.105848
3.5037877e-06,-0.105265
3.5038377e-06,-0.0988568
3.5038877e-06,-0.0922261
3.5039377e-06,-0.0928642
3.5039877e-06,-0.101437
3.5040377e-06,-0.10951
3.5040877e-06,-0.109288
3.5041377e-06,-0.103323
3.5041877e-06,-0.0998833
3.5042377e-06,-0.100854
3.5042877e-06,-0.101104
3.5043377e-06,-0.0984406
3.5043877e-06,-0.0967483
3.5044377e-06,-0.0981354
3.5044877e-06,-0.0998278
3.5045377e-06,-0.100466
3.5045877e-06,-0.102685
3.5046377e-06,-0.107457
3.5046877e-06,-0.111452
3.5047377e-06,-0.111175
3.5047877e-06,-0.10607
3.5048377e-06,-0.0976361
3.5048877e-06,-0.0888692
3.5049377e-06,-0.0844303
3.5049877e-06,-0.0872601
3.5050377e-06,-0.0945566
3.5050877e-06,-0.0999942
3.5051377e-06,-0.100494
3.5051877e-06,-0.0994671
3.5052377e-06,-0.101465
3.5052877e-06,-0.105432
3.5053377e-06,-0.105598
3.5053877e-06,-0.0988568
3.5054377e-06,-0.0900621
3.5054877e-06,-0.0874543
3.5055377e-06,-0.0935023
3.5055877e-06,-0.101936
3.5056377e-06,-0.104905
3.5056877e-06,-0.101881
3.5057377e-06,-0.099051
3.5057877e-06,-0.100937
3.5058377e-06,-0.105626
3.5058877e-06,-0.1084
3.5059377e-06,-0.107318
3.5059877e-06,-0.104461
3.5060377e-06,-0.103545
3.5060877e-06,-0.106514
3.5061377e-06,-0.110675
3.5061877e-06,-0.109982
3.5062377e-06,-0.102408
3.5062877e-06,-0.0944456
3.5063377e-06,-0.0940294
3.5063877e-06,-0.0998555
3.5064377e-06,-0.102713
3.5064877e-06,-0.0986626
3.5065377e-06,-0.0940294
3.5065877e-06,-0.0957773
3.5066377e-06,-0.10238
3.5066877e-06,-0.108012
3.5067377e-06,-0.111369
3.5067877e-06,-0.115392
3.5068377e-06,-0.12008
3.5068877e-06,-0.120885
3.5069377e-06,-0.115392
3.5069877e-06,-0.107957
3.5070377e-06,-0.103989
3.5070877e-06,-0.103434
3.5071377e-06,-0.103129
3.5071877e-06,-0.103212
3.5072377e-06,-0.106015
3.5072877e-06,-0.110592
3.5073377e-06,-0.112645
3.5073877e-06,-0.110509
3.5074377e-06,-0.107207
3.5074877e-06,-0.105432
3.5075377e-06,-0.103989
3.5075877e-06,-0.100799
3.5076377e-06,-0.0974973
3.5076877e-06,-0.0977748
3.5077377e-06,-0.101936
3.5077877e-06,-0.105487
3.5078377e-06,-0.104072
3.5078877e-06,-0.0986348
3.5079377e-06,-0.0946398
3.5079877e-06,-0.0963599
3.5080377e-06,-0.102547
3.5080877e-06,-0.107901
3.5081377e-06,-0.108123
3.5081877e-06,-0.103157
3.5082377e-06,-0.0965263
3.5082877e-06,-0.0932804
3.5083377e-06,-0.096776
3.5083877e-06,-0.105182
3.5084377e-06,-0.112978
3.5084877e-06,-0.116501
3.5085377e-06,-0.116002
3.5085877e-06,-0.112506
3.5086377e-06,-0.106514
3.5086877e-06,-0.101132
3.5087377e-06,-0.100993
3.5087877e-06,-0.106375
3.5088377e-06,-0.111452
3.5088877e-06,-0.110675
3.5089377e-06,-0.105238
3.5089877e-06,-0.101243
3.5090377e-06,-0.102713
3.5090877e-06,-0.108068
3.5091377e-06,-0.112978
3.5091877e-06,-0.114948
3.5092377e-06,-0.114171
3.5092877e-06,-0.110759
3.5093377e-06,-0.104461
3.5093877e-06,-0.0983574
3.5094377e-06,-0.0995503
3.5094877e-06,-0.111508
3.5095377e-06,-0.125574
3.5095877e-06,-0.126267
3.5096377e-06,-0.109954
3.5096877e-06,-0.0929474
3.5097377e-06,-0.0936133
3.5097877e-06,-0.109039
3.5098377e-06,-0.119165
3.5098877e-06,-0.11295
3.5099377e-06,-0.100494
3.5099877e-06,-0.0964708
3.5100377e-06,-0.101825
3.5100877e-06,-0.107624
3.5101377e-06,-0.10951
3.5101877e-06,-0.110037
3.5102377e-06,-0.110426
3.5102877e-06,-0.108428
3.5103377e-06,-0.104045
3.5103877e-06,-0.101159
3.5104377e-06,-0.102186
3.5104877e-06,-0.104544
3.5105377e-06,-0.104294
3.5105877e-06,-0.10127
3.5106377e-06,-0.0995781
3.5106877e-06,-0.102963
3.5107377e-06,-0.109704
3.5107877e-06,-0.113145
3.5108377e-06,-0.109122
3.5108877e-06,-0.10177
3.5109377e-06,-0.0991619
3.5109877e-06,-0.103601
3.5110377e-06,-0.109704
3.5110877e-06,-0.111563
3.5111377e-06,-0.10915
3.5111877e-06,-0.106875
3.5112377e-06,-0.10804
3.5112877e-06,-0.111008
3.5113377e-06,-0.110231
3.5113877e-06,-0.10263
3.5114377e-06,-0.0930584
3.5114877e-06,-0.0902841
3.5115377e-06,-0.0963044
3.5115877e-06,-0.103795
3.5116377e-06,-0.105626
3.5116877e-06,-0.103351
3.5117377e-06,-0.103018
3.5117877e-06,-0.105293
3.5118377e-06,-0.105044
3.5118877e-06,-0.100383
3.5119377e-06,-0.0968038
3.5119877e-06,-0.0992452
3.5120377e-06,-0.104711
3.5120877e-06,-0.106181
3.5121377e-06,-0.102019
3.5121877e-06,-0.0968315
3.5122377e-06,-0.0941404
3.5122877e-06,-0.0923371
3.5123377e-06,-0.0900344
3.5123877e-06,-0.0907835
3.5124377e-06,-0.0972476
3.5124877e-06,-0.104045
3.5125377e-06,-0.102352
3.5125877e-06,-0.0925036
3.5126377e-06,-0.08554
3.5126877e-06,-0.089646
3.5127377e-06,-0.0993561
3.5127877e-06,-0.102991
3.5128377e-06,-0.097747
3.5128877e-06,-0.0923926
3.5129377e-06,-0.0951669
3.5129877e-06,-0.103795
3.5130377e-06,-0.109926
3.5130877e-06,-0.109843
3.5131377e-06,-0.107429
3.5131877e-06,-0.107429
3.5132377e-06,-0.109788
3.5132877e-06,-0.111064
3.5133377e-06,-0.109732
3.5133877e-06,-0.108095
3.5134377e-06,-0.108678
3.5134877e-06,-0.109371
3.5135377e-06,-0.105765
3.5135877e-06,-0.0983851
3.5136377e-06,-0.094612
3.5136877e-06,-0.0999942
3.5137377e-06,-0.109926
3.5137877e-06,-0.114143
3.5138377e-06,-0.108928
3.5138877e-06,-0.100993
3.5139377e-06,-0.0983851
3.5139877e-06,-0.101076
3.5140377e-06,-0.103684
3.5140877e-06,-0.104183
3.5141377e-06,-0.105654
3.5141877e-06,-0.108733
3.5142377e-06,-0.108539
3.5142877e-06,-0.102325
3.5143377e-06,-0.0962211
3.5143877e-06,-0.0985516
3.5144377e-06,-0.108012
3.5144877e-06,-0.1132
3.5145377e-06,-0.106292
3.5145877e-06,-0.0935578
3.5146377e-06,-0.088675
3.5146877e-06,-0.095805
3.5147377e-06,-0.104405
3.5147877e-06,-0.103573
3.5148377e-06,-0.0971089
3.5148877e-06,-0.0969702
3.5149377e-06,-0.104822
3.5149877e-06,-0.11001
3.5150377e-06,-0.106153
3.5150877e-06,-0.0998833
3.5151377e-06,-0.0993561
3.5151877e-06,-0.102269
3.5152377e-06,-0.101659
3.5152877e-06,-0.0983851
3.5153377e-06,-0.100161
3.5153877e-06,-0.10926
3.5154377e-06,-0.116862
3.5154877e-06,-0.112423
3.5155377e-06,-0.0975528
3.5155877e-06,-0.086622
3.5156377e-06,-0.0912551
3.5156877e-06,-0.106514
3.5157377e-06,-0.115919
3.5157877e-06,-0.110176
3.5158377e-06,-0.0971367
3.5158877e-06,-0.091588
3.5159377e-06,-0.0980799
3.5159877e-06,-0.10693
3.5160377e-06,-0.107624
3.5160877e-06,-0.101659
3.5161377e-06,-0.0980522
3.5161877e-06,-0.100188
3.5162377e-06,-0.103573
3.5162877e-06,-0.105071
3.5163377e-06,-0.106375
3.5163877e-06,-0.108095
3.5164377e-06,-0.107624
3.5164877e-06,-0.103989
3.5165377e-06,-0.0989677
3.5165877e-06,-0.0930862
3.5166377e-06,-0.0869272
3.5166877e-06,-0.0857342
3.5167377e-06,-0.0939739
3.5167877e-06,-0.104738
3.5168377e-06,-0.104933
3.5168877e-06,-0.0944733
3.5169377e-06,-0.0895905
3.5169877e-06,-0.099911
3.5170377e-06,-0.112063
3.5170877e-06,-0.107651
3.5171377e-06,-0.0902563
3.5171877e-06,-0.0809901
3.5172377e-06,-0.0899512
3.5172877e-06,-0.10632
3.5173377e-06,-0.116058
3.5173877e-06,-0.117167
3.5174377e-06,-0.114282
3.5174877e-06,-0.109344
3.5175377e-06,-0.103601
3.5175877e-06,-0.100854
3.5176377e-06,-0.102907
3.5176877e-06,-0.105071
3.5177377e-06,-0.102297
3.5177877e-06,-0.0974419
3.5178377e-06,-0.0978025
3.5178877e-06,-0.104267
3.5179377e-06,-0.109233
3.5179877e-06,-0.106736
3.5180377e-06,-0.0992174
3.5180877e-06,-0.0925313
3.5181377e-06,-0.0904783
3.5181877e-06,-0.0950837
3.5182377e-06,-0.105543
3.5182877e-06,-0.113921
3.5183377e-06,-0.11037
3.5183877e-06,-0.0969702
3.5184377e-06,-0.0894241
3.5184877e-06,-0.0976638
3.5185377e-06,-0.110648
3.5185877e-06,-0.109538
3.5186377e-06,-0.0937797
3.5186877e-06,-0.0830708
3.5187377e-06,-0.090839
3.5187877e-06,-0.106236
3.5188377e-06,-0.109566
3.5188877e-06,-0.0987458
3.5189377e-06,-0.0899789
3.5189877e-06,-0.0940572
3.5190377e-06,-0.103129
3.5190877e-06,-0.104045
3.5191377e-06,-0.0971089
3.5191877e-06,-0.0938352
3.5192377e-06,-0.0988845
3.5192877e-06,-0.10288
3.5193377e-06,-0.0960824
3.5193877e-06,-0.0840696
3.5194377e-06,-0.0824328
3.5194877e-06,-0.095805
3.5195377e-06,-0.110065
3.5195877e-06,-0.109954
3.5196377e-06,-0.0991064
3.5196877e-06,-0.0940849
3.5197377e-06,-0.101076
3.5197877e-06,-0.108234
3.5198377e-06,-0.103712
3.5198877e-06,-0.0929474
3.5199377e-06,-0.0907557
3.5199877e-06,-0.100216
3.5200377e-06,-0.107679
3.5200877e-06,-0.101742
3.5201377e-06,-0.0896737
3.5201877e-06,-0.0879259
3.5202377e-06,-0.0995781
3.5202877e-06,-0.110759
3.5203377e-06,-0.109843
3.5203877e-06,-0.101909
3.5204377e-06,-0.10005
3.5204877e-06,-0.107651
3.5205377e-06,-0.114976
3.5205877e-06,-0.113533
3.5206377e-06,-0.107873
3.5206877e-06,-0.108012
3.5207377e-06,-0.113727
3.5207877e-06,-0.113783
3.5208377e-06,-0.102519
3.5208877e-06,-0.0902286
3.5209377e-06,-0.091588
3.5209877e-06,-0.106181
3.5210377e-06,-0.117639
3.5210877e-06,-0.113283
3.5211377e-06,-0.0992452
3.5211877e-06,-0.0913661
3.5212377e-06,-0.0949727
3.5212877e-06,-0.10127
3.5213377e-06,-0.101825
3.5213877e-06,-0.0984406
3.5214377e-06,-0.096998
3.5214877e-06,-0.0988845
3.5215377e-06,-0.101992
3.5215877e-06,-0.105099
3.5216377e-06,-0.106902
3.5216877e-06,-0.105182
3.5217377e-06,-0.100716
3.5217877e-06,-0.0986071
3.5218377e-06,-0.100688
3.5218877e-06,-0.101048
3.5219377e-06,-0.0956663
3.5219877e-06,-0.0915603
3.5220377e-06,-0.0974141
3.5220877e-06,-0.108844
3.5221377e-06,-0.113422
3.5221877e-06,-0.108345
3.5222377e-06,-0.102519
3.5222877e-06,-0.101548
3.5223377e-06,-0.101465
3.5223877e-06,-0.0985238
3.5224377e-06,-0.0953334
3.5224877e-06,-0.0954721
3.5225377e-06,-0.098829
3.5225877e-06,-0.104322
3.5226377e-06,-0.110509
3.5226877e-06,-0.11295
3.5227377e-06,-0.108206
3.5227877e-06,-0.102186
3.5228377e-06,-0.105654
3.5228877e-06,-0.118111
3.5229377e-06,-0.124103
3.5229877e-06,-0.111979
3.5230377e-06,-0.0915048
3.5230877e-06,-0.0836535
3.5231377e-06,-0.0945566
3.5231877e-06,-0.107901
3.5232377e-06,-0.106653
3.5232877e-06,-0.0948062
3.5233377e-06,-0.0900899
3.5233877e-06,-0.0994116
3.5234377e-06,-0.111369
3.5234877e-06,-0.113561
3.5235377e-06,-0.107762
3.5235877e-06,-0.103268
3.5236377e-06,-0.102491
3.5236877e-06,-0.0998
3.5237377e-06,-0.0921151
3.5237877e-06,-0.0842638
3.5238377e-06,-0.083487
3.5238877e-06,-0.0914216
3.5239377e-06,-0.102075
3.5239877e-06,-0.107207
3.5240377e-06,-0.103962
3.5240877e-06,-0.0976638
3.5241377e-06,-0.0954443
3.5241877e-06,-0.0972754
3.5242377e-06,-0.0969147
3.5242877e-06,-0.0918655
3.5243377e-06,-0.0875653
3.5243877e-06,-0.0893963
3.5244377e-06,-0.0951392
3.5244877e-06,-0.0985793
3.5245377e-06,-0.0980522
3.5245877e-06,-0.0977193
3.5246377e-06,-0.100937
3.5246877e-06,-0.105959
3.5247377e-06,-0.108567
3.5247877e-06,-0.107318
3.5248377e-06,-0.104766
3.5248877e-06,-0.103518
3.5249377e-06,-0.102547
3.5249877e-06,-0.0991619
3.5250377e-06,-0.0940849
3.5250877e-06,-0.0922261
3.5251377e-06,-0.0963044
3.5251877e-06,-0.10152
3.5252377e-06,-0.100216
3.5252877e-06,-0.0925036
3.5253377e-06,-0.0882033
3.5253877e-06,-0.094945
3.5254377e-06,-0.107346
3.5254877e-06,-0.112867
3.5255377e-06,-0.10668
3.5255877e-06,-0.0963044
3.5256377e-06,-0.0919487
3.5256877e-06,-0.0961657
3.5257377e-06,-0.103129
3.5257877e-06,-0.105682
3.5258377e-06,-0.10152
3.5258877e-06,-0.0945843
3.5259377e-06,-0.0916158
3.5259877e-06,-0.0961379
3.5260377e-06,-0.104294
3.5260877e-06,-0.107901
3.5261377e-06,-0.103795
3.5261877e-06,-0.0983851
3.5262377e-06,-0.0998278
3.5262877e-06,-0.106514
3.5263377e-06,-0.108789
3.5263877e-06,-0.102907
3.5264377e-06,-0.0974141
3.5264877e-06,-0.101243
3.5265377e-06,-0.11001
3.5265877e-06,-0.111175
3.5266377e-06,-0.101187
3.5266877e-06,-0.0902009
3.5267377e-06,-0.0891466
3.5267877e-06,-0.097969
3.5268377e-06,-0.108012
3.5268877e-06,-0.111896
3.5269377e-06,-0.108206
3.5269877e-06,-0.0999665
3.5270377e-06,-0.0921706
3.5270877e-06,-0.0891189
3.5271377e-06,-0.0920319
3.5271877e-06,-0.097969
3.5272377e-06,-0.101354
3.5272877e-06,-0.0984129
3.5273377e-06,-0.0920319
3.5273877e-06,-0.0910054
3.5274377e-06,-0.10066
3.5274877e-06,-0.113949
3.5275377e-06,-0.116529
3.5275877e-06,-0.104128
3.5276377e-06,-0.0898125
3.5276877e-06,-0.0891466
3.5277377e-06,-0.100077
3.5277877e-06,-0.105321
3.5278377e-06,-0.0954721
3.5278877e-06,-0.0820721
3.5279377e-06,-0.0823218
3.5279877e-06,-0.0961379
3.5280377e-06,-0.10632
3.5280877e-06,-0.100577
3.5281377e-06,-0.0867884
3.5281877e-06,-0.0824605
3.5282377e-06,-0.0935023
3.5282877e-06,-0.107513
3.5283377e-06,-0.1089
3.5283877e-06,-0.0966096
3.5284377e-06,-0.0839309
3.5284877e-06,-0.0824605
3.5285377e-06,-0.0906725
3.5285877e-06,-0.0992452
3.5286377e-06,-0.102852
3.5286877e-06,-0.103323
3.5287377e-06,-0.104183
3.5287877e-06,-0.105959
3.5288377e-06,-0.106764
3.5288877e-06,-0.105487
3.5289377e-06,-0.103989
3.5289877e-06,-0.105127
3.5290377e-06,-0.108206
3.5290877e-06,-0.10865
3.5291377e-06,-0.104544
3.5291877e-06,-0.101492
3.5292377e-06,-0.106375
3.5292877e-06,-0.117251
3.5293377e-06,-0.123659
3.5293877e-06,-0.118194
3.5294377e-06,-0.105265
3.5294877e-06,-0.0958882
3.5295377e-06,-0.095916
3.5295877e-06,-0.101243
3.5296377e-06,-0.104794
3.5296877e-06,-0.105099
3.5297377e-06,-0.105571
3.5297877e-06,-0.106736
3.5298377e-06,-0.103934
3.5298877e-06,-0.0952224
3.5299377e-06,-0.0871768
3.5299877e-06,-0.087371
3.5300377e-06,-0.0932249
3.5300877e-06,-0.0958327
3.5301377e-06,-0.0934468
3.5301877e-06,-0.0931971
3.5302377e-06,-0.0979967
3.5302877e-06,-0.100854
3.5303377e-06,-0.0961657
3.5303877e-06,-0.0892298
3.5304377e-06,-0.0890356
3.5304877e-06,-0.0961657
3.5305377e-06,-0.103962
3.5305877e-06,-0.107624
3.5306377e-06,-0.10693
3.5306877e-06,-0.103212
3.5307377e-06,-0.0986348
3.5307877e-06,-0.0975806
3.5308377e-06,-0.103212
3.5308877e-06,-0.112229
3.5309377e-06,-0.117001
3.5309877e-06,-0.113394
3.5310377e-06,-0.104822
3.5310877e-06,-0.0979967
3.5311377e-06,-0.096998
3.5311877e-06,-0.101576
3.5312377e-06,-0.108539
3.5312877e-06,-0.113311
3.5313377e-06,-0.111952
3.5313877e-06,-0.104072
3.5314377e-06,-0.0943623
3.5314877e-06,-0.0890079
3.5315377e-06,-0.0900621
3.5315877e-06,-0.0940849
3.5316377e-06,-0.0965818
3.5316877e-06,-0.0968592
3.5317377e-06,-0.0978025
3.5317877e-06,-0.101881
3.5318377e-06,-0.107429
3.5318877e-06,-0.109288
3.5319377e-06,-0.103656
3.5319877e-06,-0.0929474
3.5320377e-06,-0.08554
3.5320877e-06,-0.0884808
3.5321377e-06,-0.0995781
3.5321877e-06,-0.107901
3.5322377e-06,-0.105099
3.5322877e-06,-0.0955831
3.5323377e-06,-0.0912274
3.5323877e-06,-0.096665
3.5324377e-06,-0.105016
3.5324877e-06,-0.108123
3.5325377e-06,-0.105432
3.5325877e-06,-0.100827
3.5326377e-06,-0.0970257
3.5326877e-06,-0.0954443
3.5327377e-06,-0.0971644
3.5327877e-06,-0.10152
3.5328377e-06,-0.10521
3.5328877e-06,-0.104988
3.5329377e-06,-0.100632
3.5329877e-06,-0.095694
3.5330377e-06,-0.0950559
3.5330877e-06,-0.100688
3.5331377e-06,-0.108622
3.5331877e-06,-0.111952
3.5332377e-06,-0.107735
3.5332877e-06,-0.100549
3.5333377e-06,-0.0976638
3.5333877e-06,-0.101409
3.5334377e-06,-0.106736
3.5334877e-06,-0.107402
3.5335377e-06,-0.102824
3.5335877e-06,-0.0980245
3.5336377e-06,-0.0975806
3.5336877e-06,-0.101021
3.5337377e-06,-0.104627
3.5337877e-06,-0.105626
3.5338377e-06,-0.103878
3.5338877e-06,-0.100743
3.5339377e-06,-0.0980245
3.5339877e-06,-0.0976361
3.5340377e-06,-0.101076
3.5340877e-06,-0.10779
3.5341377e-06,-0.114005
3.5341877e-06,-0.114227
3.5342377e-06,-0.106181
3.5342877e-06,-0.0943069
3.5343377e-06,-0.0865665
3.5343877e-06,-0.0861503
3.5344377e-06,-0.0893131
3.5344877e-06,-0.0924203
3.5345377e-06,-0.0961102
3.5345877e-06,-0.0994671
3.5346377e-06,-0.0977748
3.5346877e-06,-0.0910054
3.5347377e-06,-0.0878704
3.5347877e-06,-0.0936965
3.5348377e-06,-0.101437
3.5348877e-06,-0.10177
3.5349377e-06,-0.096998
3.5349877e-06,-0.0968592
3.5350377e-06,-0.103351
3.5350877e-06,-0.108844
3.5351377e-06,-0.107402
3.5351877e-06,-0.10152
3.5352377e-06,-0.0973309
3.5352877e-06,-0.0975251
3.5353377e-06,-0.0996336
3.5353877e-06,-0.0990787
3.5354377e-06,-0.0950837
3.5354877e-06,-0.0925868
3.5355377e-06,-0.095694
3.5355877e-06,-0.0995781
3.5356377e-06,-0.0953888
3.5356877e-06,-0.0839586
3.5357377e-06,-0.0775777
3.5357877e-06,-0.0846522
3.5358377e-06,-0.0979412
3.5358877e-06,-0.102991
3.5359377e-06,-0.0958882
3.5359877e-06,-0.0875098
3.5360377e-06,-0.0890911
3.5360877e-06,-0.0979967
3.5361377e-06,-0.10288
3.5361877e-06,-0.100216
3.5362377e-06,-0.097747
3.5362877e-06,-0.100549
3.5363377e-06,-0.102519
3.5363877e-06,-0.096887
3.5364377e-06,-0.0881756
3.5364877e-06,-0.0864833
3.5365377e-06,-0.0938075
3.5365877e-06,-0.102935
3.5366377e-06,-0.107429
3.5366877e-06,-0.106458
3.5367377e-06,-0.10263
3.5367877e-06,-0.0996891
3.5368377e-06,-0.100438
3.5368877e-06,-0.103379
3.5369377e-06,-0.103684
3.5369877e-06,-0.0999942
3.5370377e-06,-0.0971367
3.5370877e-06,-0.0992729
3.5371377e-06,-0.104156
3.5371877e-06,-0.107346
3.5372377e-06,-0.108428
3.5372877e-06,-0.109316
3.5373377e-06,-0.109399
3.5373877e-06,-0.106958
3.5374377e-06,-0.104322
3.5374877e-06,-0.106098
3.5375377e-06,-0.111258
3.5375877e-06,-0.112645
3.5376377e-06,-0.106625
3.5376877e-06,-0.0984406
3.5377377e-06,-0.0953334
3.5377877e-06,-0.0976915
3.5378377e-06,-0.10005
3.5378877e-06,-0.0981909
3.5379377e-06,-0.0931416
3.5379877e-06,-0.0900899
3.5380377e-06,-0.0938352
3.5380877e-06,-0.103767
3.5381377e-06,-0.112479
3.5381877e-06,-0.11234
3.5382377e-06,-0.104072
3.5382877e-06,-0.0962211
3.5383377e-06,-0.0944733
3.5383877e-06,-0.0945566
3.5384377e-06,-0.0893408
3.5384877e-06,-0.0811843
3.5385377e-06,-0.0806017
3.5385877e-06,-0.0908944
3.5386377e-06,-0.101298
3.5386877e-06,-0.100605
3.5387377e-06,-0.0922539
3.5387877e-06,-0.0886195
3.5388377e-06,-0.0935855
3.5388877e-06,-0.0991064
3.5389377e-06,-0.0984684
3.5389877e-06,-0.0952779
3.5390377e-06,-0.0962211
3.5390877e-06,-0.101381
3.5391377e-06,-0.105543
3.5391877e-06,-0.106098
3.5392377e-06,-0.104433
3.5392877e-06,-0.102186
3.5393377e-06,-0.0998555
3.5393877e-06,-0.0991342
3.5394377e-06,-0.10238
3.5394877e-06,-0.108706
3.5395377e-06,-0.113145
3.5395877e-06,-0.111036
3.5396377e-06,-0.103018
3.5396877e-06,-0.0938075
3.5397377e-06,-0.0871768
3.5397877e-06,-0.083487
3.5398377e-06,-0.0822663
3.5398877e-06,-0.0839586
3.5399377e-06,-0.0877595
3.5399877e-06,-0.089757
3.5400377e-06,-0.0869272
3.5400877e-06,-0.0825992
3.5401377e-06,-0.0840696
3.5401877e-06,-0.0928087
3.5402377e-06,-0.100965
3.5402877e-06,-0.100577
3.5403377e-06,-0.0940294
3.5403877e-06,-0.0909777
3.5404377e-06,-0.0954166
3.5404877e-06,-0.100743
3.5405377e-06,-0.0994671
3.5405877e-06,-0.0932249
3.5406377e-06,-0.0902009
3.5406877e-06,-0.094612
3.5407377e-06,-0.101992
3.5407877e-06,-0.104072
3.5408377e-06,-0.0968592
3.5408877e-06,-0.0850129
3.5409377e-06,-0.078299
3.5409877e-06,-0.0820721
3.5410377e-06,-0.0919209
3.5410877e-06,-0.0985238
3.5411377e-06,-0.0972754
3.5411877e-06,-0.0912551
3.5412377e-06,-0.0858174
3.5412877e-06,-0.0842083
3.5413377e-06,-0.0867052
3.5413877e-06,-0.0912551
3.5414377e-06,-0.0940017
3.5414877e-06,-0.0928642
3.5415377e-06,-0.0907557
3.5415877e-06,-0.0922816
3.5416377e-06,-0.0974973
3.5416877e-06,-0.101354
3.5417377e-06,-0.100854
3.5417877e-06,-0.0990787
3.5418377e-06,-0.100965
3.5418877e-06,-0.106708
3.5419377e-06,-0.111646
3.5419877e-06,-0.111258
3.5420377e-06,-0.105765
3.5420877e-06,-0.0997723
3.5421377e-06,-0.0975528
3.5421877e-06,-0.0984129
3.5422377e-06,-0.0984129
3.5422877e-06,-0.0951392
3.5423377e-06,-0.0892853
3.5423877e-06,-0.0839586
3.5424377e-06,-0.0838754
3.5424877e-06,-0.0919487
3.5425377e-06,-0.103212
3.5425877e-06,-0.10693
3.5426377e-06,-0.0991619
3.5426877e-06,-0.0900067
3.5427377e-06,-0.0910609
3.5427877e-06,-0.099051
3.5428377e-06,-0.100549
3.5428877e-06,-0.0923093
3.5429377e-06,-0.0860394
3.5429877e-06,-0.0901731
3.5430377e-06,-0.0976915
3.5430877e-06,-0.0985516
3.5431377e-06,-0.0952224
3.5431877e-06,-0.0963876
3.5432377e-06,-0.10238
3.5432877e-06,-0.105682
3.5433377e-06,-0.102741
3.5433877e-06,-0.096998
3.5434377e-06,-0.0928365
3.5434877e-06,-0.0921429
3.5435377e-06,-0.094723
3.5435877e-06,-0.0982187
3.5436377e-06,-0.0994949
3.5436877e-06,-0.0985516
3.5437377e-06,-0.0983574
3.5437877e-06,-0.100244
3.5438377e-06,-0.102491
3.5438877e-06,-0.10324
3.5439377e-06,-0.10177
3.5439877e-06,-0.0978025
3.5440377e-06,-0.0936133
3.5440877e-06,-0.0941404
3.5441377e-06,-0.100965
3.5441877e-06,-0.108123
3.5442377e-06,-0.108373
3.5442877e-06,-0.102269
3.5443377e-06,-0.0965541
3.5443877e-06,-0.0950837
3.5444377e-06,-0.0959715
3.5444877e-06,-0.0966096
3.5445377e-06,-0.0970257
3.5445877e-06,-0.0983296
3.5446377e-06,-0.100466
3.5446877e-06,-0.102796
3.5447377e-06,-0.104766
3.5447877e-06,-0.104877
3.5448377e-06,-0.101881
3.5448877e-06,-0.0973586
3.5449377e-06,-0.0952501
3.5449877e-06,-0.0971089
3.5450377e-06,-0.099911
3.5450877e-06,-0.100105
3.5451377e-06,-0.097969
3.5451877e-06,-0.0965263
3.5452377e-06,-0.0973864
3.5452877e-06,-0.0991619
3.5453377e-06,-0.0994394
3.5453877e-06,-0.0971367
3.5454377e-06,-0.0938352
3.5454877e-06,-0.092892
3.5455377e-06,-0.0962766
3.5455877e-06,-0.101742
3.5456377e-06,-0.104766
3.5456877e-06,-0.103462
3.5457377e-06,-0.100355
3.5457877e-06,-0.0987735
3.5458377e-06,-0.0993839
3.5458877e-06,-0.100799
3.5459377e-06,-0.101576
3.5459877e-06,-0.100605
3.5460377e-06,-0.0974419
3.5460877e-06,-0.0941404
3.5461377e-06,-0.0941959
3.5461877e-06,-0.0977748
3.5462377e-06,-0.0999942
3.5462877e-06,-0.0970257
3.5463377e-06,-0.09181
3.5463877e-06,-0.0901731
3.5464377e-06,-0.0929197
3.5464877e-06,-0.0954998
3.5465377e-06,-0.0945566
3.5465877e-06,-0.0914216
3.5466377e-06,-0.0890079
3.5466877e-06,-0.0893963
3.5467377e-06,-0.0943346
3.5467877e-06,-0.103407
3.5468377e-06,-0.110703
3.5468877e-06,-0.107984
3.5469377e-06,-0.0955276
3.5469877e-06,-0.0857619
3.5470377e-06,-0.0908944
3.5470877e-06,-0.108206
3.5471377e-06,-0.1218
3.5471877e-06,-0.120053
3.5472377e-06,-0.107069
3.5472877e-06,-0.0954443
3.5473377e-06,-0.0917822
3.5473877e-06,-0.0925868
3.5474377e-06,-0.092559
3.5474877e-06,-0.0912551
3.5475377e-06,-0.0905893
3.5475877e-06,-0.0908667
3.5476377e-06,-0.0920874
3.5476877e-06,-0.095805
3.5477377e-06,-0.101659
3.5477877e-06,-0.105127
3.5478377e-06,-0.103379
3.5478877e-06,-0.100771
3.5479377e-06,-0.103018
3.5479877e-06,-0.107263
3.5480377e-06,-0.105959
3.5480877e-06,-0.0986348
3.5481377e-06,-0.0930029
3.5481877e-06,-0.0934746
3.5482377e-06,-0.0959715
3.5482877e-06,-0.0960269
3.5483377e-06,-0.0941681
3.5483877e-06,-0.0922539
3.5484377e-06,-0.0901731
3.5484877e-06,-0.0891189
3.5485377e-06,-0.0916158
3.5485877e-06,-0.0955276
3.5486377e-06,-0.0948895
3.5486877e-06,-0.0897015
3.5487377e-06,-0.0881479
3.5487877e-06,-0.0952779
3.5488377e-06,-0.105432
3.5488877e-06,-0.10976
3.5489377e-06,-0.106847
3.5489877e-06,-0.102241
3.5490377e-06,-0.101076
3.5490877e-06,-0.103157
3.5491377e-06,-0.104072
3.5491877e-06,-0.100494
3.5492377e-06,-0.094945
3.5492877e-06,-0.0942514
3.5493377e-06,-0.101603
3.5493877e-06,-0.111119
3.5494377e-06,-0.113172
3.5494877e-06,-0.10521
3.5495377e-06,-0.0953334
3.5495877e-06,-0.0929474
3.5496377e-06,-0.0978857
3.5496877e-06,-0.101992
3.5497377e-06,-0.100188
3.5497877e-06,-0.0957218
3.5498377e-06,-0.0935578
3.5498877e-06,-0.0938075
3.5499377e-06,-0.0935855
3.5499877e-06,-0.0916713
3.5500377e-06,-0.0892298
3.5500877e-06,-0.0879259
3.5501377e-06,-0.0883975
3.5501877e-06,-0.0896737
3.5502377e-06,-0.0898957
3.5502877e-06,-0.0889802
3.5503377e-06,-0.0902009
3.5503877e-06,-0.0963044
3.5504377e-06,-0.104822
3.5504877e-06,-0.109344
3.5505377e-06,-0.106569
3.5505877e-06,-0.100549
3.5506377e-06,-0.0982187
3.5506877e-06,-0.101687
3.5507377e-06,-0.107097
3.5507877e-06,-0.110315
3.5508377e-06,-0.111036
3.5508877e-06,-0.110093
3.5509377e-06,-0.106625
3.5509877e-06,-0.10041
3.5510377e-06,-0.094945
3.5510877e-06,-0.0941127
3.5511377e-06,-0.0972476
3.5511877e-06,-0.0999942
3.5512377e-06,-0.0995226
3.5512877e-06,-0.0968038
3.5513377e-06,-0.0945288
3.5513877e-06,-0.0937797
3.5514377e-06,-0.092892
3.5514877e-06,-0.0892021
3.5515377e-06,-0.0834315
3.5515877e-06,-0.0808791
3.5516377e-06,-0.0858174
3.5516877e-06,-0.0951669
3.5517377e-06,-0.10066
3.5517877e-06,-0.0985238
3.5518377e-06,-0.0940017
3.5518877e-06,-0.0946953
3.5519377e-06,-0.101326
3.5519877e-06,-0.108317
3.5520377e-06,-0.111785
3.5520877e-06,-0.112174
3.5521377e-06,-0.109732
3.5521877e-06,-0.102713
3.5522377e-06,-0.0925868
3.5522877e-06,-0.0862058
3.5523377e-06,-0.0890079
3.5523877e-06,-0.0978303
3.5524377e-06,-0.103989
3.5524877e-06,-0.103018
3.5525377e-06,-0.0984961
3.5525877e-06,-0.0962211
3.5526377e-06,-0.0973864
3.5526877e-06,-0.0994949
3.5527377e-06,-0.100244
3.5527877e-06,-0.0985238
3.5528377e-06,-0.0936688
3.5528877e-06,-0.0870659
3.5529377e-06,-0.0826824
3.5529877e-06,-0.0831541
3.5530377e-06,-0.0866775
3.5530877e-06,-0.0900899
3.5531377e-06,-0.0932526
3.5531877e-06,-0.0976361
3.5532377e-06,-0.102075
3.5532877e-06,-0.103351
3.5533377e-06,-0.100882
3.5533877e-06,-0.0976915
3.5534377e-06,-0.0962766
3.5534877e-06,-0.096776
3.5535377e-06,-0.0981909
3.5535877e-06,-0.0993284
3.5536377e-06,-0.0985516
3.5536877e-06,-0.0953611
3.5537377e-06,-0.0915048
3.5537877e-06,-0.0888969
3.5538377e-06,-0.0873156
3.5538877e-06,-0.0855677
3.5539377e-06,-0.0839864
3.5539877e-06,-0.0851793
3.5540377e-06,-0.0917267
3.5540877e-06,-0.101992
3.5541377e-06,-0.108567
3.5541877e-06,-0.104738
3.5542377e-06,-0.0935301
3.5542877e-06,-0.0864555
3.5543377e-06,-0.0905338
3.5543877e-06,-0.100466
3.5544377e-06,-0.105848
3.5544877e-06,-0.10263
3.5545377e-06,-0.0943901
3.5545877e-06,-0.0870936
3.5546377e-06,-0.0859284
3.5546877e-06,-0.0929474
3.5547377e-06,-0.102297
3.5547877e-06,-0.103046
3.5548377e-06,-0.0923648
3.5548877e-06,-0.0820166
3.5549377e-06,-0.0846245
3.5549877e-06,-0.0971089
3.5550377e-06,-0.105265
3.5550877e-06,-0.10177
3.5551377e-06,-0.09181
3.5551877e-06,-0.0834315
3.5552377e-06,-0.0807959
3.5552877e-06,-0.0850129
3.5553377e-06,-0.0935578
3.5553877e-06,-0.0983574
3.5554377e-06,-0.0924481
3.5554877e-06,-0.0799913
3.5555377e-06,-0.0733607
3.5555877e-06,-0.0781603
3.5556377e-06,-0.0871491
3.5556877e-06,-0.0913938
3.5557377e-06,-0.0907557
3.5557877e-06,-0.0893686
3.5558377e-06,-0.0877872
3.5558877e-06,-0.0849574
3.5559377e-06,-0.0839031
3.5559877e-06,-0.0884253
3.5560377e-06,-0.0964153
3.5560877e-06,-0.102214
3.5561377e-06,-0.103989
3.5561877e-06,-0.103795
3.5562377e-06,-0.101825
3.5562877e-06,-0.0969425
3.5563377e-06,-0.091588
3.5563877e-06,-0.0904506
3.5564377e-06,-0.0941959
3.5564877e-06,-0.0986348
3.5565377e-06,-0.0997445
3.5565877e-06,-0.0966373
3.5566377e-06,-0.0910332
3.5566877e-06,-0.0859284
3.5567377e-06,-0.0841251
3.5567877e-06,-0.0860116
3.5568377e-06,-0.0890911
3.5568877e-06,-0.0904228
3.5569377e-06,-0.0895628
3.5569877e-06,-0.0889802
3.5570377e-06,-0.0914771
3.5570877e-06,-0.0966373
3.5571377e-06,-0.100494
3.5571877e-06,-0.0995226
3.5572377e-06,-0.0941404
3.5572877e-06,-0.0879814
3.5573377e-06,-0.0849019
3.5573877e-06,-0.0860671
3.5574377e-06,-0.0890079
3.5574877e-06,-0.0903951
3.5575377e-06,-0.0903118
3.5575877e-06,-0.0915048
3.5576377e-06,-0.0943069
3.5576877e-06,-0.0951392
3.5577377e-06,-0.09181
3.5577877e-06,-0.0872878
3.5578377e-06,-0.0862891
3.5578877e-06,-0.0903673
3.5579377e-06,-0.0978857
3.5579877e-06,-0.105904
3.5580377e-06,-0.109982
3.5580877e-06,-0.105182
3.5581377e-06,-0.0920597
3.5581877e-06,-0.0796862
3.5582377e-06,-0.0780216
3.5582877e-06,-0.086622
3.5583377e-06,-0.0940849
3.5583877e-06,-0.0906448
3.5584377e-06,-0.0795197
3.5584877e-06,-0.0738878
3.5585377e-06,-0.0822385
3.5585877e-06,-0.0984406
3.5586377e-06,-0.108567
3.5586877e-06,-0.106653
3.5587377e-06,-0.0996613
3.5587877e-06,-0.0966096
3.5588377e-06,-0.0975528
3.5588877e-06,-0.095805
3.5589377e-06,-0.0879259
3.5589877e-06,-0.0776609
3.5590377e-06,-0.0723065
3.5590877e-06,-0.0768286
3.5591377e-06,-0.0900344
3.5591877e-06,-0.103518
3.5592377e-06,-0.107263
3.5592877e-06,-0.0989677
3.5593377e-06,-0.0867607
3.5593877e-06,-0.0797971
3.5594377e-06,-0.0789094
3.5594877e-06,-0.0799636
3.5595377e-06,-0.0827102
3.5595877e-06,-0.0906448
3.5596377e-06,-0.102463
3.5596877e-06,-0.109788
3.5597377e-06,-0.105349
3.5597877e-06,-0.091588
3.5598377e-06,-0.0792978
3.5598877e-06,-0.0779383
3.5599377e-06,-0.0870104
3.5599877e-06,-0.0963321
3.5600377e-06,-0.0961379
3.5600877e-06,-0.0870936
3.5601377e-06,-0.0789371
3.5601877e-06,-0.0789926
3.5602377e-06,-0.0852348
3.5602877e-06,-0.0915603
3.5603377e-06,-0.0950004
3.5603877e-06,-0.0949727
3.5604377e-06,-0.090617
3.5604877e-06,-0.0837089
3.5605377e-06,-0.0802133
3.5605877e-06,-0.0833205
3.5606377e-06,-0.0889802
3.5606877e-06,-0.0925313
3.5607377e-06,-0.0958882
3.5607877e-06,-0.102325
3.5608377e-06,-0.108123
3.5608877e-06,-0.10607
3.5609377e-06,-0.0963876
3.5609877e-06,-0.0879259
3.5610377e-06,-0.0876207
3.5610877e-06,-0.0928087
3.5611377e-06,-0.0958327
3.5611877e-06,-0.0935578
3.5612377e-06,-0.0893686
3.5612877e-06,-0.0870936
3.5613377e-06,-0.0865665
3.5613877e-06,-0.0865388
3.5614377e-06,-0.0879814
3.5614877e-06,-0.0918932
3.5615377e-06,-0.0961102
3.5615877e-06,-0.0972199
3.5616377e-06,-0.0944733
3.5616877e-06,-0.0904228
3.5617377e-06,-0.0882866
3.5617877e-06,-0.0893131
3.5618377e-06,-0.0922261
3.5618877e-06,-0.0942236
3.5619377e-06,-0.0931139
3.5619877e-06,-0.089757
3.5620377e-06,-0.0883975
3.5620877e-06,-0.092559
3.5621377e-06,-0.0989677
3.5621877e-06,-0.0999387
3.5622377e-06,-0.0940849
3.5622877e-06,-0.0902009
3.5623377e-06,-0.0954998
3.5623877e-06,-0.104489
3.5624377e-06,-0.105349
3.5624877e-06,-0.0951392
3.5625377e-06,-0.0828489
3.5625877e-06,-0.078521
3.5626377e-06,-0.0833205
3.5626877e-06,-0.0916713
3.5627377e-06,-0.0981354
3.5627877e-06,-0.100299
3.5628377e-06,-0.0980799
3.5628877e-06,-0.0938907
3.5629377e-06,-0.0920874
3.5629877e-06,-0.0949727
3.5630377e-06,-0.100355
3.5630877e-06,-0.104794
3.5631377e-06,-0.106403
3.5631877e-06,-0.103934
3.5632377e-06,-0.0969425
3.5632877e-06,-0.0891744
3.5633377e-06,-0.0875098
3.5633877e-06,-0.0947785
3.5634377e-06,-0.105765
3.5634877e-06,-0.112756
3.5635377e-06,-0.113283
3.5635877e-06,-0.11037
3.5636377e-06,-0.107263
3.5636877e-06,-0.103962
3.5637377e-06,-0.0976361
3.5637877e-06,-0.0868162
3.5638377e-06,-0.0758021
3.5638877e-06,-0.0729168
3.5639377e-06,-0.0806849
3.5639877e-06,-0.0905615
3.5640377e-06,-0.0931416
3.5640877e-06,-0.090506
3.5641377e-06,-0.0914216
3.5641877e-06,-0.0973031
3.5642377e-06,-0.101021
3.5642877e-06,-0.0984961
3.5643377e-06,-0.0929474
3.5643877e-06,-0.0880369
3.5644377e-06,-0.0849574
3.5644877e-06,-0.0853735
3.5645377e-06,-0.0897847
3.5645877e-06,-0.0930862
3.5646377e-06,-0.0898957
3.5646877e-06,-0.0837089
3.5647377e-06,-0.0831541
3.5647877e-06,-0.0891466
3.5648377e-06,-0.0937243
3.5648877e-06,-0.0924481
3.5649377e-06,-0.0905338
3.5649877e-06,-0.0935301
3.5650377e-06,-0.0983019
3.5650877e-06,-0.0984129
3.5651377e-06,-0.0932804
3.5651877e-06,-0.0878427
3.5652377e-06,-0.0862891
3.5652877e-06,-0.0897015
3.5653377e-06,-0.0969425
3.5653877e-06,-0.10349
3.5654377e-06,-0.103185
3.5654877e-06,-0.0952779
3.5655377e-06,-0.0877872
3.5655877e-06,-0.0888137
3.5656377e-06,-0.0959437
3.5656877e-06,-0.0998
3.5657377e-06,-0.0961934
3.5657877e-06,-0.0896737
3.5658377e-06,-0.0857342
3.5658877e-06,-0.0853735
3.5659377e-06,-0.0872046
3.5659877e-06,-0.0898125
3.5660377e-06,-0.0912828
3.5660877e-06,-0.0908112
3.5661377e-06,-0.0907002
3.5661877e-06,-0.0926978
3.5662377e-06,-0.0935578
3.5662877e-06,-0.0896183
3.5663377e-06,-0.0845412
3.5663877e-06,-0.086511
3.5664377e-06,-0.0964431
3.5664877e-06,-0.104239
3.5665377e-06,-0.100105
3.5665877e-06,-0.0869549
3.5666377e-06,-0.0779938
3.5666877e-06,-0.081323
3.5667377e-06,-0.0903673
3.5667877e-06,-0.0931139
3.5668377e-06,-0.0890079
3.5668877e-06,-0.0891466
3.5669377e-06,-0.097858
3.5669877e-06,-0.103351
3.5670377e-06,-0.0939739
3.5670877e-06,-0.0777719
3.5671377e-06,-0.074304
3.5671877e-06,-0.0881756
3.5672377e-06,-0.101798
3.5672877e-06,-0.0993561
3.5673377e-06,-0.0875375
3.5673877e-06,-0.0839586
3.5674377e-06,-0.0912551
3.5674877e-06,-0.0952501
3.5675377e-06,-0.0877872
3.5675877e-06,-0.0789094
3.5676377e-06,-0.081323
3.5676877e-06,-0.0919764
3.5677377e-06,-0.0972754
3.5677877e-06,-0.0925313
3.5678377e-06,-0.0866775
3.5678877e-06,-0.0883975
3.5679377e-06,-0.0950559
3.5679877e-06,-0.0989677
3.5680377e-06,-0.0984684
3.5680877e-06,-0.0977193
3.5681377e-06,-0.0979135
3.5681877e-06,-0.0953334
3.5682377e-06,-0.0884253
3.5682877e-06,-0.0821276
3.5683377e-06,-0.081545
3.5683877e-06,-0.0851516
3.5684377e-06,-0.0880646
3.5684877e-06,-0.0894518
3.5685377e-06,-0.0924481
3.5685877e-06,-0.0970534
3.5686377e-06,-0.097858
3.5686877e-06,-0.0919764
3.5687377e-06,-0.0857065
3.5687877e-06,-0.0880646
3.5688377e-06,-0.0971367
3.5688877e-06,-0.100022
3.5689377e-06,-0.0905338
3.5689877e-06,-0.0802688
3.5690377e-06,-0.0838754
3.5690877e-06,-0.097858
3.5691377e-06,-0.103989
3.5691877e-06,-0.0941127
3.5692377e-06,-0.0799359
3.5692877e-06,-0.076135
3.5693377e-06,-0.0820721
3.5693877e-06,-0.0868994
3.5694377e-06,-0.0863723
3.5694877e-06,-0.0862613
3.5695377e-06,-0.0909777
3.5695877e-06,-0.0967205
3.5696377e-06,-0.0982464
3.5696877e-06,-0.0957495
3.5697377e-06,-0.0919209
3.5697877e-06,-0.0872323
3.5698377e-06,-0.0827102
3.5698877e-06,-0.0825437
3.5699377e-06,-0.0884808
3.5699877e-06,-0.0953611
3.5700377e-06,-0.0969702
3.5700877e-06,-0.0934191
3.5701377e-06,-0.0882033
3.5701877e-06,-0.0820443
3.5702377e-06,-0.0760795
3.5702877e-06,-0.076135
3.5703377e-06,-0.0855677
3.5703877e-06,-0.0963044
3.5704377e-06,-0.096998
3.5704877e-06,-0.0893686
3.5705377e-06,-0.0865942
3.5705877e-06,-0.0942514
3.5706377e-06,-0.102907
3.5706877e-06,-0.102796
3.5707377e-06,-0.096665
3.5707877e-06,-0.0929474
3.5708377e-06,-0.0940294
3.5708877e-06,-0.0967205
3.5709377e-06,-0.098829
3.5709877e-06,-0.100383
3.5710377e-06,-0.100716
3.5710877e-06,-0.0980522
3.5711377e-06,-0.0917545
3.5711877e-06,-0.0852071
3.5712377e-06,-0.0853458
3.5712877e-06,-0.0955276
3.5713377e-06,-0.107346
3.5713877e-06,-0.105793
3.5714377e-06,-0.0877872
3.5714877e-06,-0.0693657
3.5715377e-06,-0.0667856
3.5715877e-06,-0.0758299
3.5716377e-06,-0.0806294
3.5716877e-06,-0.0778829
3.5717377e-06,-0.0787706
3.5717877e-06,-0.0877595
3.5718377e-06,-0.0949727
3.5718877e-06,-0.0938075
3.5719377e-06,-0.0922539
3.5719877e-06,-0.0975528
3.5720377e-06,-0.101631
3.5720877e-06,-0.0930029
3.5721377e-06,-0.0767454
3.5721877e-06,-0.0694489
3.5722377e-06,-0.0777441
3.5722877e-06,-0.09181
3.5723377e-06,-0.0991342
3.5723877e-06,-0.0966928
3.5724377e-06,-0.0901454
3.5724877e-06,-0.0871491
3.5725377e-06,-0.0903673
3.5725877e-06,-0.0939185
3.5726377e-06,-0.0891744
3.5726877e-06,-0.077106
3.5727377e-06,-0.0706419
3.5727877e-06,-0.0796029
3.5728377e-06,-0.0971089
3.5728877e-06,-0.106486
3.5729377e-06,-0.100105
3.5729877e-06,-0.0857897
3.5730377e-06,-0.0766067
3.5730877e-06,-0.0792145
3.5731377e-06,-0.0904783
3.5731877e-06,-0.100632
3.5732377e-06,-0.100466
3.5732877e-06,-0.0894518
3.5733377e-06,-0.0769118
3.5733877e-06,-0.0728058
3.5734377e-06,-0.0784932
3.5734877e-06,-0.0871491
3.5735377e-06,-0.09181
3.5735877e-06,-0.090506
3.5736377e-06,-0.0859839
3.5736877e-06,-0.0834593
3.5737377e-06,-0.0874543
3.5737877e-06,-0.0966373
3.5738377e-06,-0.102519
3.5738877e-06,-0.0977193
3.5739377e-06,-0.0864555
3.5739877e-06,-0.0816559
3.5740377e-06,-0.0894241
3.5740877e-06,-0.101742
3.5741377e-06,-0.107346
3.5741877e-06,-0.104905
3.5742377e-06,-0.10091
3.5742877e-06,-0.0989955
3.5743377e-06,-0.0974419
3.5743877e-06,-0.0954443
3.5744377e-06,-0.0961102
3.5744877e-06,-0.100355
3.5745377e-06,-0.102574
3.5745877e-06,-0.0973031
3.5746377e-06,-0.0886195
3.5746877e-06,-0.0864555
3.5747377e-06,-0.0919487
3.5747877e-06,-0.0944733
3.5748377e-06,-0.0872046
3.5748877e-06,-0.0780216
3.5749377e-06,-0.0778829
3.5749877e-06,-0.0849574
3.5750377e-06,-0.0892853
3.5750877e-06,-0.0876485
3.5751377e-06,-0.0848464
3.5751877e-06,-0.0834593
3.5752377e-06,-0.0815727
3.5752877e-06,-0.0795752
3.5753377e-06,-0.0807404
3.5753877e-06,-0.0849019
3.5754377e-06,-0.0878427
3.5754877e-06,-0.0880924
3.5755377e-06,-0.0889247
3.5755877e-06,-0.0923648
3.5756377e-06,-0.0958605
3.5756877e-06,-0.0963044
3.5757377e-06,-0.0943901
3.5757877e-06,-0.0919487
3.5758377e-06,-0.0885085
3.5758877e-06,-0.0832373
3.5759377e-06,-0.0785764
3.5759877e-06,-0.0776887
3.5760377e-06,-0.0791313
3.5760877e-06,-0.079159
3.5761377e-06,-0.0787429
3.5761877e-06,-0.0831541
3.5762377e-06,-0.09267
3.5762877e-06,-0.0999387
3.5763377e-06,-0.0993561
3.5763877e-06,-0.0940849
3.5764377e-06,-0.0903673
3.5764877e-06,-0.0891744
3.5765377e-06,-0.0877595
3.5765877e-06,-0.0864555
3.5766377e-06,-0.0883698
3.5766877e-06,-0.0936688
3.5767377e-06,-0.0980799
3.5767877e-06,-0.0981909
3.5768377e-06,-0.094723
3.5768877e-06,-0.0904506
3.5769377e-06,-0.0870381
3.5769877e-06,-0.0849851
3.5770377e-06,-0.0851793
3.5770877e-06,-0.0888692
3.5771377e-06,-0.0947508
3.5771877e-06,-0.0978025
3.5772377e-06,-0.0939185
3.5772877e-06,-0.0861503
3.5773377e-06,-0.0815727
3.5773877e-06,-0.082516
3.5774377e-06,-0.0852626
3.5774877e-06,-0.0870936
3.5775377e-06,-0.0889802
3.5775877e-06,-0.0900344
3.5776377e-06,-0.0872878
3.5776877e-06,-0.0821553
3.5777377e-06,-0.081323
3.5777877e-06,-0.0879259
3.5778377e-06,-0.0963044
3.5778877e-06,-0.0985238
3.5779377e-06,-0.0935301
3.5779877e-06,-0.0874265
3.5780377e-06,-0.0862336
3.5780877e-06,-0.0890356
3.5781377e-06,-0.0892576
3.5781877e-06,-0.0835147
3.5782377e-06,-0.0779661
3.5782877e-06,-0.0817669
3.5783377e-06,-0.0935855
3.5783877e-06,-0.0998
3.5784377e-06,-0.090728
3.5784877e-06,-0.075275
3.5785377e-06,-0.0718071
3.5785877e-06,-0.0848464
3.5786377e-06,-0.0983851
3.5786877e-06,-0.0964708
3.5787377e-06,-0.0837644
3.5787877e-06,-0.0778829
3.5788377e-06,-0.0849296
3.5788877e-06,-0.0931694
3.5789377e-06,-0.0916435
3.5789877e-06,-0.0850961
3.5790377e-06,-0.084458
3.5790877e-06,-0.0905338
3.5791377e-06,-0.0952779
3.5791877e-06,-0.0939739
3.5792377e-06,-0.0890911
3.5792877e-06,-0.0841806
3.5793377e-06,-0.080574
3.5793877e-06,-0.0789926
3.5794377e-06,-0.0802688
3.5794877e-06,-0.0839309
3.5795377e-06,-0.0873433
3.5795877e-06,-0.087371
3.5796377e-06,-0.0841806
3.5796877e-06,-0.0819611
3.5797377e-06,-0.0835425
3.5797877e-06,-0.085651
3.5798377e-06,-0.083487
3.5798877e-06,-0.0789094
3.5799377e-06,-0.0781325
3.5799877e-06,-0.0812675
3.5800377e-06,-0.0817947
3.5800877e-06,-0.0776609
3.5801377e-06,-0.075275
3.5801877e-06,-0.0789926
3.5802377e-06,-0.0848464
3.5802877e-06,-0.0889247
3.5803377e-06,-0.0935023
3.5803877e-06,-0.0988013
3.5804377e-06,-0.0967205
3.5804877e-06,-0.0826824
3.5805377e-06,-0.0681727
3.5805877e-06,-0.0697541
3.5806377e-06,-0.0861226
3.5806877e-06,-0.0977748
3.5807377e-06,-0.0930584
3.5807877e-06,-0.0837367
3.5808377e-06,-0.0871768
3.5808877e-06,-0.101104
3.5809377e-06,-0.106569
3.5809877e-06,-0.0945011
3.5810377e-06,-0.0774945
3.5810877e-06,-0.0726116
3.5811377e-06,-0.0804075
3.5811877e-06,-0.087593
3.5812377e-06,-0.0860394
3.5812877e-06,-0.0814617
3.5813377e-06,-0.0821831
3.5813877e-06,-0.0860116
3.5814377e-06,-0.0843748
3.5814877e-06,-0.0767454
3.5815377e-06,-0.0732497
3.5815877e-06,-0.0813785
3.5816377e-06,-0.0953056
3.5816877e-06,-0.102935
3.5817377e-06,-0.0995781
3.5817877e-06,-0.090617
3.5818377e-06,-0.0831541
3.5818877e-06,-0.0792145
3.5819377e-06,-0.0768009
3.5819877e-06,-0.074082
3.5820377e-06,-0.0716684
3.5820877e-06,-0.0721123
3.5821377e-06,-0.0765512
3.5821877e-06,-0.0822385
3.5822377e-06,-0.0848187
3.5822877e-06,-0.0834315
3.5823377e-06,-0.0817669
3.5823877e-06,-0.0827102
3.5824377e-06,-0.0844303
3.5824877e-06,-0.0832373
3.5825377e-06,-0.0791313
3.5825877e-06,-0.0762737
3.5826377e-06,-0.0788816
3.5826877e-06,-0.0871768
3.5827377e-06,-0.0963044
3.5827877e-06,-0.0996336
3.5828377e-06,-0.0958882
3.5828877e-06,-0.0910054
3.5829377e-06,-0.0904783
3.5829877e-06,-0.092559
3.5830377e-06,-0.092781
3.5830877e-06,-0.0913106
3.5831377e-06,-0.0901454
3.5831877e-06,-0.0873988
3.5832377e-06,-0.0807127
3.5832877e-06,-0.0746092
3.5833377e-06,-0.0766622
3.5833877e-06,-0.0863445
3.5834377e-06,-0.0939462
3.5834877e-06,-0.0921429
3.5835377e-06,-0.08468
3.5835877e-06,-0.0804075
3.5836377e-06,-0.0829044
3.5836877e-06,-0.088675
3.5837377e-06,-0.0931139
3.5837877e-06,-0.0935855
3.5838377e-06,-0.0895073
3.5838877e-06,-0.0831818
3.5839377e-06,-0.0791313
3.5839877e-06,-0.0792423
3.5840377e-06,-0.0800746
3.5840877e-06,-0.0779661
3.5841377e-06,-0.075053
3.5841877e-06,-0.0761905
3.5842377e-06,-0.0802965
3.5842877e-06,-0.0807682
3.5843377e-06,-0.0756357
3.5843877e-06,-0.0720013
3.5844377e-06,-0.0767454
3.5844877e-06,-0.0864833
3.5845377e-06,-0.0912274
3.5845877e-06,-0.0862336
3.5846377e-06,-0.0769951
3.5846877e-06,-0.0721677
3.5847377e-06,-0.0742762
3.5847877e-06,-0.0791868
3.5848377e-06,-0.082627
3.5848877e-06,-0.0838754
3.5849377e-06,-0.083487
3.5849877e-06,-0.0808514
3.5850377e-06,-0.076357
3.5850877e-06,-0.0742485
3.5851377e-06,-0.0792145
3.5851877e-06,-0.0888692
3.5852377e-06,-0.0929752
3.5852877e-06,-0.0848187
3.5853377e-06,-0.0715297
3.5853877e-06,-0.0673959
3.5854377e-06,-0.0766344
3.5854877e-06,-0.0890911
3.5855377e-06,-0.0935855
3.5855877e-06,-0.0896737
3.5856377e-06,-0.0839586
3.5856877e-06,-0.0814062
3.5857377e-06,-0.0832096
3.5857877e-06,-0.0875375
3.5858377e-06,-0.0898402
3.5858877e-06,-0.0865388
3.5859377e-06,-0.0805185
3.5859877e-06,-0.078188
3.5860377e-06,-0.0804907
3.5860877e-06,-0.0823495
3.5861377e-06,-0.0813785
3.5861877e-06,-0.0811011
3.5862377e-06,-0.0836535
3.5862877e-06,-0.0851793
3.5863377e-06,-0.0823773
3.5863877e-06,-0.0788261
3.5864377e-06,-0.0795752
3.5864877e-06,-0.0821276
3.5865377e-06,-0.0798249
3.5865877e-06,-0.073
3.5866377e-06,-0.0700038
3.5866877e-06,-0.0754137
3.5867377e-06,-0.0828489
3.5867877e-06,-0.0839586
3.5868377e-06,-0.0804075
3.5868877e-06,-0.0814062
3.5869377e-06,-0.0895628
3.5869877e-06,-0.0950282
3.5870377e-06,-0.0880924
3.5870877e-06,-0.0737491
3.5871377e-06,-0.0677566
3.5871877e-06,-0.077217
3.5872377e-06,-0.0912828
3.5872877e-06,-0.0950004
3.5873377e-06,-0.0865942
3.5873877e-06,-0.0768009
3.5874377e-06,-0.0743872
3.5874877e-06,-0.0780771
3.5875377e-06,-0.0812675
3.5875877e-06,-0.080352
3.5876377e-06,-0.0776609
3.5876877e-06,-0.0782435
3.5877377e-06,-0.084458
3.5877877e-06,-0.0928087
3.5878377e-06,-0.0960824
3.5878877e-06,-0.090728
3.5879377e-06,-0.0817947
3.5879877e-06,-0.077439
3.5880377e-06,-0.0789926
3.5880877e-06,-0.0797694
3.5881377e-06,-0.0755524
3.5881877e-06,-0.0706696
3.5882377e-06,-0.0716406
3.5882877e-06,-0.0784655
3.5883377e-06,-0.0857897
3.5883877e-06,-0.0904506
3.5884377e-06,-0.093641
3.5884877e-06,-0.0960824
3.5885377e-06,-0.0952224
3.5885877e-06,-0.0896183
3.5886377e-06,-0.0830154
3.5886877e-06,-0.0809346
3.5887377e-06,-0.0834038
3.5887877e-06,-0.0848187
3.5888377e-06,-0.0818779
3.5888877e-06,-0.0783267
3.5889377e-06,-0.0801578
3.5889877e-06,-0.0881756
3.5890377e-06,-0.0963321
3.5890877e-06,-0.0969147
3.5891377e-06,-0.0879259
3.5891877e-06,-0.0761628
3.5892377e-06,-0.0715297
3.5892877e-06,-0.0768564
3.5893377e-06,-0.0850684
3.5893877e-06,-0.0877595
3.5894377e-06,-0.0844025
3.5894877e-06,-0.0808236
3.5895377e-06,-0.0807404
3.5895877e-06,-0.0825992
3.5896377e-06,-0.0837644
3.5896877e-06,-0.0839031
3.5897377e-06,-0.0836257
3.5897877e-06,-0.0835702
3.5898377e-06,-0.0849851
3.5898877e-06,-0.0881201
3.5899377e-06,-0.0900899
3.5899877e-06,-0.087704
3.5900377e-06,-0.0827102
3.5900877e-06,-0.0801023
3.5901377e-06,-0.0817114
3.5901877e-06,-0.0855677
3.5902377e-06,-0.090839
3.5902877e-06,-0.0970257
3.5903377e-06,-0.0991342
3.5903877e-06,-0.0921429
3.5904377e-06,-0.0814062
3.5904877e-06,-0.0792978
3.5905377e-06,-0.0882033
3.5905877e-06,-0.0956108
3.5906377e-06,-0.0911441
3.5906877e-06,-0.0812398
3.5907377e-06,-0.0792145
3.5907877e-06,-0.0865665
3.5908377e-06,-0.0920597
3.5908877e-06,-0.0875653
3.5909377e-06,-0.0781325
3.5909877e-06,-0.0738878
3.5910377e-06,-0.0775222
3.5910877e-06,-0.0827379
3.5911377e-06,-0.0835147
3.5911877e-06,-0.0806017
3.5912377e-06,-0.0792423
3.5912877e-06,-0.0830708
3.5913377e-06,-0.0898402
3.5913877e-06,-0.0921151
3.5914377e-06,-0.0850129
3.5914877e-06,-0.0746924
3.5915377e-06,-0.0742207
3.5915877e-06,-0.0864833
3.5916377e-06,-0.0970534
3.5916877e-06,-0.0918655
3.5917377e-06,-0.0776332
3.5917877e-06,-0.0737491
3.5918377e-06,-0.0856787
3.5918877e-06,-0.0979135
3.5919377e-06,-0.0958327
3.5919877e-06,-0.0837089
3.5920377e-06,-0.076357
3.5920877e-06,-0.0797971
3.5921377e-06,-0.0871768
3.5921877e-06,-0.0900899
3.5922377e-06,-0.0873156
3.5922877e-06,-0.083598
3.5923377e-06,-0.0832373
3.5923877e-06,-0.0861781
3.5924377e-06,-0.0882033
3.5924877e-06,-0.0843748
3.5925377e-06,-0.0749143
3.5925877e-06,-0.0672572
3.5926377e-06,-0.069116
3.5926877e-06,-0.0790481
3.5927377e-06,-0.0876207
3.5927877e-06,-0.0891744
3.5928377e-06,-0.0876762
3.5928877e-06,-0.0886195
3.5929377e-06,-0.0904783
3.5929877e-06,-0.0884253
3.5930377e-06,-0.0834038
3.5930877e-06,-0.0817114
3.5931377e-06,-0.0852626
3.5931877e-06,-0.0878149
3.5932377e-06,-0.0831818
3.5932877e-06,-0.0743872
3.5933377e-06,-0.0704477
3.5933877e-06,-0.0751363
3.5934377e-06,-0.0825715
3.5934877e-06,-0.0851793
3.5935377e-06,-0.0832928
3.5935877e-06,-0.0835147
3.5936377e-06,-0.0889802
3.5936877e-06,-0.0947508
3.5937377e-06,-0.0940294
3.5937877e-06,-0.0872878
3.5938377e-06,-0.0824605
3.5938877e-06,-0.0844303
3.5939377e-06,-0.0885363
3.5939877e-06,-0.0878982
3.5940377e-06,-0.0840141
3.5940877e-06,-0.0841528
3.5941377e-06,-0.0889524
3.5941877e-06,-0.0913661
3.5942377e-06,-0.0886472
3.5942877e-06,-0.0865942
3.5943377e-06,-0.0885918
3.5943877e-06,-0.0896737
3.5944377e-06,-0.0862891
3.5944877e-06,-0.0836812
3.5945377e-06,-0.0863723
3.5945877e-06,-0.0890356
3.5946377e-06,-0.0849851
3.5946877e-06,-0.0782435
3.5947377e-06,-0.077328
3.5947877e-06,-0.0816282
3.5948377e-06,-0.0830986
3.5948877e-06,-0.0797971
3.5949377e-06,-0.0776887
3.5949877e-06,-0.0802688
3.5950377e-06,-0.0839864
3.5950877e-06,-0.0847909
3.5951377e-06,-0.0829876
3.5951877e-06,-0.0806017
3.5952377e-06,-0.0796862
3.5952877e-06,-0.0821553
3.5953377e-06,-0.0870936
3.5953877e-06,-0.0888137
3.5954377e-06,-0.0832373
3.5954877e-06,-0.0750808
3.5955377e-06,-0.0729723
3.5955877e-06,-0.0781325
3.5956377e-06,-0.0837089
3.5956877e-06,-0.085429
3.5957377e-06,-0.0859007
3.5957877e-06,-0.0862891
3.5958377e-06,-0.0819611
3.5958877e-06,-0.0711412
3.5959377e-06,-0.0624299
3.5959877e-06,-0.0662029
3.5960377e-06,-0.080574
3.5960877e-06,-0.0921429
3.5961377e-06,-0.0913661
3.5961877e-06,-0.082294
3.5962377e-06,-0.0752472
3.5962877e-06,-0.074082
3.5963377e-06,-0.0754692
3.5963877e-06,-0.0773002
3.5964377e-06,-0.0809069
3.5964877e-06,-0.0846522
3.5965377e-06,-0.0821276
3.5965877e-06,-0.0716129
3.5966377e-06,-0.062846
3.5966877e-06,-0.0684779
3.5967377e-06,-0.0880646
3.5967877e-06,-0.105127
3.5968377e-06,-0.10496
3.5968877e-06,-0.09181
3.5969377e-06,-0.083265
3.5969877e-06,-0.0880091
3.5970377e-06,-0.0963044
3.5970877e-06,-0.0951114
3.5971377e-06,-0.0862891
3.5971877e-06,-0.0824882
3.5972377e-06,-0.0879537
3.5972877e-06,-0.0926145
3.5973377e-06,-0.0877872
3.5973877e-06,-0.078521
3.5974377e-06,-0.0743872
3.5974877e-06,-0.0753305
3.5975377e-06,-0.0751363
3.5975877e-06,-0.0746092
3.5976377e-06,-0.0805462
3.5976877e-06,-0.0928365
3.5977377e-06,-0.101243
3.5977877e-06,-0.0975251
3.5978377e-06,-0.0852903
3.5978877e-06,-0.0758853
3.5979377e-06,-0.0769951
3.5979877e-06,-0.0860116
3.5980377e-06,-0.0933636
3.5980877e-06,-0.0919487
3.5981377e-06,-0.0841806
3.5981877e-06,-0.0780216
3.5982377e-06,-0.0777441
3.5982877e-06,-0.0803243
3.5983377e-06,-0.081434
3.5983877e-06,-0.0815172
3.5984377e-06,-0.0836535
3.5984877e-06,-0.0869826
3.5985377e-06,-0.0859284
3.5985877e-06,-0.078299
3.5986377e-06,-0.0709193
3.5986877e-06,-0.0725007
3.5987377e-06,-0.0817947
3.5987877e-06,-0.0886195
3.5988377e-06,-0.087371
3.5988877e-06,-0.0834038
3.5989377e-06,-0.0833483
3.5989877e-06,-0.0855123
3.5990377e-06,-0.0839031
3.5990877e-06,-0.0788816
3.5991377e-06,-0.077439
3.5991877e-06,-0.0825992
3.5992377e-06,-0.0883143
3.5992877e-06,-0.0879814
3.5993377e-06,-0.0842083
3.5993877e-06,-0.0848742
3.5994377e-06,-0.0910054
3.5994877e-06,-0.094834
3.5995377e-06,-0.0910609
3.5995877e-06,-0.0837089
3.5996377e-06,-0.0793532
3.5996877e-06,-0.0789094
3.5997377e-06,-0.0792145
3.5997877e-06,-0.079159
3.5998377e-06,-0.0812398
3.5998877e-06,-0.0878427
3.5999377e-06,-0.0966928
3.5999877e-06,-0.0999665
3.6000377e-06,-0.0920042
3.6000877e-06,-0.0786597
3.6001377e-06,-0.0733607
3.6001877e-06,-0.0801023
3.6002377e-06,-0.0878149
3.6002877e-06,-0.0852348
3.6003377e-06,-0.0755802
3.6003877e-06,-0.0705309
3.6004377e-06,-0.0747479
3.6004877e-06,-0.0825437
3.6005377e-06,-0.0870936
3.6005877e-06,-0.0866775
3.6006377e-06,-0.0831263
3.6006877e-06,-0.079159
3.6007377e-06,-0.0779383
3.6007877e-06,-0.0810733
3.6008377e-06,-0.0862336
3.6008877e-06,-0.0889524
3.6009377e-06,-0.0874265
3.6009877e-06,-0.0841251
3.6010377e-06,-0.0824328
3.6010877e-06,-0.0835425
3.6011377e-06,-0.0860671
3.6011877e-06,-0.0875653
3.6012377e-06,-0.0865942
3.6012877e-06,-0.0835702
3.6013377e-06,-0.0802688
3.6013877e-06,-0.07841
3.6014377e-06,-0.0787152
3.6014877e-06,-0.0799359
3.6015377e-06,-0.0798526
3.6015877e-06,-0.0787152
3.6016377e-06,-0.0798804
3.6016877e-06,-0.0846245
3.6017377e-06,-0.0881201
3.6017877e-06,-0.0839309
3.6018377e-06,-0.0733052
3.6018877e-06,-0.0667301
3.6019377e-06,-0.0734717
3.6019877e-06,-0.0895905
3.6020377e-06,-0.0998833
3.6020877e-06,-0.0938352
3.6021377e-06,-0.0774112
3.6021877e-06,-0.0665636
3.6022377e-06,-0.070087
3.6022877e-06,-0.0825437
3.6023377e-06,-0.0933358
3.6023877e-06,-0.0971089
3.6024377e-06,-0.0941681
3.6024877e-06,-0.0868994
3.6025377e-06,-0.0799636
3.6025877e-06,-0.0787706
3.6026377e-06,-0.0830431
3.6026877e-06,-0.085318
3.6027377e-06,-0.0806017
3.6027877e-06,-0.0748866
3.6028377e-06,-0.0781325
3.6028877e-06,-0.0901731
3.6029377e-06,-0.0992729
3.6029877e-06,-0.0964153
3.6030377e-06,-0.0857897
3.6030877e-06,-0.0775222
3.6031377e-06,-0.0752472
3.6031877e-06,-0.0756634
3.6032377e-06,-0.0776609
3.6032877e-06,-0.0830986
3.6033377e-06,-0.0893131
3.6033877e-06,-0.0883143
3.6034377e-06,-0.0778274
3.6034877e-06,-0.0671462
3.6035377e-06,-0.067923
3.6035877e-06,-0.0802965
3.6036377e-06,-0.0921984
3.6036877e-06,-0.0920319
3.6037377e-06,-0.0806849
3.6037877e-06,-0.0694489
3.6038377e-06,-0.0669243
3.6038877e-06,-0.070947
3.6039377e-06,-0.0742762
3.6039877e-06,-0.0751363
3.6040377e-06,-0.0771893
3.6040877e-06,-0.0815172
3.6041377e-06,-0.0839864
3.6041877e-06,-0.0814617
3.6042377e-06,-0.0773557
3.6042877e-06,-0.0781603
3.6043377e-06,-0.0851238
3.6043877e-06,-0.0919764
3.6044377e-06,-0.0928642
3.6044877e-06,-0.0893963
3.6045377e-06,-0.0872046
3.6045877e-06,-0.0875098
3.6046377e-06,-0.0864555
3.6046877e-06,-0.0820721
3.6047377e-06,-0.0780771
3.6047877e-06,-0.0794642
3.6048377e-06,-0.0857342
3.6048877e-06,-0.0899234
3.6049377e-06,-0.0862058
3.6049877e-06,-0.0779383
3.6050377e-06,-0.075275
3.6050877e-06,-0.0828766
3.6051377e-06,-0.092781
3.6051877e-06,-0.0931416
3.6052377e-06,-0.0828212
3.6052877e-06,-0.0720013
3.6053377e-06,-0.0685334
3.6053877e-06,-0.0702535
3.6054377e-06,-0.0723065
3.6054877e-06,-0.0752195
3.6055377e-06,-0.0803243
3.6055877e-06,-0.0832928
3.6056377e-06,-0.079492
3.6056877e-06,-0.0733052
3.6057377e-06,-0.0733052
3.6057877e-06,-0.0789648
3.6058377e-06,-0.0806294
3.6058877e-06,-0.0738601
3.6059377e-06,-0.0659533
3.6059877e-06,-0.0647603
3.6060377e-06,-0.0685056
3.6060877e-06,-0.0708361
3.6061377e-06,-0.0708638
3.6061877e-06,-0.0729446
3.6062377e-06,-0.0788539
3.6062877e-06,-0.0847354
3.6063377e-06,-0.0861781
3.6063877e-06,-0.0839309
3.6064377e-06,-0.0825437
3.6064877e-06,-0.0841251
3.6065377e-06,-0.0854013
3.6065877e-06,-0.0826824
3.6066377e-06,-0.0779106
3.6066877e-06,-0.0766067
3.6067377e-06,-0.0803243
3.6067877e-06,-0.0850406
3.6068377e-06,-0.0869272
3.6068877e-06,-0.086511
3.6069377e-06,-0.0859839
3.6069877e-06,-0.0855123
3.6070377e-06,-0.0843193
3.6070877e-06,-0.0830986
3.6071377e-06,-0.0826824
3.6071877e-06,-0.0811011
3.6072377e-06,-0.0755802
3.6072877e-06,-0.0682282
3.6073377e-06,-0.0668688
3.6073877e-06,-0.0767731
3.6074377e-06,-0.0922816
3.6074877e-06,-0.100771
3.6075377e-06,-0.0961934
3.6075877e-06,-0.0865388
3.6076377e-06,-0.0840696
3.6076877e-06,-0.0900067
3.6077377e-06,-0.0940572
3.6077877e-06,-0.0893408
3.6078377e-06,-0.081323
3.6078877e-06,-0.0797139
3.6079377e-06,-0.0858174
3.6079877e-06,-0.092559
3.6080377e-06,-0.0933636
3.6080877e-06,-0.0873988
3.6081377e-06,-0.0797139
3.6081877e-06,-0.0785764
3.6082377e-06,-0.0883421
3.6082877e-06,-0.101381
3.6083377e-06,-0.102769
3.6083877e-06,-0.087593
3.6084377e-06,-0.0697263
3.6084877e-06,-0.067174
3.6085377e-06,-0.0807404
3.6085877e-06,-0.0930862
3.6086377e-06,-0.0894795
3.6086877e-06,-0.074415
3.6087377e-06,-0.064788
3.6087877e-06,-0.0701425
3.6088377e-06,-0.083487
3.6088877e-06,-0.0907002
3.6089377e-06,-0.0849296
3.6089877e-06,-0.0718071
3.6090377e-06,-0.0638448
3.6090877e-06,-0.069227
3.6091377e-06,-0.0837089
3.6091877e-06,-0.0937243
3.6092377e-06,-0.0901731
3.6092877e-06,-0.0786874
3.6093377e-06,-0.0726394
3.6093877e-06,-0.0776609
3.6094377e-06,-0.0865942
3.6094877e-06,-0.0904506
3.6095377e-06,-0.0889802
3.6095877e-06,-0.0888692
3.6096377e-06,-0.0935855
3.6096877e-06,-0.0985793
3.6097377e-06,-0.0962211
3.6097877e-06,-0.0853458
3.6098377e-06,-0.0739711
3.6098877e-06,-0.0718626
3.6099377e-06,-0.0797971
3.6099877e-06,-0.0884808
3.6100377e-06,-0.0889802
3.6100877e-06,-0.0819056
3.6101377e-06,-0.074193
3.6101877e-06,-0.0701425
3.6102377e-06,-0.0694767
3.6102877e-06,-0.0727226
3.6103377e-06,-0.0805185
3.6103877e-06,-0.0877872
3.6104377e-06,-0.0861503
3.6104877e-06,-0.0768841
3.6105377e-06,-0.072251
3.6105877e-06,-0.0790758
3.6106377e-06,-0.0885918
3.6106877e-06,-0.0893686
3.6107377e-06,-0.0827934
3.6107877e-06,-0.0777996
3.6108377e-06,-0.0770506
3.6108877e-06,-0.0766899
3.6109377e-06,-0.075275
3.6109877e-06,-0.0741375
3.6110377e-06,-0.0719735
3.6110877e-06,-0.0684502
3.6111377e-06,-0.0701425
3.6111877e-06,-0.0826547
3.6112377e-06,-0.0985516
3.6112877e-06,-0.103074
3.6113377e-06,-0.0928087
3.6113877e-06,-0.079381
3.6114377e-06,-0.0738878
3.6114877e-06,-0.076135
3.6115377e-06,-0.0797139
3.6115877e-06,-0.0802688
3.6116377e-06,-0.0775777
3.6116877e-06,-0.0743872
3.6117377e-06,-0.0740543
3.6117877e-06,-0.0767731
3.6118377e-06,-0.0795197
3.6118877e-06,-0.0804075
3.6119377e-06,-0.0801578
3.6119877e-06,-0.0787984
3.6120377e-06,-0.0757189
3.6120877e-06,-0.0739433
3.6121377e-06,-0.0776887
3.6121877e-06,-0.083487
3.6122377e-06,-0.0820721
3.6122877e-06,-0.0730555
3.6123377e-06,-0.0691437
3.6123877e-06,-0.0784655
3.6124377e-06,-0.0911164
3.6124877e-06,-0.0922816
3.6125377e-06,-0.0820721
3.6125877e-06,-0.0720013
3.6126377e-06,-0.0671185
3.6126877e-06,-0.063928
3.6127377e-06,-0.0624299
3.6127877e-06,-0.0677011
3.6128377e-06,-0.078299
3.6128877e-06,-0.084347
3.6129377e-06,-0.0801578
3.6129877e-06,-0.0716961
3.6130377e-06,-0.0685334
3.6130877e-06,-0.0729446
3.6131377e-06,-0.0792145
3.6131877e-06,-0.0813785
3.6132377e-06,-0.0794642
3.6132877e-06,-0.0777164
3.6133377e-06,-0.0779938
3.6133877e-06,-0.0776887
3.6134377e-06,-0.0754137
3.6134877e-06,-0.074082
3.6135377e-06,-0.0759963
3.6135877e-06,-0.0784932
3.6136377e-06,-0.0784377
3.6136877e-06,-0.0785764
3.6137377e-06,-0.0832373
3.6137877e-06,-0.0895628
3.6138377e-06,-0.0890911
3.6138877e-06,-0.0800746
3.6139377e-06,-0.0711135
3.6139877e-06,-0.0699205
3.6140377e-06,-0.0742207
3.6140877e-06,-0.0776887
3.6141377e-06,-0.079159
3.6141877e-06,-0.0804352
3.6142377e-06,-0.0806294
3.6142877e-06,-0.0793255
3.6143377e-06,-0.0806572
3.6143877e-06,-0.0869826
3.6144377e-06,-0.0925313
3.6144877e-06,-0.0907002
3.6145377e-06,-0.0840696
3.6145877e-06,-0.0804075
3.6146377e-06,-0.0811288
3.6146877e-06,-0.0811011
3.6147377e-06,-0.0776609
3.6147877e-06,-0.0741375
3.6148377e-06,-0.074082
3.6148877e-06,-0.0773002
3.6149377e-06,-0.0809069
3.6149877e-06,-0.0817392
3.6150377e-06,-0.0793255
3.6150877e-06,-0.0781603
3.6151377e-06,-0.0830986
3.6151877e-06,-0.0895905
3.6152377e-06,-0.0863723
3.6152877e-06,-0.0718903
3.6153377e-06,-0.059822
3.6153877e-06,-0.0610427
3.6154377e-06,-0.069116
3.6154877e-06,-0.0713909
3.6155377e-06,-0.0680895
3.6155877e-06,-0.0693934
3.6156377e-06,-0.0779938
3.6156877e-06,-0.0847077
3.6157377e-06,-0.0824605
3.6157877e-06,-0.0759408
3.6158377e-06,-0.074193
3.6158877e-06,-0.0792978
3.6159377e-06,-0.0859007
3.6159877e-06,-0.0877317
3.6160377e-06,-0.0827934
3.6160877e-06,-0.0751918
3.6161377e-06,-0.0728058
3.6161877e-06,-0.0789371
3.6162377e-06,-0.0861503
3.6162877e-06,-0.0843193
3.6163377e-06,-0.0748034
3.6163877e-06,-0.0691437
3.6164377e-06,-0.0726949
3.6164877e-06,-0.0780493
3.6165377e-06,-0.077217
3.6165877e-06,-0.0720845
3.6166377e-06,-0.068894
3.6166877e-06,-0.0689218
3.6167377e-06,-0.0691992
3.6167877e-06,-0.0688386
3.6168377e-06,-0.0702257
3.6168877e-06,-0.0749976
3.6169377e-06,-0.0805185
3.6169877e-06,-0.0822385
3.6170377e-06,-0.0794365
3.6170877e-06,-0.077328
3.6171377e-06,-0.0806294
3.6171877e-06,-0.0864
3.6172377e-06,-0.0877595
3.6172877e-06,-0.0840141
3.6173377e-06,-0.0809069
3.6173877e-06,-0.0808236
3.6174377e-06,-0.0798249
3.6174877e-06,-0.0758576
3.6175377e-06,-0.0725562
3.6175877e-06,-0.0726949
3.6176377e-06,-0.0745537
3.6176877e-06,-0.0766622
3.6177377e-06,-0.0798804
3.6177877e-06,-0.0823495
3.6178377e-06,-0.0784377
3.6178877e-06,-0.0670352
3.6179377e-06,-0.0566315
3.6179877e-06,-0.0570754
3.6180377e-06,-0.0673404
3.6180877e-06,-0.076246
3.6181377e-06,-0.0758021
3.6181877e-06,-0.0693379
3.6182377e-06,-0.0657868
3.6182877e-06,-0.0698651
3.6183377e-06,-0.0787429
3.6183877e-06,-0.0851793
3.6184377e-06,-0.0834038
3.6184877e-06,-0.0752472
3.6185377e-06,-0.0696431
3.6185877e-06,-0.0725839
3.6186377e-06,-0.0781048
3.6186877e-06,-0.0755524
3.6187377e-06,-0.0653984
3.6187877e-06,-0.0602381
3.6188377e-06,-0.067174
3.6188877e-06,-0.0780493
3.6189377e-06,-0.0822108
3.6189877e-06,-0.080352
3.6190377e-06,-0.0793255
3.6190877e-06,-0.079381
3.6191377e-06,-0.0755802
3.6191877e-06,-0.0691992
3.6192377e-06,-0.0683669
3.6192877e-06,-0.0762183
3.6193377e-06,-0.0847354
3.6193877e-06,-0.0848187
3.6194377e-06,-0.0785487
3.6194877e-06,-0.0761905
3.6195377e-06,-0.0818224
3.6195877e-06,-0.087482
3.6196377e-06,-0.0847632
3.6196877e-06,-0.0770506
3.6197377e-06,-0.0751363
3.6197877e-06,-0.0819056
3.6198377e-06,-0.0872323
3.6198877e-06,-0.0816559
3.6199377e-06,-0.0698928
3.6199877e-06,-0.0657036
3.6200377e-06,-0.0747479
3.6200877e-06,-0.0872046
3.6201377e-06,-0.0894518
3.6201877e-06,-0.0795197
3.6202377e-06,-0.0680617
3.6202877e-06,-0.0653429
3.6203377e-06,-0.0706141
3.6203877e-06,-0.075053
3.6204377e-06,-0.0734994
3.6204877e-06,-0.0702812
3.6205377e-06,-0.0722787
3.6205877e-06,-0.078299
3.6206377e-06,-0.0804075
3.6206877e-06,-0.0759131
3.6207377e-06,-0.0717793
3.6207877e-06,-0.0745537
3.6208377e-06,-0.0814062
3.6208877e-06,-0.0848742
3.6209377e-06,-0.0824328
3.6209877e-06,-0.0782158
3.6210377e-06,-0.0772448
3.6210877e-06,-0.0811011
3.6211377e-06,-0.0877317
3.6211877e-06,-0.0931139
3.6212377e-06,-0.0932526
3.6212877e-06,-0.0868162
3.6213377e-06,-0.0768009
3.6213877e-06,-0.0691437
3.6214377e-06,-0.0678675
3.6214877e-06,-0.0715574
3.6215377e-06,-0.0756357
3.6215877e-06,-0.0768564
3.6216377e-06,-0.0754415
3.6216877e-06,-0.0739711
3.6217377e-06,-0.0745814
3.6217877e-06,-0.0767454
3.6218377e-06,-0.078521
3.6218877e-06,-0.0789926
3.6219377e-06,-0.0784932
3.6219877e-06,-0.0768564
3.6220377e-06,-0.0741098
3.6220877e-06,-0.0724729
3.6221377e-06,-0.0746369
3.6221877e-06,-0.079159
3.6222377e-06,-0.0811288
3.6222877e-06,-0.0780493
3.6223377e-06,-0.0737769
3.6223877e-06,-0.0741098
3.6224377e-06,-0.0792423
3.6224877e-06,-0.0829876
3.6225377e-06,-0.080574
3.6225877e-06,-0.0752195
3.6226377e-06,-0.0736936
3.6226877e-06,-0.0774945
3.6227377e-06,-0.0817114
3.6227877e-06,-0.0823495
3.6228377e-06,-0.0805185
3.6228877e-06,-0.0786874
3.6229377e-06,-0.0768286
3.6229877e-06,-0.0738323
3.6230377e-06,-0.0699483
3.6230877e-06,-0.0668965
3.6231377e-06,-0.0666191
3.6231877e-06,-0.0703089
3.6232377e-06,-0.0768841
3.6232877e-06,-0.0827657
3.6233377e-06,-0.0851238
3.6233877e-06,-0.0845135
3.6234377e-06,-0.0837367
3.6234877e-06,-0.0842915
3.6235377e-06,-0.0848742
3.6235877e-06,-0.0832096
3.6236377e-06,-0.0793532
3.6236877e-06,-0.0770228
3.6237377e-06,-0.0796584
3.6237877e-06,-0.0854568
3.6238377e-06,-0.0884808
3.6238877e-06,-0.0851238
3.6239377e-06,-0.078188
3.6239877e-06,-0.0738046
3.6240377e-06,-0.0754969
3.6240877e-06,-0.0816837
3.6241377e-06,-0.0873988
3.6241877e-06,-0.0873988
3.6242377e-06,-0.0800746
3.6242877e-06,-0.0703089
3.6243377e-06,-0.0667578
3.6243877e-06,-0.0733607
3.6244377e-06,-0.0832373
3.6244877e-06,-0.0849574
3.6245377e-06,-0.0756357
3.6245877e-06,-0.0651764
3.6246377e-06,-0.0642054
3.6246877e-06,-0.0710303
3.6247377e-06,-0.0754415
3.6247877e-06,-0.0737214
3.6248377e-06,-0.0723065
3.6248877e-06,-0.0759963
3.6249377e-06,-0.0803243
3.6249877e-06,-0.0797417
3.6250377e-06,-0.0771615
3.6250877e-06,-0.0789094
3.6251377e-06,-0.082516
3.6251877e-06,-0.078188
3.6252377e-06,-0.0641222
3.6252877e-06,-0.0531359
3.6253377e-06,-0.058851
3.6253877e-06,-0.078299
3.6254377e-06,-0.0944456
3.6254877e-06,-0.0949727
3.6255377e-06,-0.0843193
3.6255877e-06,-0.0756634
3.6256377e-06,-0.0747201
3.6256877e-06,-0.0769951
3.6257377e-06,-0.0783545
3.6257877e-06,-0.0795197
3.6258377e-06,-0.0795752
3.6258877e-06,-0.075275
3.6259377e-06,-0.0696986
3.6259877e-06,-0.0713077
3.6260377e-06,-0.0796584
3.6260877e-06,-0.0821553
3.6261377e-06,-0.0715851
3.6261877e-06,-0.0583516
3.6262377e-06,-0.0573528
3.6262877e-06,-0.069005
3.6263377e-06,-0.0799913
3.6263877e-06,-0.0799081
3.6264377e-06,-0.0715019
3.6264877e-06,-0.0651764
3.6265377e-06,-0.0673959
3.6265877e-06,-0.0757189
3.6266377e-06,-0.0827934
3.6266877e-06,-0.0833205
3.6267377e-06,-0.077439
3.6267877e-06,-0.0702535
3.6268377e-06,-0.0686998
3.6268877e-06,-0.0751918
3.6269377e-06,-0.0831818
3.6269877e-06,-0.0831541
3.6270377e-06,-0.0746369
3.6270877e-06,-0.0673127
3.6271377e-06,-0.068034
3.6271877e-06,-0.0732775
3.6272377e-06,-0.0766899
3.6272877e-06,-0.0775499
3.6273377e-06,-0.0775499
3.6273877e-06,-0.0744704
3.6274377e-06,-0.0657313
3.6274877e-06,-0.0559102
3.6275377e-06,-0.0542733
3.6275877e-06,-0.0637338
3.6276377e-06,-0.0759686
3.6276877e-06,-0.0798804
3.6277377e-06,-0.0736104
3.6277877e-06,-0.0662307
3.6278377e-06,-0.0678675
3.6278877e-06,-0.0779661
3.6279377e-06,-0.0848187
3.6279877e-06,-0.0784377
3.6280377e-06,-0.0628738
3.6280877e-06,-0.0528307
3.6281377e-06,-0.0565206
3.6281877e-06,-0.0667578
3.6282377e-06,-0.0725284
3.6282877e-06,-0.0732497
3.6283377e-06,-0.0757189
3.6283877e-06,-0.0807127
3.6284377e-06,-0.0820998
3.6284877e-06,-0.0773835
3.6285377e-06,-0.0708916
3.6285877e-06,-0.0670075
3.6286377e-06,-0.0669798
3.6286877e-06,-0.0714187
3.6287377e-06,-0.0784932
3.6287877e-06,-0.0816005
3.6288377e-06,-0.0765789
3.6288877e-06,-0.0698928
3.6289377e-06,-0.0706974
3.6289877e-06,-0.0763292
3.6290377e-06,-0.0752472
3.6290877e-06,-0.0656758
3.6291377e-06,-0.0595168
3.6291877e-06,-0.064899
3.6292377e-06,-0.0748311
3.6292877e-06,-0.0788539
3.6293377e-06,-0.0776054
3.6293877e-06,-0.0780216
3.6294377e-06,-0.0809346
3.6294877e-06,-0.0814617
3.6295377e-06,-0.078299
3.6295877e-06,-0.0747201
3.6296377e-06,-0.0715574
3.6296877e-06,-0.0662584
3.6297377e-06,-0.0599885
3.6297877e-06,-0.058851
3.6298377e-06,-0.0655371
3.6298877e-06,-0.0734439
3.6299377e-06,-0.0739988
3.6299877e-06,-0.0676179
3.6300377e-06,-0.0635119
3.6300877e-06,-0.0677011
3.6301377e-06,-0.0756357
3.6301877e-06,-0.0789648
3.6302377e-06,-0.0771893
3.6302877e-06,-0.0778551
3.6303377e-06,-0.0852626
3.6303877e-06,-0.0930029
3.6304377e-06,-0.0913106
3.6304877e-06,-0.0796029
3.6305377e-06,-0.0678675
3.6305877e-06,-0.0654816
3.6306377e-06,-0.07214
3.6306877e-06,-0.0801855
3.6307377e-06,-0.0823218
3.6307877e-06,-0.077328
3.6308377e-06,-0.070087
3.6308877e-06,-0.067063
3.6309377e-06,-0.0703089
3.6309877e-06,-0.0757744
3.6310377e-06,-0.0775777
3.6310877e-06,-0.0739433
3.6311377e-06,-0.0686721
3.6311877e-06,-0.0666746
3.6312377e-06,-0.0691437
3.6312877e-06,-0.0729723
3.6313377e-06,-0.0746369
3.6313877e-06,-0.0732497
3.6314377e-06,-0.0700315
3.6314877e-06,-0.0676456
3.6315377e-06,-0.0695876
3.6315877e-06,-0.0772448
3.6316377e-06,-0.0856787
3.6316877e-06,-0.0870659
3.6317377e-06,-0.0799359
3.6317877e-06,-0.0720013
3.6318377e-06,-0.0704754
3.6318877e-06,-0.0737214
3.6319377e-06,-0.0750253
3.6319877e-06,-0.0721955
3.6320377e-06,-0.0694767
3.6320877e-06,-0.0709748
3.6321377e-06,-0.0746924
3.6321877e-06,-0.0744704
3.6322377e-06,-0.0680895
3.6322877e-06,-0.0619305
3.6323377e-06,-0.0642609
3.6323877e-06,-0.0734994
3.6324377e-06,-0.0783822
3.6324877e-06,-0.0721677
3.6325377e-06,-0.0625963
3.6325877e-06,-0.0618473
3.6326377e-06,-0.0699205
3.6326877e-06,-0.0752472
3.6327377e-06,-0.0707251
3.6327877e-06,-0.0624299
3.6328377e-06,-0.060682
3.6328877e-06,-0.0672572
3.6329377e-06,-0.0746369
3.6329877e-06,-0.075275
3.6330377e-06,-0.0695321
3.6330877e-06,-0.0645384
3.6331377e-06,-0.0652597
3.6331877e-06,-0.0687553
3.6332377e-06,-0.0693102
3.6332877e-06,-0.0672849
3.6333377e-06,-0.0683392
3.6333877e-06,-0.0744982
3.6334377e-06,-0.0810733
3.6334877e-06,-0.0834315
3.6335377e-06,-0.0823218
3.6335877e-06,-0.0802133
3.6336377e-06,-0.0765234
3.6336877e-06,-0.0706141
3.6337377e-06,-0.0667578
3.6337877e-06,-0.0706696
3.6338377e-06,-0.0807127
3.6338877e-06,-0.0876485
3.6339377e-06,-0.0856232
3.6339877e-06,-0.0788539
3.6340377e-06,-0.0747479
3.6340877e-06,-0.0739433
3.6341377e-06,-0.0716961
3.6341877e-06,-0.0669243
3.6342377e-06,-0.0641777
3.6342877e-06,-0.0671185
3.6343377e-06,-0.0734717
3.6343877e-06,-0.0771893
3.6344377e-06,-0.0749421
3.6344877e-06,-0.0706696
3.6345377e-06,-0.0718626
3.6345877e-06,-0.0790203
3.6346377e-06,-0.0826824
3.6346877e-06,-0.0763292
3.6347377e-06,-0.0675901
3.6347877e-06,-0.0690605
3.6348377e-06,-0.0801023
3.6348877e-06,-0.0872601
3.6349377e-06,-0.0829044
3.6349877e-06,-0.074082
3.6350377e-06,-0.0706419
3.6350877e-06,-0.0721677
3.6351377e-06,-0.0715297
3.6351877e-06,-0.0666468
3.6352377e-06,-0.0627628
3.6352877e-06,-0.0641499
3.6353377e-06,-0.0688108
3.6353877e-06,-0.0717516
3.6354377e-06,-0.0709748
3.6354877e-06,-0.0688108
3.6355377e-06,-0.0687831
3.6355877e-06,-0.0717793
3.6356377e-06,-0.0755524
3.6356877e-06,-0.0778551
3.6357377e-06,-0.0789371
3.6357877e-06,-0.079159
3.6358377e-06,-0.0776054
3.6358877e-06,-0.0749698
3.6359377e-06,-0.0749421
3.6359877e-06,-0.0787429
3.6360377e-06,-0.0817392
3.6360877e-06,-0.0794642
3.6361377e-06,-0.0745814
3.6361877e-06,-0.074193
3.6362377e-06,-0.0809069
3.6362877e-06,-0.0894241
3.6363377e-06,-0.0920042
3.6363877e-06,-0.0863445
3.6364377e-06,-0.0781048
3.6364877e-06,-0.0755524
3.6365377e-06,-0.0808236
3.6365877e-06,-0.086733
3.6366377e-06,-0.0844303
3.6366877e-06,-0.0745537
3.6367377e-06,-0.0677011
3.6367877e-06,-0.0717516
3.6368377e-06,-0.0816559
3.6368877e-06,-0.0852348
3.6369377e-06,-0.0775222
3.6369877e-06,-0.0661475
3.6370377e-06,-0.0626518
3.6370877e-06,-0.0703089
3.6371377e-06,-0.080574
3.6371877e-06,-0.0819889
3.6372377e-06,-0.0726949
3.6372877e-06,-0.0627905
3.6373377e-06,-0.0621524
3.6373877e-06,-0.0683392
3.6374377e-06,-0.0717516
3.6374877e-06,-0.0699205
3.6375377e-06,-0.0694767
3.6375877e-06,-0.0736381
3.6376377e-06,-0.0770783
3.6376877e-06,-0.0759686
3.6377377e-06,-0.0748866
3.6377877e-06,-0.078188
3.6378377e-06,-0.0810456
3.6378877e-06,-0.0765234
3.6379377e-06,-0.0674237
3.6379877e-06,-0.0635396
3.6380377e-06,-0.0685056
3.6380877e-06,-0.0755802
3.6381377e-06,-0.0766899
3.6381877e-06,-0.07128
3.6382377e-06,-0.0652874
3.6382877e-06,-0.0641499
3.6383377e-06,-0.0679785
3.6383877e-06,-0.0725562
3.6384377e-06,-0.0734717
3.6384877e-06,-0.0685334
3.6385377e-06,-0.0594059
3.6385877e-06,-0.0531081
3.6386377e-06,-0.0581297
3.6386877e-06,-0.074304
3.6387377e-06,-0.0885085
3.6387877e-06,-0.0872323
3.6388377e-06,-0.0728336
3.6388877e-06,-0.0613201
3.6389377e-06,-0.0639003
3.6389877e-06,-0.0760795
3.6390377e-06,-0.0858729
3.6390877e-06,-0.0866775
3.6391377e-06,-0.0796862
3.6391877e-06,-0.0695044
3.6392377e-06,-0.0618473
3.6392877e-06,-0.0623466
3.6393377e-06,-0.0708083
3.6393877e-06,-0.0783822
3.6394377e-06,-0.0758853
3.6394877e-06,-0.0658423
3.6395377e-06,-0.0603769
3.6395877e-06,-0.0665636
3.6396377e-06,-0.0778274
3.6396877e-06,-0.0829599
3.6397377e-06,-0.0789371
3.6397877e-06,-0.0722232
3.6398377e-06,-0.0697818
3.6398877e-06,-0.072029
3.6399377e-06,-0.0746646
3.6399877e-06,-0.0756911
3.6400377e-06,-0.0771615
3.6400877e-06,-0.0784377
3.6401377e-06,-0.0734717
3.6401877e-06,-0.0606266
3.6402377e-06,-0.0508609
3.6402877e-06,-0.0556605
3.6403377e-06,-0.0696431
3.6403877e-06,-0.0759686
3.6404377e-06,-0.0693102
3.6404877e-06,-0.061986
3.6405377e-06,-0.0646216
3.6405877e-06,-0.07214
3.6406377e-06,-0.0740543
3.6406877e-06,-0.0706141
3.6407377e-06,-0.0702535
3.6407877e-06,-0.0749421
3.6408377e-06,-0.0776332
3.6408877e-06,-0.0745814
3.6409377e-06,-0.0707528
3.6409877e-06,-0.0703922
3.6410377e-06,-0.0703089
3.6410877e-06,-0.0682559
3.6411377e-06,-0.0691992
3.6411877e-06,-0.0759408
3.6412377e-06,-0.0801023
3.6412877e-06,-0.0734162
3.6413377e-06,-0.0630957
3.6413877e-06,-0.0639557
3.6414377e-06,-0.0768286
3.6414877e-06,-0.0864833
3.6415377e-06,-0.0817392
3.6415877e-06,-0.0688663
3.6416377e-06,-0.0617363
3.6416877e-06,-0.0652042
3.6417377e-06,-0.0718071
3.6417877e-06,-0.0723897
3.6418377e-06,-0.0668965
3.6418877e-06,-0.0639003
3.6419377e-06,-0.0694767
3.6419877e-06,-0.07841
3.6420377e-06,-0.0806572
3.6420877e-06,-0.0750808
3.6421377e-06,-0.0704477
3.6421877e-06,-0.0717793
3.6422377e-06,-0.0729723
3.6422877e-06,-0.0676456
3.6423377e-06,-0.0610427
3.6423877e-06,-0.0629015
3.6424377e-06,-0.0713909
3.6424877e-06,-0.0748588
3.6425377e-06,-0.0700038
3.6425877e-06,-0.0661475
3.6426377e-06,-0.0683947
3.6426877e-06,-0.0686166
3.6427377e-06,-0.0615421
3.6427877e-06,-0.0578245
3.6428377e-06,-0.0693934
3.6428877e-06,-0.0877872
3.6429377e-06,-0.0910332
3.6429877e-06,-0.072029
3.6430377e-06,-0.0490576
3.6430877e-06,-0.0447019
3.6431377e-06,-0.0595446
3.6431877e-06,-0.0738601
3.6432377e-06,-0.0728058
3.6432877e-06,-0.0620415
3.6433377e-06,-0.056576
3.6433877e-06,-0.0609595
3.6434377e-06,-0.0678953
3.6434877e-06,-0.0715297
3.6435377e-06,-0.0736659
3.6435877e-06,-0.076135
3.6436377e-06,-0.0757744
3.6436877e-06,-0.0698928
3.6437377e-06,-0.0616808
3.6437877e-06,-0.056687
3.6438377e-06,-0.0573528
3.6438877e-06,-0.0622634
3.6439377e-06,-0.0677011
3.6439877e-06,-0.069227
3.6440377e-06,-0.0654261
3.6440877e-06,-0.0602936
3.6441377e-06,-0.05874
3.6441877e-06,-0.0596555
3.6442377e-06,-0.0586845
3.6442877e-06,-0.0571309
3.6443377e-06,-0.0622911
3.6443877e-06,-0.0757189
3.6444377e-06,-0.0864278
3.6444877e-06,-0.0820721
3.6445377e-06,-0.0649822
3.6445877e-06,-0.0511106
3.6446377e-06,-0.0521649
3.6446877e-06,-0.0640667
3.6447377e-06,-0.0749698
3.6447877e-06,-0.0792978
3.6448377e-06,-0.0801578
3.6448877e-06,-0.0811011
3.6449377e-06,-0.0810733
3.6449877e-06,-0.0779383
3.6450377e-06,-0.0738046
3.6450877e-06,-0.0736659
3.6451377e-06,-0.0791868
3.6451877e-06,-0.0852626
3.6452377e-06,-0.0851516
3.6452877e-06,-0.0783545
3.6453377e-06,-0.0712245
3.6453877e-06,-0.0693102
3.6454377e-06,-0.0720845
3.6454877e-06,-0.0753027
3.6455377e-06,-0.0758853
3.6455877e-06,-0.0736381
3.6456377e-06,-0.0698928
3.6456877e-06,-0.0662307
3.6457377e-06,-0.0645106
3.6457877e-06,-0.0659533
3.6458377e-06,-0.0694212
3.6458877e-06,-0.0718903
3.6459377e-06,-0.0721677
3.6459877e-06,-0.0729723
3.6460377e-06,-0.0769396
3.6460877e-06,-0.0812953
3.6461377e-06,-0.0798526
3.6461877e-06,-0.0708916
3.6462377e-06,-0.0617363
3.6462877e-06,-0.0624854
3.6463377e-06,-0.0749698
3.6463877e-06,-0.0890634
3.6464377e-06,-0.0919764
3.6464877e-06,-0.0811566
3.6465377e-06,-0.0667856
3.6465877e-06,-0.0604878
3.6466377e-06,-0.0635673
3.6466877e-06,-0.0682282
3.6467377e-06,-0.0691715
3.6467877e-06,-0.0686721
3.6468377e-06,-0.0704754
3.6468877e-06,-0.0728058
3.6469377e-06,-0.0712522
3.6469877e-06,-0.0656758
3.6470377e-06,-0.0610427
3.6470877e-06,-0.0619027
3.6471377e-06,-0.068034
3.6471877e-06,-0.075164
3.6472377e-06,-0.0790481
3.6472877e-06,-0.0786042
3.6473377e-06,-0.0756357
3.6473877e-06,-0.0725007
3.6474377e-06,-0.0713632
3.6474877e-06,-0.0736659
3.6475377e-06,-0.0782435
3.6475877e-06,-0.0810733
3.6476377e-06,-0.0796307
3.6476877e-06,-0.0759131
3.6477377e-06,-0.0735549
3.6477877e-06,-0.0733052
3.6478377e-06,-0.0739988
3.6478877e-06,-0.0745537
3.6479377e-06,-0.0734994
3.6479877e-06,-0.0695599
3.6480377e-06,-0.0653984
3.6480877e-06,-0.0665359
3.6481377e-06,-0.0740543
3.6481877e-06,-0.0820166
3.6482377e-06,-0.0848187
3.6482877e-06,-0.0831541
3.6483377e-06,-0.0800468
3.6483877e-06,-0.0753305
3.6484377e-06,-0.0679785
3.6484877e-06,-0.0614589
3.6485377e-06,-0.0605988
3.6485877e-06,-0.0643996
3.6486377e-06,-0.0663694
3.6486877e-06,-0.0637338
3.6487377e-06,-0.0610427
3.6487877e-06,-0.0627905
3.6488377e-06,-0.0668965
3.6488877e-06,-0.069227
3.6489377e-06,-0.0713077
3.6489877e-06,-0.0774667
3.6490377e-06,-0.0849296
3.6490877e-06,-0.0843193
3.6491377e-06,-0.0734162
3.6491877e-06,-0.0637061
3.6492377e-06,-0.0673959
3.6492877e-06,-0.081323
3.6493377e-06,-0.0907835
3.6493877e-06,-0.086733
3.6494377e-06,-0.0736381
3.6494877e-06,-0.0619582
3.6495377e-06,-0.0593504
3.6495877e-06,-0.0672849
3.6496377e-06,-0.0800468
3.6496877e-06,-0.0870381
3.6497377e-06,-0.0813785
3.6497877e-06,-0.0677566
3.6498377e-06,-0.0586845
3.6498877e-06,-0.0622079
3.6499377e-06,-0.0747479
3.6499877e-06,-0.0855955
3.6500377e-06,-0.0864
3.6500877e-06,-0.0774667
3.6501377e-06,-0.0675346
3.6501877e-06,-0.0661197
3.6502377e-06,-0.0740543
3.6502877e-06,-0.0825992
3.6503377e-06,-0.0834315
3.6503877e-06,-0.0776054
3.6504377e-06,-0.073111
3.6504877e-06,-0.0745814
3.6505377e-06,-0.0776332
3.6505877e-06,-0.0739156
3.6506377e-06,-0.0613479
3.6506877e-06,-0.0491686
3.6507377e-06,-0.0502783
3.6507877e-06,-0.0662584
3.6508377e-06,-0.0822385
3.6508877e-06,-0.0812398
3.6509377e-06,-0.0640112
3.6509877e-06,-0.0498344
3.6510377e-06,-0.0543288
3.6510877e-06,-0.0707251
3.6511377e-06,-0.0779383
3.6511877e-06,-0.0655371
3.6512377e-06,-0.0460059
3.6512877e-06,-0.0402353
3.6513377e-06,-0.0536353
3.6513877e-06,-0.070947
3.6514377e-06,-0.0753582
3.6514877e-06,-0.0671185
3.6515377e-06,-0.0589897
3.6515877e-06,-0.0580464
3.6516377e-06,-0.060682
3.6516877e-06,-0.0627905
3.6517377e-06,-0.06501
3.6517877e-06,-0.0666746
3.6518377e-06,-0.0639003
3.6518877e-06,-0.0574361
3.6519377e-06,-0.054634
3.6519877e-06,-0.058962
3.6520377e-06,-0.0639835
3.6520877e-06,-0.062735
3.6521377e-06,-0.0584903
3.6521877e-06,-0.0582961
3.6522377e-06,-0.0602936
3.6522877e-06,-0.0573251
3.6523377e-06,-0.0519707
3.6523877e-06,-0.0552444
3.6524377e-06,-0.0677566
3.6524877e-06,-0.0750253
3.6525377e-06,-0.0683114
3.6525877e-06,-0.058851
3.6526377e-06,-0.061764
3.6526877e-06,-0.0734994
3.6527377e-06,-0.0769673
3.6527877e-06,-0.0663694
3.6528377e-06,-0.0541624
3.6528877e-06,-0.0526365
3.6529377e-06,-0.05874
3.6529877e-06,-0.0624576
3.6530377e-06,-0.0615698
3.6530877e-06,-0.0605156
3.6531377e-06,-0.0605156
3.6531877e-06,-0.0597943
3.6532377e-06,-0.0608762
3.6532877e-06,-0.0681727
3.6533377e-06,-0.0785764
3.6533877e-06,-0.0823495
3.6534377e-06,-0.0746646
3.6534877e-06,-0.0611537
3.6535377e-06,-0.0513048
3.6535877e-06,-0.0503338
3.6536377e-06,-0.0573251
3.6536877e-06,-0.0669798
3.6537377e-06,-0.073222
3.6537877e-06,-0.0730278
3.6538377e-06,-0.0679508
3.6538877e-06,-0.0619305
3.6539377e-06,-0.058851
3.6539877e-06,-0.0605988
3.6540377e-06,-0.0654261
3.6540877e-06,-0.0685334
3.6541377e-06,-0.0660642
3.6541877e-06,-0.0586845
3.6542377e-06,-0.0516655
3.6542877e-06,-0.0518319
3.6543377e-06,-0.0622634
3.6543877e-06,-0.0771893
3.6544377e-06,-0.0843748
3.6544877e-06,-0.0775777
3.6545377e-06,-0.0647326
3.6545877e-06,-0.0589342
3.6546377e-06,-0.0624299
3.6546877e-06,-0.0656758
3.6547377e-06,-0.0621524
3.6547877e-06,-0.05788
3.6548377e-06,-0.0614866
3.6548877e-06,-0.0693934
3.6549377e-06,-0.068894
3.6549877e-06,-0.0572974
3.6550377e-06,-0.0498622
3.6550877e-06,-0.0608762
3.6551377e-06,-0.0827657
3.6551877e-06,-0.0932804
3.6552377e-06,-0.0830154
3.6552877e-06,-0.0665636
3.6553377e-06,-0.0633454
3.6553877e-06,-0.0738601
3.6554377e-06,-0.0808791
3.6554877e-06,-0.0728891
3.6555377e-06,-0.0581851
3.6555877e-06,-0.052803
3.6556377e-06,-0.0598775
3.6556877e-06,-0.0683114
3.6557377e-06,-0.0691992
3.6557877e-06,-0.065121
3.6558377e-06,-0.0636228
3.6558877e-06,-0.0672572
3.6559377e-06,-0.0723065
3.6559877e-06,-0.074082
3.6560377e-06,-0.0714742
3.6560877e-06,-0.0672849
3.6561377e-06,-0.0643719
3.6561877e-06,-0.0628183
3.6562377e-06,-0.0619582
3.6562877e-06,-0.0632899
3.6563377e-06,-0.0677843
3.6563877e-06,-0.0718071
3.6564377e-06,-0.0706974
3.6564877e-06,-0.0661475
3.6565377e-06,-0.0647326
3.6565877e-06,-0.0684502
3.6566377e-06,-0.0725284
3.6566877e-06,-0.0726949
3.6567377e-06,-0.0702812
3.6567877e-06,-0.0683669
3.6568377e-06,-0.0674237
3.6568877e-06,-0.0667023
3.6569377e-06,-0.0667023
3.6569877e-06,-0.0682837
3.6570377e-06,-0.0703922
3.6570877e-06,-0.070947
3.6571377e-06,-0.0695321
3.6571877e-06,-0.067174
3.6572377e-06,-0.0643719
3.6572877e-06,-0.0609595
3.6573377e-06,-0.058629
3.6573877e-06,-0.0607375
3.6574377e-06,-0.067923
3.6574877e-06,-0.0759963
3.6575377e-06,-0.0798526
3.6575877e-06,-0.0781048
3.6576377e-06,-0.0730278
3.6576877e-06,-0.0677011
3.6577377e-06,-0.0645106
3.6577877e-06,-0.0642054
3.6578377e-06,-0.0652597
3.6578877e-06,-0.0661475
3.6579377e-06,-0.0685889
3.6579877e-06,-0.0746369
3.6580377e-06,-0.080352
3.6580877e-06,-0.0788539
3.6581377e-06,-0.0706974
3.6581877e-06,-0.0643996
3.6582377e-06,-0.0648435
3.6582877e-06,-0.0674237
3.6583377e-06,-0.0668688
3.6583877e-06,-0.0653706
3.6584377e-06,-0.0673404
3.6584877e-06,-0.0712522
3.6585377e-06,-0.0720013
3.6585877e-06,-0.0692824
3.6586377e-06,-0.0678675
3.6586877e-06,-0.0703367
3.6587377e-06,-0.074082
3.6587877e-06,-0.0758853
3.6588377e-06,-0.0759131
3.6588877e-06,-0.0758021
3.6589377e-06,-0.0762183
3.6589877e-06,-0.0769951
3.6590377e-06,-0.0776332
3.6590877e-06,-0.077106
3.6591377e-06,-0.0748866
3.6591877e-06,-0.0716961
3.6592377e-06,-0.069005
3.6592877e-06,-0.0679785
3.6593377e-06,-0.0685611
3.6593877e-06,-0.0684502
3.6594377e-06,-0.0653984
3.6594877e-06,-0.0615976
3.6595377e-06,-0.0630125
3.6595877e-06,-0.0715851
3.6596377e-06,-0.0808236
3.6596877e-06,-0.0826547
3.6597377e-06,-0.0760795
3.6597877e-06,-0.066952
3.6598377e-06,-0.0613479
3.6598877e-06,-0.0607653
3.6599377e-06,-0.0631234
3.6599877e-06,-0.0658145
3.6600377e-06,-0.0674791
3.6600877e-06,-0.0677566
3.6601377e-06,-0.0668965
3.6601877e-06,-0.0653152
3.6602377e-06,-0.0638448
3.6602877e-06,-0.0638725
3.6603377e-06,-0.0665359
3.6603877e-06,-0.0709748
3.6604377e-06,-0.0742207
3.6604877e-06,-0.074082
3.6605377e-06,-0.0720568
3.6605877e-06,-0.0714464
3.6606377e-06,-0.0732775
3.6606877e-06,-0.075164
3.6607377e-06,-0.0748311
3.6607877e-06,-0.0731942
3.6608377e-06,-0.0726116
3.6608877e-06,-0.0728336
3.6609377e-06,-0.07128
3.6609877e-06,-0.0668965
3.6610377e-06,-0.0620415
3.6610877e-06,-0.0602659
3.6611377e-06,-0.0621524
3.6611877e-06,-0.0634286
3.6612377e-06,-0.0595723
3.6612877e-06,-0.0533023
3.6613377e-06,-0.0536907
3.6613877e-06,-0.0639003
3.6614377e-06,-0.0739156
3.6614877e-06,-0.0719735
3.6615377e-06,-0.0606266
3.6615877e-06,-0.0544676
3.6616377e-06,-0.0609872
3.6616877e-06,-0.0712245
3.6617377e-06,-0.0727504
3.6617877e-06,-0.0661197
3.6618377e-06,-0.0625408
3.6618877e-06,-0.0669798
3.6619377e-06,-0.0718626
3.6619877e-06,-0.0689773
3.6620377e-06,-0.0614866
3.6620877e-06,-0.0582406
3.6621377e-06,-0.0609872
3.6621877e-06,-0.064039
3.6622377e-06,-0.0652319
3.6622877e-06,-0.0689495
3.6623377e-06,-0.0761905
3.6623877e-06,-0.0795197
3.6624377e-06,-0.073111
3.6624877e-06,-0.0630125
3.6625377e-06,-0.0605156
3.6625877e-06,-0.0668133
3.6626377e-06,-0.0717239
3.6626877e-06,-0.0685334
3.6627377e-06,-0.0623189
3.6627877e-06,-0.0616253
3.6628377e-06,-0.0677566
3.6628877e-06,-0.0757744
3.6629377e-06,-0.0806294
3.6629877e-06,-0.0789926
3.6630377e-06,-0.070947
3.6630877e-06,-0.0636783
3.6631377e-06,-0.0666468
3.6631877e-06,-0.0786319
3.6632377e-06,-0.0860394
3.6632877e-06,-0.0790203
3.6633377e-06,-0.0635396
3.6633877e-06,-0.0526088
3.6634377e-06,-0.0520539
3.6634877e-06,-0.0591562
3.6635377e-06,-0.0688663
3.6635877e-06,-0.0759408
3.6636377e-06,-0.076135
3.6636877e-06,-0.0712245
3.6637377e-06,-0.0694767
3.6637877e-06,-0.0761073
3.6638377e-06,-0.0855955
3.6638877e-06,-0.0871214
3.6639377e-06,-0.0771615
3.6639877e-06,-0.063817
3.6640377e-06,-0.0586568
3.6640877e-06,-0.0646493
3.6641377e-06,-0.0731665
3.6641877e-06,-0.074082
3.6642377e-06,-0.0676456
3.6642877e-06,-0.0635396
3.6643377e-06,-0.0674514
3.6643877e-06,-0.0737214
3.6644377e-06,-0.0743317
3.6644877e-06,-0.0707528
3.6645377e-06,-0.0705586
3.6645877e-06,-0.0751363
3.6646377e-06,-0.0775499
3.6646877e-06,-0.073222
3.6647377e-06,-0.0657591
3.6647877e-06,-0.060904
3.6648377e-06,-0.0597943
3.6648877e-06,-0.0604601
3.6649377e-06,-0.0611814
3.6649877e-06,-0.0609317
3.6650377e-06,-0.0601549
3.6650877e-06,-0.0618195
3.6651377e-06,-0.0682282
3.6651877e-06,-0.0760241
3.6652377e-06,-0.0786874
3.6652877e-06,-0.0751085
3.6653377e-06,-0.0710303
3.6653877e-06,-0.070087
3.6654377e-06,-0.0689218
3.6654877e-06,-0.0644274
3.6655377e-06,-0.0609317
3.6655877e-06,-0.0643164
3.6656377e-06,-0.0717516
3.6656877e-06,-0.0739988
3.6657377e-06,-0.0673404
3.6657877e-06,-0.0586568
3.6658377e-06,-0.0569922
3.6658877e-06,-0.0642609
3.6659377e-06,-0.0747201
3.6659877e-06,-0.0807404
3.6660377e-06,-0.0781325
3.6660877e-06,-0.0693934
3.6661377e-06,-0.0628738
3.6661877e-06,-0.0647048
3.6662377e-06,-0.0714464
3.6662877e-06,-0.0743872
3.6663377e-06,-0.0715574
3.6663877e-06,-0.0696709
3.6664377e-06,-0.0732497
3.6664877e-06,-0.0776332
3.6665377e-06,-0.0763847
3.6665877e-06,-0.0708083
3.6666377e-06,-0.0670907
3.6666877e-06,-0.065981
3.6667377e-06,-0.061986
3.6667877e-06,-0.0540791
3.6668377e-06,-0.0514158
3.6668877e-06,-0.0626518
3.6669377e-06,-0.0817114
3.6669877e-06,-0.0914493
3.6670377e-06,-0.0839864
3.6670877e-06,-0.0715574
3.6671377e-06,-0.0707806
3.6671877e-06,-0.0805185
3.6672377e-06,-0.0849574
3.6672877e-06,-0.0773557
3.6673377e-06,-0.0685611
3.6673877e-06,-0.0689773
3.6674377e-06,-0.074415
3.6674877e-06,-0.0761905
3.6675377e-06,-0.0747479
3.6675877e-06,-0.0746092
3.6676377e-06,-0.0746092
3.6676877e-06,-0.0713632
3.6677377e-06,-0.0668965
3.6677877e-06,-0.065121
3.6678377e-06,-0.0657591
3.6678877e-06,-0.0667856
3.6679377e-06,-0.0689773
3.6679877e-06,-0.073333
3.6680377e-06,-0.0777996
3.6680877e-06,-0.0802133
3.6681377e-06,-0.0809901
3.6681877e-06,-0.0798804
3.6682377e-06,-0.0745259
3.6682877e-06,-0.0657591
3.6683377e-06,-0.0602659
3.6683877e-06,-0.062957
3.6684377e-06,-0.0697263
3.6684877e-06,-0.0730833
3.6685377e-06,-0.0718071
3.6685877e-06,-0.0701147
3.6686377e-06,-0.0694489
3.6686877e-06,-0.0673404
3.6687377e-06,-0.0643441
3.6687877e-06,-0.0656203
3.6688377e-06,-0.0728613
3.6688877e-06,-0.0786042
3.6689377e-06,-0.0735827
3.6689877e-06,-0.059933
3.6690377e-06,-0.0523313
3.6690877e-06,-0.0620415
3.6691377e-06,-0.0815172
3.6691877e-06,-0.0900344
3.6692377e-06,-0.0767731
3.6692877e-06,-0.054856
3.6693377e-06,-0.0477259
3.6693877e-06,-0.061986
3.6694377e-06,-0.0801855
3.6694877e-06,-0.0828212
3.6695377e-06,-0.0703922
3.6695877e-06,-0.0580742
3.6696377e-06,-0.0552166
3.6696877e-06,-0.0584626
3.6697377e-06,-0.0620969
3.6697877e-06,-0.0657868
3.6698377e-06,-0.0714742
3.6698877e-06,-0.0784932
3.6699377e-06,-0.0830708
3.6699877e-06,-0.0807404
3.6700377e-06,-0.0704477
3.6700877e-06,-0.0577413
3.6701377e-06,-0.0508609
3.6701877e-06,-0.0519707
3.6702377e-06,-0.055716
3.6702877e-06,-0.0571032
3.6703377e-06,-0.0567702
3.6703877e-06,-0.0582684
3.6704377e-06,-0.0631512
3.6704877e-06,-0.0689773
3.6705377e-06,-0.0712245
3.6705877e-06,-0.0684502
3.6706377e-06,-0.0654261
3.6706877e-06,-0.0678398
3.6707377e-06,-0.0729446
3.6707877e-06,-0.0718071
3.6708377e-06,-0.0627628
3.6708877e-06,-0.0560212
3.6709377e-06,-0.0603769
3.6709877e-06,-0.070947
3.6710377e-06,-0.0757744
3.6710877e-06,-0.0715019
3.6711377e-06,-0.0654539
3.6711877e-06,-0.0642054
3.6712377e-06,-0.0658423
3.6712877e-06,-0.0648435
3.6713377e-06,-0.0600162
3.6713877e-06,-0.0559102
3.6714377e-06,-0.0580187
3.6714877e-06,-0.065981
3.6715377e-06,-0.0721677
3.6715877e-06,-0.0695599
3.6716377e-06,-0.0606266
3.6716877e-06,-0.0548282
3.6717377e-06,-0.0569644
3.6717877e-06,-0.0614034
3.6718377e-06,-0.0594336
3.6718877e-06,-0.0500841
3.6719377e-06,-0.0419831
3.6719877e-06,-0.0440083
3.6720377e-06,-0.0556328
3.6720877e-06,-0.067923
3.6721377e-06,-0.0731665
3.6721877e-06,-0.0710303
3.6722377e-06,-0.0665914
3.6722877e-06,-0.0644829
3.6723377e-06,-0.0649822
3.6723877e-06,-0.0643719
3.6724377e-06,-0.0609317
3.6724877e-06,-0.05874
3.6725377e-06,-0.0624576
3.6725877e-06,-0.0695044
3.6726377e-06,-0.0728336
3.6726877e-06,-0.0705032
3.6727377e-06,-0.0676456
3.6727877e-06,-0.0690882
3.6728377e-06,-0.0743872
3.6728877e-06,-0.0790203
3.6729377e-06,-0.0776332
3.6729877e-06,-0.0682282
3.6730377e-06,-0.0563263
3.6730877e-06,-0.0519152
3.6731377e-06,-0.0587123
3.6731877e-06,-0.0690882
3.6732377e-06,-0.073222
3.6732877e-06,-0.0713632
3.6733377e-06,-0.0719458
3.6733877e-06,-0.0782713
3.6734377e-06,-0.0820721
3.6734877e-06,-0.0744982
3.6735377e-06,-0.0604601
3.6735877e-06,-0.0545508
3.6736377e-06,-0.0619582
3.6736877e-06,-0.0714187
3.6737377e-06,-0.0703367
3.6737877e-06,-0.0605988
3.6738377e-06,-0.0537185
3.6738877e-06,-0.0554941
3.6739377e-06,-0.0614589
3.6739877e-06,-0.0655649
3.6740377e-06,-0.0672017
3.6740877e-06,-0.068894
3.6741377e-06,-0.0701702
3.6741877e-06,-0.0677843
3.6742377e-06,-0.0613756
3.6742877e-06,-0.0552998
3.6743377e-06,-0.0536353
3.6743877e-06,-0.0562986
3.6744377e-06,-0.061764
3.6744877e-06,-0.0693934
3.6745377e-06,-0.0760795
3.6745877e-06,-0.0753027
3.6746377e-06,-0.0650655
3.6746877e-06,-0.054634
3.6747377e-06,-0.0559657
3.6747877e-06,-0.067923
3.6748377e-06,-0.0764125
3.6748877e-06,-0.0730833
3.6749377e-06,-0.0664526
3.6749877e-06,-0.0682559
3.6750377e-06,-0.0753305
3.6750877e-06,-0.0753305
3.6751377e-06,-0.0673404
3.6751877e-06,-0.0634841
3.6752377e-06,-0.0693102
3.6752877e-06,-0.075053
3.6753377e-06,-0.0714742
3.6753877e-06,-0.0637615
3.6754377e-06,-0.0624021
3.6754877e-06,-0.0673959
3.6755377e-06,-0.0696154
3.6755877e-06,-0.0652597
3.6756377e-06,-0.0602659
3.6756877e-06,-0.0605156
3.6757377e-06,-0.0643164
3.6757877e-06,-0.0672017
3.6758377e-06,-0.0684502
3.6758877e-06,-0.0693657
3.6759377e-06,-0.0684502
3.6759877e-06,-0.0632622
3.6760377e-06,-0.0558825
3.6760877e-06,-0.0521926
3.6761377e-06,-0.0553831
3.6761877e-06,-0.0629847
3.6762377e-06,-0.0710025
3.6762877e-06,-0.077328
3.6763377e-06,-0.0799359
3.6763877e-06,-0.0756079
3.6764377e-06,-0.0643719
3.6764877e-06,-0.0529417
3.6765377e-06,-0.0498067
3.6765877e-06,-0.0561321
3.6766377e-06,-0.0645384
3.6766877e-06,-0.0676179
3.6767377e-06,-0.0656203
3.6767877e-06,-0.0639835
3.6768377e-06,-0.0648158
3.6768877e-06,-0.0645661
3.6769377e-06,-0.0603769
3.6769877e-06,-0.0564928
3.6770377e-06,-0.0598775
3.6770877e-06,-0.0696986
3.6771377e-06,-0.0753582
3.6771877e-06,-0.0695321
3.6772377e-06,-0.0596001
3.6772877e-06,-0.0596833
3.6773377e-06,-0.072251
3.6773877e-06,-0.0843748
3.6774377e-06,-0.0834315
3.6774877e-06,-0.0714464
3.6775377e-06,-0.0616808
3.6775877e-06,-0.0636228
3.6776377e-06,-0.0733607
3.6776877e-06,-0.0795752
3.6777377e-06,-0.076468
3.6777877e-06,-0.0682282
3.6778377e-06,-0.0620137
3.6778877e-06,-0.0612924
3.6779377e-06,-0.0657036
3.6779877e-06,-0.0721123
3.6780377e-06,-0.0754692
3.6780877e-06,-0.0734717
3.6781377e-06,-0.0703089
3.6781877e-06,-0.0712522
3.6782377e-06,-0.0744982
3.6782877e-06,-0.0733607
3.6783377e-06,-0.0663139
3.6783877e-06,-0.0600994
3.6784377e-06,-0.0615143
3.6784877e-06,-0.0694212
3.6785377e-06,-0.0756911
3.6785877e-06,-0.0740543
3.6786377e-06,-0.0673682
3.6786877e-06,-0.0643441
3.6787377e-06,-0.0690605
3.6787877e-06,-0.0761628
3.6788377e-06,-0.0787429
3.6788877e-06,-0.0764402
3.6789377e-06,-0.0727226
3.6789877e-06,-0.0682837
3.6790377e-06,-0.0619305
3.6790877e-06,-0.0556883
3.6791377e-06,-0.054634
3.6791877e-06,-0.0604324
3.6792377e-06,-0.0680063
3.6792877e-06,-0.069976
3.6793377e-06,-0.06501
3.6793877e-06,-0.0593504
3.6794377e-06,-0.058962
3.6794877e-06,-0.0629015
3.6795377e-06,-0.0668133
3.6795877e-06,-0.0698928
3.6796377e-06,-0.0737214
3.6796877e-06,-0.0760518
3.6797377e-06,-0.0727226
3.6797877e-06,-0.0656758
3.6798377e-06,-0.0625686
3.6798877e-06,-0.0672572
3.6799377e-06,-0.0748034
3.6799877e-06,-0.0779383
3.6800377e-06,-0.0746924
3.6800877e-06,-0.0689773
3.6801377e-06,-0.0650655
3.6801877e-06,-0.0637061
3.6802377e-06,-0.0637893
3.6802877e-06,-0.0655649
3.6803377e-06,-0.0698928
3.6803877e-06,-0.0749698
3.6804377e-06,-0.076246
3.6804877e-06,-0.0708361
3.6805377e-06,-0.061015
3.6805877e-06,-0.0526088
3.6806377e-06,-0.0500286
3.6806877e-06,-0.0539127
3.6807377e-06,-0.0619305
3.6807877e-06,-0.0699483
3.6808377e-06,-0.0735827
3.6808877e-06,-0.0721677
3.6809377e-06,-0.0707251
3.6809877e-06,-0.0734994
3.6810377e-06,-0.0770783
3.6810877e-06,-0.0751085
3.6811377e-06,-0.0688108
3.6811877e-06,-0.0657868
3.6812377e-06,-0.0684502
3.6812877e-06,-0.071058
3.6813377e-06,-0.0689218
3.6813877e-06,-0.063817
3.6814377e-06,-0.0594891
3.6814877e-06,-0.0581019
3.6815377e-06,-0.0620137
3.6815877e-06,-0.0716129
3.6816377e-06,-0.0800468
3.6816877e-06,-0.0774112
3.6817377e-06,-0.0643719
3.6817877e-06,-0.0540237
3.6818377e-06,-0.056798
3.6818877e-06,-0.0689218
3.6819377e-06,-0.0792978
3.6819877e-06,-0.0817669
3.6820377e-06,-0.0778551
3.6820877e-06,-0.0725284
3.6821377e-06,-0.0708361
3.6821877e-06,-0.0741375
3.6822377e-06,-0.0776887
3.6822877e-06,-0.0751085
3.6823377e-06,-0.0666746
3.6823877e-06,-0.0597388
3.6824377e-06,-0.059933
3.6824877e-06,-0.0646216
3.6825377e-06,-0.0670907
3.6825877e-06,-0.0647603
3.6826377e-06,-0.061875
3.6826877e-06,-0.0637338
3.6827377e-06,-0.0698373
3.6827877e-06,-0.0744704
3.6828377e-06,-0.0743317
3.6828877e-06,-0.0726116
3.6829377e-06,-0.0736104
3.6829877e-06,-0.0759963
3.6830377e-06,-0.0758021
3.6830877e-06,-0.0728336
3.6831377e-06,-0.0706419
3.6831877e-06,-0.0711135
3.6832377e-06,-0.0727781
3.6832877e-06,-0.0725284
3.6833377e-06,-0.0679785
3.6833877e-06,-0.0600994
3.6834377e-06,-0.0544953
3.6834877e-06,-0.0568535
3.6835377e-06,-0.0649545
3.6835877e-06,-0.0700038
3.6836377e-06,-0.0683114
3.6836877e-06,-0.0661752
3.6837377e-06,-0.0686444
3.6837877e-06,-0.0706419
3.6838377e-06,-0.0667856
3.6838877e-06,-0.0634286
3.6839377e-06,-0.0700593
3.6839877e-06,-0.0824328
3.6840377e-06,-0.0866497
3.6840877e-06,-0.0786874
3.6841377e-06,-0.0686721
3.6841877e-06,-0.0649545
3.6842377e-06,-0.0654816
3.6842877e-06,-0.0665081
3.6843377e-06,-0.0693657
3.6843877e-06,-0.0739433
3.6844377e-06,-0.0734439
3.6844877e-06,-0.0640945
3.6845377e-06,-0.0543288
3.6845877e-06,-0.0554108
3.6846377e-06,-0.0658423
3.6846877e-06,-0.0735549
3.6847377e-06,-0.072029
3.6847877e-06,-0.0664526
3.6848377e-06,-0.0641499
3.6848877e-06,-0.0661752
3.6849377e-06,-0.0692824
3.6849877e-06,-0.0704754
3.6850377e-06,-0.0695599
3.6850877e-06,-0.0695876
3.6851377e-06,-0.074415
3.6851877e-06,-0.0822108
3.6852377e-06,-0.084347
3.6852877e-06,-0.0753305
3.6853377e-06,-0.0620415
3.6853877e-06,-0.0571864
3.6854377e-06,-0.0639557
3.6854877e-06,-0.0729168
3.6855377e-06,-0.0747201
3.6855877e-06,-0.070947
3.6856377e-06,-0.0689495
3.6856877e-06,-0.0709748
3.6857377e-06,-0.0721955
3.6857877e-06,-0.069116
3.6858377e-06,-0.0650932
3.6858877e-06,-0.0662584
3.6859377e-06,-0.0733884
3.6859877e-06,-0.0801301
3.6860377e-06,-0.0799359
3.6860877e-06,-0.0729168
3.6861377e-06,-0.0632622
3.6861877e-06,-0.0540514
3.6862377e-06,-0.0480034
3.6862877e-06,-0.0497789
3.6863377e-06,-0.0607375
3.6863877e-06,-0.0733607
3.6864377e-06,-0.0775777
3.6864877e-06,-0.0726949
3.6865377e-06,-0.0675069
3.6865877e-06,-0.0686998
3.6866377e-06,-0.0734439
3.6866877e-06,-0.0750253
3.6867377e-06,-0.0713909
3.6867877e-06,-0.0658423
3.6868377e-06,-0.0622634
3.6868877e-06,-0.0618473
3.6869377e-06,-0.0636506
3.6869877e-06,-0.0663417
3.6870377e-06,-0.0693657
3.6870877e-06,-0.0716684
3.6871377e-06,-0.0712522
3.6871877e-06,-0.067923
3.6872377e-06,-0.0659533
3.6872877e-06,-0.0693657
3.6873377e-06,-0.0748588
3.6873877e-06,-0.0749143
3.6874377e-06,-0.0689218
3.6874877e-06,-0.0646216
3.6875377e-06,-0.0667023
3.6875877e-06,-0.0703922
3.6876377e-06,-0.0707251
3.6876877e-06,-0.0710303
3.6877377e-06,-0.076468
3.6877877e-06,-0.0832096
3.6878377e-06,-0.0823218
3.6878877e-06,-0.0728058
3.6879377e-06,-0.0643719
3.6879877e-06,-0.0652042
3.6880377e-06,-0.0720845
3.6880877e-06,-0.0754415
3.6881377e-06,-0.0711135
3.6881877e-06,-0.0638725
3.6882377e-06,-0.0602659
3.6882877e-06,-0.060793
3.6883377e-06,-0.060793
3.6883877e-06,-0.0577135
3.6884377e-06,-0.0551056
3.6884877e-06,-0.0572419
3.6885377e-06,-0.0620415
3.6885877e-06,-0.0635119
3.6886377e-06,-0.0606266
3.6886877e-06,-0.0592116
3.6887377e-06,-0.0643441
3.6887877e-06,-0.0736659
3.6888377e-06,-0.0792423
3.6888877e-06,-0.0752472
3.6889377e-06,-0.0644274
3.6889877e-06,-0.0557715
3.6890377e-06,-0.0554663
3.6890877e-06,-0.061015
3.6891377e-06,-0.0653706
3.6891877e-06,-0.0653152
3.6892377e-06,-0.0637893
3.6892877e-06,-0.06501
3.6893377e-06,-0.0690882
3.6893877e-06,-0.0720845
3.6894377e-06,-0.0708083
3.6894877e-06,-0.066092
3.6895377e-06,-0.0614311
3.6895877e-06,-0.0584903
3.6896377e-06,-0.0560489
3.6896877e-06,-0.0531081
3.6897377e-06,-0.0510551
3.6897877e-06,-0.051721
3.6898377e-06,-0.0544676
3.6898877e-06,-0.0571586
3.6899377e-06,-0.05874
3.6899877e-06,-0.0596555
3.6900377e-06,-0.0598497
3.6900877e-06,-0.059711
3.6901377e-06,-0.0612924
3.6901877e-06,-0.0660365
3.6902377e-06,-0.070947
3.6902877e-06,-0.070947
3.6903377e-06,-0.0657036
3.6903877e-06,-0.0607098
3.6904377e-06,-0.0602659
3.6904877e-06,-0.0630125
3.6905377e-06,-0.06587
3.6905877e-06,-0.0686721
3.6906377e-06,-0.0724729
3.6906877e-06,-0.0754137
3.6907377e-06,-0.0743872
3.6907877e-06,-0.0691992
3.6908377e-06,-0.0633731
3.6908877e-06,-0.0608208
3.6909377e-06,-0.0625686
3.6909877e-06,-0.0662307
3.6910377e-06,-0.0687276
3.6910877e-06,-0.0687276
3.6911377e-06,-0.0661197
3.6911877e-06,-0.0608762
3.6912377e-06,-0.0565206
3.6912877e-06,-0.0602104
3.6913377e-06,-0.0731388
3.6913877e-06,-0.0836257
3.6914377e-06,-0.0801023
3.6914877e-06,-0.0677566
3.6915377e-06,-0.0622357
3.6915877e-06,-0.0678121
3.6916377e-06,-0.0740265
3.6916877e-06,-0.0738046
3.6917377e-06,-0.0719458
3.6917877e-06,-0.0730278
3.6918377e-06,-0.0727504
3.6918877e-06,-0.0675624
3.6919377e-06,-0.0639557
3.6919877e-06,-0.0690328
3.6920377e-06,-0.0776054
3.6920877e-06,-0.0781603
3.6921377e-06,-0.0696154
3.6921877e-06,-0.0632622
3.6922377e-06,-0.0661752
3.6922877e-06,-0.0721955
3.6923377e-06,-0.07214
3.6923877e-06,-0.0662029
3.6924377e-06,-0.0611537
3.6924877e-06,-0.0608485
3.6925377e-06,-0.0645938
3.6925877e-06,-0.0700038
3.6926377e-06,-0.0734994
3.6926877e-06,-0.0711135
3.6927377e-06,-0.0635951
3.6927877e-06,-0.0577967
3.6928377e-06,-0.0585736
3.6928877e-06,-0.0622634
3.6929377e-06,-0.061764
3.6929877e-06,-0.0567702
3.6930377e-06,-0.0542733
3.6930877e-06,-0.0587955
3.6931377e-06,-0.0657868
3.6931877e-06,-0.0675346
3.6932377e-06,-0.063068
3.6932877e-06,-0.0584071
3.6933377e-06,-0.0578522
3.6933877e-06,-0.0590729
3.6934377e-06,-0.0593504
3.6934877e-06,-0.0609872
3.6935377e-06,-0.0657868
3.6935877e-06,-0.0687831
3.6936377e-06,-0.064899
3.6936877e-06,-0.0584626
3.6937377e-06,-0.0589342
3.6937877e-06,-0.0670352
3.6938377e-06,-0.0721955
3.6938877e-06,-0.0667301
3.6939377e-06,-0.0568257
3.6939877e-06,-0.0545785
3.6940377e-06,-0.0629015
3.6940877e-06,-0.0731665
3.6941377e-06,-0.0769118
3.6941877e-06,-0.0738601
3.6942377e-06,-0.0690328
3.6942877e-06,-0.0663972
3.6943377e-06,-0.0665359
3.6943877e-06,-0.0673959
3.6944377e-06,-0.0664804
3.6944877e-06,-0.0637338
3.6945377e-06,-0.0622634
3.6945877e-06,-0.0641499
3.6946377e-06,-0.0672849
3.6946877e-06,-0.0686444
3.6947377e-06,-0.0691437
3.6947877e-06,-0.071169
3.6948377e-06,-0.0725839
3.6948877e-06,-0.0686721
3.6949377e-06,-0.0607653
3.6949877e-06,-0.0569644
3.6950377e-06,-0.0611537
3.6950877e-06,-0.0670352
3.6951377e-06,-0.0672017
3.6951877e-06,-0.0634841
3.6952377e-06,-0.0626796
3.6952877e-06,-0.0655649
3.6953377e-06,-0.067174
3.6953877e-06,-0.0655926
3.6954377e-06,-0.0642609
3.6954877e-06,-0.0654816
3.6955377e-06,-0.0670075
3.6955877e-06,-0.0661197
3.6956377e-06,-0.0631234
3.6956877e-06,-0.0606266
3.6957377e-06,-0.0613479
3.6957877e-06,-0.06587
3.6958377e-06,-0.0708361
3.6958877e-06,-0.0706696
3.6959377e-06,-0.0642887
3.6959877e-06,-0.0585458
3.6960377e-06,-0.0610982
3.6960877e-06,-0.0700315
3.6961377e-06,-0.0754137
3.6961877e-06,-0.0716129
3.6962377e-06,-0.0632899
3.6962877e-06,-0.058629
3.6963377e-06,-0.0602659
3.6963877e-06,-0.0643996
3.6964377e-06,-0.0662029
3.6964877e-06,-0.0648435
3.6965377e-06,-0.0641222
3.6965877e-06,-0.0680063
3.6966377e-06,-0.0746924
3.6966877e-06,-0.0767731
3.6967377e-06,-0.0703367
3.6967877e-06,-0.0623466
3.6968377e-06,-0.0631512
3.6968877e-06,-0.0713354
3.6969377e-06,-0.0736381
3.6969877e-06,-0.0632899
3.6970377e-06,-0.0512771
3.6970877e-06,-0.052692
3.6971377e-06,-0.0672294
3.6971877e-06,-0.080463
3.6972377e-06,-0.0823495
3.6972877e-06,-0.0765789
3.6973377e-06,-0.0716961
3.6973877e-06,-0.0701425
3.6974377e-06,-0.0693102
3.6974877e-06,-0.0681172
3.6975377e-06,-0.0674237
3.6975877e-06,-0.0657868
3.6976377e-06,-0.0608208
3.6976877e-06,-0.0552444
3.6977377e-06,-0.0563818
3.6977877e-06,-0.0663694
3.6978377e-06,-0.0767176
3.6978877e-06,-0.0779938
3.6979377e-06,-0.0723897
3.6979877e-06,-0.0711412
3.6980377e-06,-0.0790481
3.6980877e-06,-0.0873156
3.6981377e-06,-0.0843193
3.6981877e-06,-0.0704199
3.6982377e-06,-0.0572974
3.6982877e-06,-0.0546895
3.6983377e-06,-0.0612092
3.6983877e-06,-0.0682282
3.6984377e-06,-0.0695599
3.6984877e-06,-0.0672017
3.6985377e-06,-0.0674791
3.6985877e-06,-0.0719458
3.6986377e-06,-0.0744427
3.6986877e-06,-0.0694489
3.6987377e-06,-0.0612092
3.6987877e-06,-0.059711
3.6988377e-06,-0.0678121
3.6988877e-06,-0.0764957
3.6989377e-06,-0.0751085
3.6989877e-06,-0.0642609
3.6990377e-06,-0.0560489
3.6990877e-06,-0.0601272
3.6991377e-06,-0.0714187
3.6991877e-06,-0.0751918
3.6992377e-06,-0.0655649
3.6992877e-06,-0.053663
3.6993377e-06,-0.0529417
3.6993877e-06,-0.0612924
3.6994377e-06,-0.0653706
3.6994877e-06,-0.0611814
3.6995377e-06,-0.0595446
3.6995877e-06,-0.0681172
3.6996377e-06,-0.0776887
3.6996877e-06,-0.0747201
3.6997377e-06,-0.0620969
3.6997877e-06,-0.0562154
3.6998377e-06,-0.0640945
3.6998877e-06,-0.0739711
3.6999377e-06,-0.073333
3.6999877e-06,-0.0665914
3.7000377e-06,-0.0663139
3.7000877e-06,-0.0733052
3.7001377e-06,-0.076357
3.7001877e-06,-0.0695599
3.7002377e-06,-0.0605156
3.7002877e-06,-0.0591007
3.7003377e-06,-0.0661475
3.7003877e-06,-0.0751085
3.7004377e-06,-0.0797971
3.7004877e-06,-0.0784377
3.7005377e-06,-0.0734439
3.7005877e-06,-0.0688386
3.7006377e-06,-0.066952
3.7006877e-06,-0.0676733
3.7007377e-06,-0.0698651
3.7007877e-06,-0.0713632
3.7008377e-06,-0.0690605
3.7008877e-06,-0.062957
3.7009377e-06,-0.0594613
3.7009877e-06,-0.0642609
3.7010377e-06,-0.0727226
3.7010877e-06,-0.0738878
3.7011377e-06,-0.0644829
3.7011877e-06,-0.0529417
3.7012377e-06,-0.0484195
3.7012877e-06,-0.0513881
3.7013377e-06,-0.0572696
3.7013877e-06,-0.0633731
3.7014377e-06,-0.0684224
3.7014877e-06,-0.0699205
3.7015377e-06,-0.0671462
3.7015877e-06,-0.0640112
3.7016377e-06,-0.0642887
3.7016877e-06,-0.0654539
3.7017377e-06,-0.0625963
3.7017877e-06,-0.056576
3.7018377e-06,-0.0529417
3.7018877e-06,-0.0533578
3.7019377e-06,-0.0542456
3.7019877e-06,-0.0543566
3.7020377e-06,-0.0569367
3.7020877e-06,-0.0627628
3.7021377e-06,-0.0666191
3.7021877e-06,-0.0636783
3.7022377e-06,-0.0564096
3.7022877e-06,-0.0521371
3.7023377e-06,-0.0551056
3.7023877e-06,-0.0616531
3.7024377e-06,-0.0644551
3.7024877e-06,-0.0606266
3.7025377e-06,-0.0557437
3.7025877e-06,-0.0572696
3.7026377e-06,-0.0652597
3.7026877e-06,-0.07128
3.7027377e-06,-0.0677288
3.7027877e-06,-0.0573528
3.7028377e-06,-0.0518042
3.7028877e-06,-0.0591562
3.7029377e-06,-0.0738878
3.7029877e-06,-0.0825992
3.7030377e-06,-0.0790481
3.7030877e-06,-0.070087
3.7031377e-06,-0.06587
3.7031877e-06,-0.0679785
3.7032377e-06,-0.0702535
3.7032877e-06,-0.0680617
3.7033377e-06,-0.0626796
3.7033877e-06,-0.05788
3.7034377e-06,-0.056798
3.7034877e-06,-0.0615143
3.7035377e-06,-0.0701147
3.7035877e-06,-0.0751918
3.7036377e-06,-0.0712522
3.7036877e-06,-0.0633176
3.7037377e-06,-0.0608485
3.7037877e-06,-0.0635119
3.7038377e-06,-0.0615143
3.7038877e-06,-0.0516377
3.7039377e-06,-0.0439251
3.7039877e-06,-0.0487524
3.7040377e-06,-0.062735
3.7040877e-06,-0.0724452
3.7041377e-06,-0.0700593
3.7041877e-06,-0.0609317
3.7042377e-06,-0.0552998
3.7042877e-06,-0.0564096
3.7043377e-06,-0.0587955
3.7043877e-06,-0.0571864
3.7044377e-06,-0.0538572
3.7044877e-06,-0.054634
3.7045377e-06,-0.0592949
3.7045877e-06,-0.0603769
3.7046377e-06,-0.0533301
3.7046877e-06,-0.0448961
3.7047377e-06,-0.0460613
3.7047877e-06,-0.0574083
3.7048377e-06,-0.0665359
3.7048877e-06,-0.063068
3.7049377e-06,-0.0515545
3.7049877e-06,-0.0455065
3.7050377e-06,-0.0513326
3.7050877e-06,-0.0625686
3.7051377e-06,-0.0693379
3.7051877e-06,-0.0691992
3.7052377e-06,-0.0663972
3.7052877e-06,-0.0644829
3.7053377e-06,-0.063068
3.7053877e-06,-0.0614034
3.7054377e-06,-0.0609317
3.7054877e-06,-0.0630125
3.7055377e-06,-0.0664804
3.7055877e-06,-0.069005
3.7056377e-06,-0.0696709
3.7056877e-06,-0.0692824
3.7057377e-06,-0.069227
3.7057877e-06,-0.070198
3.7058377e-06,-0.0715574
3.7058877e-06,-0.071058
3.7059377e-06,-0.0671462
3.7059877e-06,-0.0620969
3.7060377e-06,-0.0609317
3.7060877e-06,-0.0656203
3.7061377e-06,-0.0713909
3.7061877e-06,-0.0713632
3.7062377e-06,-0.0645661
3.7062877e-06,-0.0577967
3.7063377e-06,-0.0571586
3.7063877e-06,-0.0599052
3.7064377e-06,-0.0593226
3.7064877e-06,-0.0560489
3.7065377e-06,-0.0574638
3.7065877e-06,-0.0653152
3.7066377e-06,-0.07214
3.7066877e-06,-0.0723342
3.7067377e-06,-0.0689773
3.7067877e-06,-0.0670075
3.7068377e-06,-0.0653429
3.7068877e-06,-0.0608208
3.7069377e-06,-0.0553831
3.7069877e-06,-0.0550224
3.7070377e-06,-0.0615698
3.7070877e-06,-0.069227
3.7071377e-06,-0.0705864
3.7071877e-06,-0.06501
3.7072377e-06,-0.0597665
3.7072877e-06,-0.0619027
3.7073377e-06,-0.0695044
3.7073877e-06,-0.0729723
3.7074377e-06,-0.0660087
3.7074877e-06,-0.0539404
3.7075377e-06,-0.0481421
3.7075877e-06,-0.0531914
3.7076377e-06,-0.0625408
3.7076877e-06,-0.0668133
3.7077377e-06,-0.0631512
3.7077877e-06,-0.0564373
3.7078377e-06,-0.054523
3.7078877e-06,-0.0616808
3.7079377e-06,-0.0739988
3.7079877e-06,-0.0809624
3.7080377e-06,-0.0756911
3.7080877e-06,-0.0637338
3.7081377e-06,-0.0586845
3.7081877e-06,-0.066841
3.7082377e-06,-0.0794087
3.7082877e-06,-0.0825992
3.7083377e-06,-0.0736659
3.7083877e-06,-0.0623744
3.7084377e-06,-0.057658
3.7084877e-06,-0.0594336
3.7085377e-06,-0.0642609
3.7085877e-06,-0.0707528
3.7086377e-06,-0.0760795
3.7086877e-06,-0.0747201
3.7087377e-06,-0.0664526
3.7087877e-06,-0.0599607
3.7088377e-06,-0.0623466
3.7088877e-06,-0.0690328
3.7089377e-06,-0.0698651
3.7089877e-06,-0.0623744
3.7090377e-06,-0.0543288
3.7090877e-06,-0.0538572
3.7091377e-06,-0.0603491
3.7091877e-06,-0.0658423
3.7092377e-06,-0.0641499
3.7092877e-06,-0.0581297
3.7093377e-06,-0.0562986
3.7093877e-06,-0.0620969
3.7094377e-06,-0.0693102
3.7094877e-06,-0.0703644
3.7095377e-06,-0.0662029
3.7095877e-06,-0.0641499
3.7096377e-06,-0.0672017
3.7096877e-06,-0.0697541
3.7097377e-06,-0.0659255
3.7097877e-06,-0.0581297
3.7098377e-06,-0.0547727
3.7098877e-06,-0.0600717
3.7099377e-06,-0.0685889
3.7099877e-06,-0.0713354
3.7100377e-06,-0.0664249
3.7100877e-06,-0.0615143
3.7101377e-06,-0.0630125
3.7101877e-06,-0.0665914
3.7102377e-06,-0.0637615
3.7102877e-06,-0.0561044
3.7103377e-06,-0.0549947
3.7103877e-06,-0.064899
3.7104377e-06,-0.0749976
3.7104877e-06,-0.0725007
3.7105377e-06,-0.0601827
3.7105877e-06,-0.0528862
3.7106377e-06,-0.0585736
3.7106877e-06,-0.0694212
3.7107377e-06,-0.0732497
3.7107877e-06,-0.0678398
3.7108377e-06,-0.0611537
3.7108877e-06,-0.0605711
3.7109377e-06,-0.0646771
3.7109877e-06,-0.0658145
3.7110377e-06,-0.0595446
3.7110877e-06,-0.050528
3.7111377e-06,-0.0474208
3.7111877e-06,-0.0528584
3.7112377e-06,-0.0606266
3.7112877e-06,-0.062957
3.7113377e-06,-0.0592116
3.7113877e-06,-0.0554941
3.7114377e-06,-0.0570754
3.7114877e-06,-0.0627073
3.7115377e-06,-0.066841
3.7115877e-06,-0.0666468
3.7116377e-06,-0.0651487
3.7116877e-06,-0.065981
3.7117377e-06,-0.0670075
3.7117877e-06,-0.0627628
3.7118377e-06,-0.0545785
3.7118877e-06,-0.0521371
3.7119377e-06,-0.0605433
3.7119877e-06,-0.0704477
3.7120377e-06,-0.0695876
